1 9.31323e-10 -3.63798e-12 0 -9.31323e-10 1 -4.65661e-10 7.45058e-09 -1.81899e-11 -9.31323e-10 1 0
1 -9.80012e-05 0.000548853 0.00275804 9.78969e-05 1 0.000192499 -0.0111924 -0.000548872 -0.000192446 1 0.232775
1 0.000269168 0.000363768 -0.00496013 -0.000269293 1 0.000342934 -0.0173987 -0.000363676 -0.000343034 1 0.560105
1 0.000154768 0.000582239 -0.0048065 -0.000154804 1 6.318e-05 -0.0262732 -0.000582229 -6.32699e-05 1 0.928578
0.999999 0.000128808 0.0014546 -0.00987636 -0.000128608 1 -0.000138036 -0.0347319 -0.00145462 0.000137849 0.999999 1.23954
1 -9.22419e-05 0.00096411 -0.0175358 9.22084e-05 1 3.31537e-05 -0.0416856 -0.000964113 -3.30647e-05 1 1.61418
0.999999 -0.000307914 0.00148633 -0.0170644 0.000307861 1 3.56212e-05 -0.0490784 -0.00148634 -3.51644e-05 0.999999 1.92984
0.999999 -5.71124e-05 0.00149416 -0.0198781 5.75064e-05 1 -0.000263959 -0.0548569 -0.00149415 0.000264043 0.999999 2.25245
0.999999 0.000135542 0.00117657 -0.0281749 -0.000135466 1 -6.45425e-05 -0.0624595 -0.00117657 6.43833e-05 0.999999 2.59218
1 0.000594853 0.000696293 -0.0287357 -0.000594831 1 -3.30759e-05 -0.0680979 -0.000696312 3.26606e-05 1 2.92009
1 0.000720664 0.000510452 -0.0306386 -0.000720694 1 5.86067e-05 -0.077363 -0.000510409 -5.89765e-05 1 3.28525
1 0.000467073 -0.000160799 -0.0319712 -0.000467022 1 0.000324042 -0.0831831 0.00016095 -0.000323968 1 3.60622
1 0.000150139 -0.00024026 -0.040871 -0.00014999 1 0.000616292 -0.0888001 0.000240352 -0.000616257 1 3.92097
1 -2.49492e-05 -0.000465182 -0.0409185 2.51392e-05 1 0.000410339 -0.0962808 0.000465172 -0.000410351 1 4.24773
1 -6.04056e-06 -0.00107098 -0.0441876 6.11693e-06 1 7.13533e-05 -0.104101 0.00107098 -7.13603e-05 1 4.57501
0.999999 8.10688e-05 -0.00130672 -0.0495393 -8.09226e-05 1 0.000112237 -0.109721 0.00130673 -0.000112131 0.999999 4.87625
0.999999 0.000796828 -0.00156536 -0.050541 -0.00079664 1 0.000120613 -0.115069 0.00156545 -0.000119366 0.999999 5.194
0.999997 0.00109536 -0.00240077 -0.0571808 -0.00109489 0.999999 0.000197721 -0.122743 0.00240098 -0.000195092 0.999997 5.49424
0.999997 0.000878815 -0.00238712 -0.0561649 -0.000878063 1 0.000315877 -0.126875 0.0023874 -0.00031378 0.999997 5.8038
0.999997 0.00104795 -0.00237447 -0.0610666 -0.0010478 0.999999 6.36955e-05 -0.134659 0.00237454 -6.1207e-05 0.999997 6.10708
0.999997 0.000790413 -0.00249244 -0.0654828 -0.000790501 1 -3.37921e-05 -0.140581 0.00249241 3.57609e-05 0.999997 6.40048
0.999996 0.000869038 -0.00276273 -0.0668737 -0.00086893 1 4.04762e-05 -0.145123 0.00276277 -3.80762e-05 0.999996 6.6925
0.999996 0.000642451 -0.00277652 -0.0721664 -0.000642955 1 -0.000180976 -0.151366 0.00277641 0.000182759 0.999996 6.98782
0.999997 0.000738588 -0.00243866 -0.0741063 -0.000738941 1 -0.000143262 -0.158155 0.00243855 0.000145062 0.999997 7.25833
0.999996 0.000871174 -0.00260525 -0.0728105 -0.000870972 1 7.79522e-05 -0.163913 0.00260532 -7.56839e-05 0.999997 7.56044
0.999996 0.00104929 -0.0028091 -0.0778406 -0.00104775 0.999999 0.000551419 -0.168881 0.00280968 -0.000548473 0.999996 7.83846
0.999995 0.00147857 -0.00274659 -0.0868354 -0.0014772 0.999999 0.000499125 -0.17386 0.00274732 -0.000495066 0.999996 8.12297
0.999995 0.00179726 -0.00265466 -0.0889293 -0.00179625 0.999998 0.000386145 -0.179185 0.00265535 -0.000381375 0.999996 8.39787
0.999995 0.00207562 -0.00252491 -0.0893108 -0.00207399 0.999998 0.000648438 -0.184541 0.00252625 -0.0006432 0.999997 8.67209
0.999995 0.00170544 -0.00267611 -0.0917253 -0.00170282 0.999998 0.000983218 -0.189719 0.00267778 -0.000978657 0.999996 8.93479
0.999996 0.0015015 -0.00223198 -0.0975002 -0.00149967 0.999999 0.000820111 -0.19655 0.00223321 -0.000816761 0.999997 9.19398
0.999997 0.00121628 -0.00194633 -0.099484 -0.00121489 0.999999 0.000711372 -0.202165 0.00194719 -0.000709007 0.999998 9.46174
0.999997 0.00149582 -0.00192607 -0.100482 -0.0014942 0.999999 0.000841771 -0.207018 0.00192732 -0.000838892 0.999998 9.72857
0.999997 0.00172001 -0.00203381 -0.10596 -0.0017186 0.999998 0.000698215 -0.211231 0.002035 -0.000694718 0.999998 9.98294
0.999996 0.00205513 -0.00179235 -0.109107 -0.00205566 0.999998 -0.000293299 -0.216239 0.00179175 0.000296981 0.999998 10.2383
0.999996 0.00197373 -0.00204691 -0.108875 -0.00197579 0.999998 -0.0010017 -0.222047 0.00204493 0.00100574 0.999997 10.5088
0.999997 0.00162358 -0.00188156 -0.119419 -0.00162639 0.999998 -0.00149601 -0.225925 0.00187913 0.00149907 0.999997 10.7765
0.999996 0.00167975 -0.00209989 -0.121815 -0.00168354 0.999997 -0.00180582 -0.230883 0.00209685 0.00180935 0.999996 11.0644
0.999995 0.00177923 -0.00249766 -0.125384 -0.00178427 0.999996 -0.00201327 -0.234896 0.00249407 0.00201771 0.999995 11.3363
0.999994 0.00178389 -0.00287405 -0.127009 -0.00179056 0.999996 -0.00232085 -0.240503 0.00286989 0.00232598 0.999993 11.6231
0.999993 0.00172994 -0.00329786 -0.127217 -0.00173863 0.999995 -0.00263668 -0.245932 0.00329328 0.00264239 0.999991 11.9148
0.999991 0.00144619 -0.00409646 -0.132374 -0.00145847 0.999995 -0.002996 -0.25219 0.0040921 0.00300194 0.999987 12.2142
0.999986 0.00153846 -0.00498924 -0.139749 -0.00155422 0.999994 -0.0031565 -0.25775 0.00498435 0.00316421 0.999983 12.5217
0.99998 0.00203927 -0.00600527 -0.146725 -0.00206048 0.999992 -0.00352803 -0.262798 0.00599802 0.00354033 0.999976 12.854
0.999976 0.00208163 -0.00655182 -0.155386 -0.0021077 0.99999 -0.00397453 -0.268666 0.00654348 0.00398824 0.999971 13.2045
0.999971 0.00191446 -0.00736884 -0.157351 -0.00194618 0.999989 -0.00430009 -0.275873 0.00736052 0.0043143 0.999964 13.5453
0.999964 0.00208186 -0.0082083 -0.161598 -0.00212161 0.999986 -0.00483623 -0.282368 0.00819811 0.00485348 0.999955 13.9137
0.999959 0.00227363 -0.00880756 -0.170795 -0.00231703 0.999985 -0.00492031 -0.288242 0.00879624 0.00494051 0.999949 14.2926
0.999958 0.00189772 -0.0090119 -0.183348 -0.00194313 0.999986 -0.00503246 -0.293768 0.00900221 0.00504976 0.999947 14.6816
0.999957 0.00165759 -0.00912668 -0.194096 -0.00170421 0.999986 -0.00510335 -0.302918 0.00911809 0.00511868 0.999945 15.0913
0.999952 0.00200229 -0.00962244 -0.199494 -0.00205278 0.999984 -0.00524035 -0.309742 0.00961179 0.00525985 0.99994 15.4921
0.999953 0.00237641 -0.00943014 -0.205933 -0.00242786 0.999982 -0.00544802 -0.316248 0.00941703 0.00547066 0.999941 15.9339
0.999953 0.00215723 -0.00944273 -0.215187 -0.0022083 0.999983 -0.00540149 -0.326153 0.00943092 0.00542209 0.999941 16.3928
0.999952 0.00198226 -0.00959402 -0.222953 -0.00203738 0.999982 -0.00573888 -0.334056 0.00958247 0.00575815 0.999938 16.8386
0.999952 0.00184923 -0.00965692 -0.226459 -0.00190628 0.999981 -0.00590183 -0.34272 0.00964582 0.00591995 0.999936 17.3238
0.999957 0.00178063 -0.00907397 -0.240553 -0.00183541 0.99998 -0.00603296 -0.351997 0.00906305 0.00604936 0.999941 17.824
0.999952 0.00230814 -0.00957592 -0.249657 -0.00236727 0.999978 -0.00616842 -0.359762 0.00956148 0.00619079 0.999935 18.3229
0.999951 0.00266941 -0.00954303 -0.26116 -0.00273123 0.999975 -0.00647143 -0.36791 0.00952552 0.00649717 0.999934 18.8409
0.999955 0.00241609 -0.00921261 -0.261751 -0.00247805 0.999974 -0.00672008 -0.379723 0.00919613 0.0067426 0.999935 19.3735
0.999953 0.00229272 -0.00939225 -0.274917 -0.00235348 0.999976 -0.00646375 -0.389564 0.00937721 0.00648555 0.999935 19.9239
0.999954 0.0021183 -0.00932079 -0.286131 -0.00217354 0.99998 -0.00592072 -0.399932 0.00930806 0.00594071 0.999939 20.4789
0.999951 0.00206769 -0.00973707 -0.29466 -0.00212181 0.999982 -0.00555137 -0.40895 0.00972542 0.00557175 0.999937 21.0493
0.999958 0.00249113 -0.00886887 -0.304271 -0.00253881 0.999982 -0.00536915 -0.420321 0.00885534 0.00539144 0.999946 21.6207
0.999952 0.00289721 -0.00934798 -0.316111 -0.00293392 0.999988 -0.00391586 -0.430631 0.00933653 0.0039431 0.999949 22.2295
0.999952 0.00230142 -0.00954297 -0.325521 -0.00231889 0.999996 -0.00181984 -0.441859 0.00953873 0.00184188 0.999953 22.8421
0.999952 0.00201007 -0.00954748 -0.336384 -0.00200554 0.999998 0.000484167 -0.453638 0.00954843 -0.000464996 0.999954 23.4554
0.999951 0.00185042 -0.0097096 -0.338199 -0.00182816 0.999996 0.00230118 -0.464404 0.00971381 -0.00228332 0.99995 24.0626
0.99995 0.0018683 -0.00983142 -0.352745 -0.00183458 0.999992 0.00343707 -0.473843 0.00983777 -0.00341887 0.999946 24.6591
0.99995 0.00215079 -0.00980338 -0.361211 -0.00211164 0.99999 0.00400272 -0.482907 0.00981189 -0.00398182 0.999944 25.2585
0.999944 0.00215939 -0.0103861 -0.376549 -0.00211803 0.99999 0.00399218 -0.49225 0.0103946 -0.00396996 0.999938 25.8695
0.99994 0.00193273 -0.0107999 -0.391502 -0.00188585 0.999989 0.00434873 -0.500273 0.0108082 -0.0043281 0.999932 26.468
0.999939 0.00180708 -0.0109225 -0.396886 -0.00175838 0.999989 0.00446684 -0.510121 0.0109305 -0.00444736 0.99993 27.0738
0.999941 0.00219177 -0.0106546 -0.405998 -0.00213976 0.999986 0.00489069 -0.518015 0.0106652 -0.0048676 0.999931 27.6736
0.999927 0.00251421 -0.0117991 -0.420215 -0.00245311 0.999984 0.0051901 -0.524979 0.0118119 -0.00516078 0.999917 28.2625
0.99993 0.00230957 -0.0115861 -0.432252 -0.00225051 0.999985 0.00510782 -0.53398 0.0115977 -0.00508139 0.99992 28.8501
0.99993 0.00189313 -0.0117238 -0.448997 -0.001832 0.999985 0.00522315 -0.543445 0.0117335 -0.0052013 0.999918 29.4319
0.999916 0.00258197 -0.0126661 -0.460104 -0.0025101 0.999981 0.0056866 -0.549292 0.0126806 -0.00565433 0.999904 30.0235
0.999914 0.00252411 -0.0128787 -0.474587 -0.0024503 0.999981 0.00574379 -0.557867 0.012893 -0.00571174 0.999901 30.609
0.999914 0.00281576 -0.0128421 -0.48612 -0.00274432 0.999981 0.00557738 -0.566534 0.0128575 -0.00554166 0.999902 31.1849
0.999908 0.00288316 -0.0132803 -0.504965 -0.00280358 0.999978 0.00600657 -0.574527 0.0132973 -0.00596879 0.999894 31.7667
0.999902 0.00269864 -0.0137386 -0.512844 -0.00261662 0.999979 0.00598413 -0.582237 0.0137545 -0.00594759 0.999888 32.3242
0.999901 0.00232378 -0.0138916 -0.527492 -0.00225084 0.999984 0.00526398 -0.591016 0.0139036 -0.0052322 0.99989 32.8793
0.999904 0.00243166 -0.013628 -0.542297 -0.00236807 0.999986 0.0046807 -0.599388 0.0136392 -0.00464798 0.999896 33.4548
0.999893 0.00248148 -0.0144039 -0.545912 -0.00241818 0.999987 0.00441013 -0.606317 0.0144147 -0.00437483 0.999887 34.0193
0.999891 0.00198982 -0.0146212 -0.560204 -0.00193235 0.99999 0.00394328 -0.616021 0.0146289 -0.0039146 0.999885 34.5596
0.999888 0.00229806 -0.0147891 -0.576411 -0.00224547 0.999991 0.00357158 -0.625167 0.0147972 -0.00353797 0.999884 35.1315
0.999889 0.00241632 -0.0146899 -0.595584 -0.00235924 0.99999 0.00390191 -0.633765 0.0146992 -0.00386682 0.999885 35.6785
0.999887 0.00264368 -0.0147888 -0.602674 -0.00258634 0.999989 0.00389473 -0.641317 0.014799 -0.00385604 0.999883 36.2347
0.999886 0.00214353 -0.0149542 -0.615861 -0.00208865 0.999991 0.00368478 -0.651039 0.0149619 -0.00365312 0.999881 36.792
0.999895 0.00209234 -0.0143606 -0.624452 -0.00204327 0.999992 0.00343074 -0.661856 0.0143677 -0.00340104 0.999891 37.3259
0.999897 0.00232129 -0.0141414 -0.628653 -0.00227454 0.999992 0.00332127 -0.670318 0.014149 -0.00328876 0.999895 37.9023
0.999886 0.00232953 -0.0149452 -0.647245 -0.00228058 0.999992 0.00329159 -0.678096 0.0149528 -0.00325713 0.999883 38.4397
0.999897 0.00223762 -0.0141514 -0.658232 -0.0021865 0.999991 0.00362653 -0.68648 0.0141594 -0.00359521 0.999893 38.9672
0.999893 0.00263676 -0.0144202 -0.671253 -0.00258023 0.999989 0.00393732 -0.694898 0.0144304 -0.00389969 0.999888 39.5225
0.999898 0.00241651 -0.0140655 -0.680266 -0.00235622 0.999988 0.00430146 -0.703423 0.0140757 -0.00426788 0.999892 40.0805
0.999901 0.00236584 -0.0138907 -0.693528 -0.00230862 0.999989 0.00413392 -0.713112 0.0139003 -0.00410144 0.999895 40.6081
0.999908 0.00205399 -0.0134297 -0.707022 -0.00199629 0.999989 0.00430841 -0.721481 0.0134384 -0.0042812 0.999901 41.1609
0.999899 0.00199377 -0.0140536 -0.714001 -0.00193283 0.999989 0.00434832 -0.729477 0.0140621 -0.00432072 0.999892 41.6824
0.999901 0.00242085 -0.0138762 -0.72599 -0.00236432 0.999989 0.0040882 -0.736298 0.0138859 -0.00405498 0.999896 42.2171
0.999904 0.00256492 -0.0136066 -0.737095 -0.00250624 0.999988 0.00432786 -0.74317 0.0136175 -0.00429335 0.999898 42.736
0.999911 0.00226271 -0.0131843 -0.751864 -0.00219905 0.999986 0.0048412 -0.75015 0.0131951 -0.00481177 0.999901 43.2519
0.999902 0.00230706 -0.0137938 -0.758971 -0.00223707 0.999985 0.00508737 -0.758241 0.0138053 -0.00505602 0.999892 43.7798
0.999908 0.000987433 -0.0135323 -0.782169 -0.00091532 0.999985 0.00533417 -0.76712 0.0135374 -0.0053213 0.999894 44.3009
0.9999 0.00104952 -0.0140733 -0.791166 -0.000969726 0.999983 0.00567584 -0.775004 0.014079 -0.00566163 0.999885 44.824
0.999897 0.0012922 -0.014317 -0.809387 -0.00120445 0.999981 0.00613575 -0.781618 0.0143246 -0.00611787 0.999879 45.365
0.99989 0.00135794 -0.0147516 -0.824822 -0.0012684 0.999981 0.00607752 -0.788037 0.0147596 -0.00605814 0.999873 45.8545
0.999889 0.00132675 -0.0148385 -0.836789 -0.0012378 0.999981 0.00600245 -0.794949 0.0148462 -0.00598342 0.999872 46.3634
0.999876 0.000876114 -0.0157391 -0.853313 -0.000772301 0.999978 0.00660059 -0.802618 0.0157445 -0.00658761 0.999854 46.8899
0.999857 0.000789629 -0.0169193 -0.859388 -0.000670867 0.999975 0.00702382 -0.809096 0.0169244 -0.00701146 0.999832 47.3887
0.999852 0.00137994 -0.017179 -0.867159 -0.0012555 0.999973 0.00725274 -0.815576 0.0171885 -0.0072301 0.999826 47.8781
0.999835 0.000682436 -0.0181551 -0.892951 -0.000556061 0.999976 0.006965 -0.821478 0.0181594 -0.00695375 0.999811 48.4066
0.999822 0.000469684 -0.0188658 -0.914904 -0.000334046 0.999974 0.0071922 -0.829141 0.0188687 -0.00718462 0.999796 48.9038
0.999799 0.00115085 -0.0199955 -0.920194 -0.00100154 0.999972 0.00747576 -0.833548 0.0200036 -0.00745423 0.999772 49.3846
0.99977 0.00116727 -0.021431 -0.933829 -0.00100037 0.999969 0.00779675 -0.840163 0.0214395 -0.00777352 0.99974 49.867
0.999763 0.000895934 -0.0217675 -0.947923 -0.000730854 0.999971 0.0075905 -0.847234 0.0217737 -0.00757279 0.999734 50.362
0.999738 0.00108469 -0.022844 -0.961549 -0.000909944 0.99997 0.00765855 -0.853399 0.0228516 -0.00763576 0.99971 50.8457
0.999716 0.00127134 -0.023789 -0.98062 -0.00108461 0.999969 0.00786082 -0.857998 0.0237982 -0.00783278 0.999686 51.3131
0.99968 0.00130445 -0.0252559 -1.00502 -0.00110767 0.999969 0.00780374 -0.864677 0.0252653 -0.00777327 0.999651 51.8082
0.999684 0.000965962 -0.0251382 -1.01588 -0.000772979 0.99997 0.00768545 -0.870828 0.0251449 -0.00766359 0.999654 52.2808
0.999651 0.00112688 -0.0263944 -1.0258 -0.000923259 0.99997 0.00772539 -0.875496 0.0264024 -0.00769832 0.999622 52.7404
0.99963 0.00154767 -0.027175 -1.04641 -0.00133632 0.999969 0.0077942 -0.881911 0.0271862 -0.007755 0.9996 53.1966
0.999592 0.00187108 -0.0284927 -1.06391 -0.00164483 0.999967 0.00796209 -0.887714 0.0285066 -0.00791198 0.999562 53.6709
0.999594 0.00195908 -0.0284196 -1.0751 -0.00172938 0.999966 0.00810491 -0.893234 0.0284345 -0.00805247 0.999563 54.1281
0.99957 0.00229163 -0.0292389 -1.09734 -0.00204264 0.999961 0.00854297 -0.899475 0.0292573 -0.00847957 0.999536 54.5823
0.999538 0.00268863 -0.0302697 -1.12504 -0.00241619 0.999956 0.00903356 -0.903546 0.0302927 -0.00895625 0.999501 55.0326
0.999537 0.00327279 -0.0302518 -1.14198 -0.00299825 0.999954 0.00911599 -0.909406 0.0302802 -0.00902107 0.999501 55.4902
0.999526 0.00327083 -0.030605 -1.16209 -0.00301034 0.999959 0.00855358 -0.914831 0.0306317 -0.0084574 0.999495 55.905
0.99954 0.00304167 -0.0301672 -1.18212 -0.0027783 0.999958 0.00876854 -0.920545 0.0301926 -0.00868069 0.999506 56.3584
0.999526 0.00304638 -0.0306242 -1.20063 -0.00277145 0.999956 0.00901594 -0.925142 0.0306503 -0.0089268 0.99949 56.7793
0.999537 0.00355828 -0.0302163 -1.21648 -0.00329076 0.999955 0.0088987 -0.929974 0.0302466 -0.00879514 0.999504 57.2065
0.999538 0.00381967 -0.0301673 -1.22825 -0.00356197 0.999957 0.00859161 -0.933589 0.0301988 -0.00848018 0.999508 57.6074
0.999527 0.00374934 -0.0305349 -1.25227 -0.00349268 0.999958 0.0084545 -0.938424 0.0305654 -0.00834385 0.999498 58.0388
0.99956 0.0037259 -0.0294295 -1.2623 -0.00347405 0.999957 0.00860414 -0.943371 0.0294603 -0.00849812 0.99953 58.4418
0.999542 0.00361768 -0.0300472 -1.28173 -0.00335474 0.999956 0.0087963 -0.949145 0.0300777 -0.00869147 0.99951 58.8581
0.999524 0.00401107 -0.0306021 -1.29619 -0.0037369 0.999952 0.00901116 -0.955123 0.0306368 -0.00889251 0.999491 59.2676
0.999528 0.00429561 -0.0304271 -1.31107 -0.00401688 0.999949 0.00921607 -0.958306 0.0304652 -0.00908949 0.999495 59.643
0.999534 0.00444839 -0.0302174 -1.33353 -0.00416825 0.999948 0.00932756 -0.962939 0.0302573 -0.00919725 0.9995 60.0515
0.999518 0.00472076 -0.0306859 -1.34675 -0.00444783 0.99995 0.0089564 -0.967431 0.0307266 -0.0088156 0.999489 60.4484
0.999505 0.00456529 -0.0311256 -1.35797 -0.00429758 0.999953 0.00866266 -0.97373 0.0311636 -0.00852461 0.999478 60.8364
0.999482 0.00461816 -0.0318587 -1.38061 -0.00433432 0.99995 0.00897263 -0.977306 0.0318985 -0.0088299 0.999452 61.2212
0.999457 0.00468935 -0.0326176 -1.38789 -0.00439261 0.999948 0.00916314 -0.982275 0.0326589 -0.00901489 0.999426 61.5987
0.999465 0.0044194 -0.0324203 -1.40478 -0.00413741 0.999953 0.00876 -0.987978 0.0324575 -0.00862118 0.999436 61.9722
0.999475 0.00463037 -0.0320797 -1.42227 -0.0043552 0.999953 0.00864203 -0.991838 0.0321182 -0.00849778 0.999448 62.3525
0.999451 0.00482384 -0.03279 -1.43114 -0.00454566 0.999953 0.00855289 -0.995531 0.0328297 -0.00839914 0.999426 62.7269
0.999425 0.00516984 -0.0335066 -1.44966 -0.00490092 0.999955 0.00810315 -0.998501 0.033547 -0.00793428 0.999406 63.0735
0.999423 0.00477108 -0.0336223 -1.45896 -0.00451211 0.99996 0.00777407 -1.00429 0.0336581 -0.00761788 0.999404 63.4451
0.999418 0.00454856 -0.0338226 -1.47358 -0.00429583 0.999962 0.00754104 -1.00821 0.0338556 -0.00739135 0.999399 63.7958
0.999437 0.00491126 -0.0331792 -1.48735 -0.00466572 0.999961 0.00747381 -1.01193 0.0332146 -0.0073148 0.999421 64.1759
0.999431 0.00499096 -0.0333679 -1.5025 -0.00474952 0.999962 0.00731095 -1.01445 0.0334031 -0.0071483 0.999416 64.5415
0.999429 0.00511598 -0.0333866 -1.51891 -0.0048812 0.999963 0.00710981 -1.0178 0.0334217 -0.00694279 0.999417 64.8943
0.999438 0.00512295 -0.033123 -1.52672 -0.00489782 0.999964 0.00687433 -1.02167 0.0331571 -0.00670824 0.999428 65.2277
0.999449 0.00470976 -0.0328585 -1.55178 -0.00449577 0.999968 0.00658318 -1.02598 0.0328884 -0.00643183 0.999438 65.6303
0.99946 0.00413944 -0.0325868 -1.56582 -0.00393191 0.999972 0.00643002 -1.03133 0.0326125 -0.00629842 0.999448 65.9912
0.99946 0.00423686 -0.032604 -1.5811 -0.00403387 0.999972 0.00628913 -1.03645 0.0326297 -0.00615421 0.999449 66.3699
0.999452 0.00438184 -0.0328018 -1.59888 -0.00418528 0.999973 0.00605851 -1.03962 0.0328274 -0.00591791 0.999444 66.76
0.999463 0.00475283 -0.0324354 -1.61352 -0.00459367 0.999977 0.00497986 -1.04242 0.0324583 -0.00482818 0.999462 67.1276
0.999484 0.00397407 -0.031866 -1.62078 -0.00386767 0.999987 0.00340006 -1.04903 0.0318791 -0.00327506 0.999486 67.5041
0.999513 0.00320429 -0.0310285 -1.63681 -0.00314461 0.999993 0.00197181 -1.05599 0.0310346 -0.00187328 0.999517 67.9042
0.999569 0.00371608 -0.0291352 -1.65621 -0.00367309 0.999992 0.00152895 -1.06208 0.0291407 -0.00142128 0.999574 68.3054
0.999625 0.00440679 -0.0270412 -1.67236 -0.00434181 0.999988 0.00246103 -1.06469 0.0270517 -0.0023427 0.999631 68.7068
0.999683 0.00545163 -0.0245823 -1.67911 -0.00537041 0.99998 0.00336871 -1.06587 0.0246001 -0.00323562 0.999692 69.1099
0.999765 0.00604607 -0.0208391 -1.6913 -0.00597979 0.999977 0.00324114 -1.07001 0.0208582 -0.00311576 0.999778 69.5462
0.999856 0.00569359 -0.0159718 -1.69717 -0.00564414 0.999979 0.00313972 -1.07631 0.0159893 -0.00304912 0.999868 69.9714
0.99993 0.0040822 -0.0111479 -1.70434 -0.00404027 0.999985 0.00378106 -1.08424 0.0111632 -0.00373575 0.999931 70.4404
0.999973 0.00282515 -0.0067974 -1.70059 -0.00279485 0.999986 0.00446348 -1.09056 0.00680991 -0.00444436 0.999967 70.887
0.999996 0.00291872 -0.000309208 -1.69831 -0.00291745 0.999988 0.00401216 -1.09502 0.000320914 -0.00401124 0.999992 71.3422
0.999982 0.00370551 0.00482062 -1.69418 -0.00371798 0.99999 0.00258151 -1.0949 -0.004811 -0.00259939 0.999985 71.838
0.999929 0.00408665 0.011222 -1.69931 -0.00409921 0.999991 0.0010962 -1.09989 -0.0112174 -0.00114213 0.999936 72.3318
0.999868 0.00427732 0.0156625 -1.68505 -0.00429132 0.99999 0.000860727 -1.10589 -0.0156587 -0.000927827 0.999877 72.8434
0.999769 0.00284782 0.021299 -1.67244 -0.00288998 0.999994 0.00194909 -1.11149 -0.0212933 -0.0020102 0.999771 73.3602
0.99963 0.0024641 0.0270887 -1.64906 -0.002538 0.999993 0.002694 -1.11895 -0.0270819 -0.00276175 0.999629 73.9108
0.99943 0.00281863 0.0336396 -1.64067 -0.00290989 0.999992 0.00266425 -1.12272 -0.0336318 -0.00276061 0.99943 74.4747
0.999238 0.00272231 0.0389316 -1.61947 -0.00282603 0.999993 0.00260959 -1.12698 -0.0389242 -0.00271762 0.999238 75.0555
0.998984 0.00192641 0.0450237 -1.58393 -0.00203742 0.999995 0.00241993 -1.13418 -0.0450188 -0.0025092 0.998983 75.6306
0.998696 0.00160858 0.0510326 -1.55247 -0.00175644 0.999994 0.00285253 -1.14036 -0.0510277 -0.00293844 0.998693 76.207
0.998392 0.00168098 0.0566572 -1.52226 -0.00186811 0.999993 0.00325009 -1.14518 -0.0566514 -0.00335071 0.998389 76.8475
0.997973 0.00144725 0.063619 -1.48087 -0.00165694 0.999993 0.00324328 -1.15037 -0.0636138 -0.00334212 0.997969 77.4255
0.997607 0.000825512 0.0691274 -1.43648 -0.00104824 0.999994 0.00318575 -1.15688 -0.0691244 -0.00325059 0.997603 78.0656
0.997277 0.000859562 0.0737391 -1.39397 -0.00113281 0.999993 0.00366381 -1.16368 -0.0737354 -0.00373737 0.997271 78.7055
0.996789 0.00033517 0.080081 -1.34282 -0.000666053 0.999991 0.00410516 -1.16686 -0.0800789 -0.00414531 0.99678 79.341
0.996287 0.000499427 0.0860886 -1.28778 -0.000890478 0.99999 0.00450409 -1.17519 -0.0860855 -0.00456402 0.996277 80.0087
0.995791 0.000602971 0.0916525 -1.22768 -0.00106307 0.999987 0.00497126 -1.17998 -0.0916483 -0.00504777 0.995779 80.6981
0.995319 -0.000240679 0.0966502 -1.16406 -0.000254782 0.999987 0.00511394 -1.18494 -0.0966502 -0.00511463 0.995305 81.3454
0.994857 -0.000991161 0.101284 -1.09377 0.000425745 0.999984 0.00560396 -1.19101 -0.101288 -0.00553202 0.994842 82.0463
0.994643 -0.00183869 0.103352 -1.0236 0.00120986 0.99998 0.00614673 -1.19519 -0.103361 -0.00598876 0.994626 82.7354
0.994448 -0.0030127 0.10519 -0.95423 0.00236005 0.999977 0.00632843 -1.19911 -0.105206 -0.00604504 0.994432 83.4374
0.994408 -0.00335752 0.105556 -0.883961 0.0027229 0.999977 0.00615573 -1.20605 -0.105574 -0.00583389 0.994394 84.1817
0.994432 -0.00292329 0.105341 -0.813458 0.0023424 0.999981 0.00563765 -1.21054 -0.105355 -0.00535951 0.99442 84.8815
0.994489 -0.0026384 0.104807 -0.740302 0.00210656 0.999984 0.00518486 -1.2159 -0.104819 -0.0049355 0.994479 85.6478
0.99459 -0.00262584 0.103845 -0.665804 0.00212014 0.999985 0.00497982 -1.22102 -0.103857 -0.00473271 0.994581 86.4024
0.994672 -0.00307449 0.103048 -0.592354 0.00261027 0.999986 0.00463951 -1.22759 -0.103061 -0.00434581 0.994666 87.1276
0.994937 -0.00374901 0.100436 -0.524389 0.00327325 0.999983 0.00490136 -1.23491 -0.100452 -0.0045478 0.994932 87.9436
0.995184 -0.00360848 0.0979583 -0.451519 0.00311817 0.999982 0.00515799 -1.23936 -0.0979752 -0.0048277 0.995177 88.6833
0.995518 -0.0038584 0.0944937 -0.389666 0.00337506 0.99998 0.0052743 -1.24725 -0.0945122 -0.00493174 0.995512 89.5062
0.995879 -0.00392973 0.090609 -0.321392 0.0034059 0.999977 0.00593514 -1.25415 -0.0906302 -0.00560208 0.995869 90.3008
0.996211 -0.00429569 0.0868605 -0.265156 0.00365748 0.999965 0.00750532 -1.25972 -0.0868897 -0.00715919 0.996192 91.0841
0.996632 -0.00504878 0.0818507 -0.208734 0.00434507 0.999952 0.00877329 -1.26709 -0.0818911 -0.00838809 0.996606 91.907
0.997045 -0.00489348 0.07667 -0.152957 0.00416256 0.999944 0.00969024 -1.27412 -0.0767131 -0.00934246 0.997009 92.7067
0.9974 -0.00533402 0.0718712 -0.0997407 0.00459174 0.999935 0.0104892 -1.28047 -0.0719224 -0.0101319 0.997359 93.4986
0.997813 -0.00533378 0.0658854 -0.0542484 0.00463798 0.999932 0.0107093 -1.28734 -0.065938 -0.0103803 0.99777 94.2947
0.998085 -0.00516912 0.0616347 -0.0172338 0.0045002 0.99993 0.0109868 -1.2946 -0.0616871 -0.0106884 0.998038 95.108
0.998464 -0.00504848 0.0551816 0.0205291 0.00444861 0.99993 0.0109882 -1.30145 -0.0552332 -0.0107258 0.998416 95.8996
0.998792 -0.00414137 0.0489576 0.0413928 0.00361437 0.999935 0.0108481 -1.30709 -0.0489993 -0.010658 0.998742 96.7103
0.999048 -0.00424745 0.0434225 0.0691018 0.0037814 0.999934 0.0108092 -1.31396 -0.0434656 -0.0106348 0.998998 97.5038
0.999273 -0.00427103 0.0378962 0.0948951 0.00385543 0.999932 0.0110331 -1.31982 -0.0379407 -0.010879 0.999221 98.2537
0.999449 -0.00428163 0.0329314 0.101915 0.00390773 0.999927 0.0114099 -1.32674 -0.0329778 -0.011275 0.999392 99.0697
0.999606 -0.00341293 0.0278593 0.11938 0.00308288 0.999925 0.0118817 -1.33122 -0.0278977 -0.0117911 0.999541 99.7954
0.999757 -0.00285467 0.0218488 0.124467 0.0025894 0.999923 0.0121596 -1.33847 -0.0218819 -0.0121 0.999687 100.574
0.999854 -0.00300921 0.0168364 0.130416 0.00280279 0.999921 0.0122703 -1.34503 -0.016872 -0.0122213 0.999783 101.416
0.999928 -0.00368552 0.0114092 0.134868 0.00354149 0.999914 0.0126183 -1.34968 -0.0114547 -0.012577 0.999855 102.133
0.999972 -0.00337841 0.00671166 0.125079 0.00329389 0.999916 0.0125644 -1.35501 -0.00675354 -0.012542 0.999899 102.936
0.999995 -0.00276165 0.00162461 0.118979 0.00274103 0.999917 0.0125599 -1.36154 -0.00165917 -0.0125554 0.99992 103.713
0.999995 -0.00211336 -0.00220162 0.107784 0.00214181 0.999913 0.0130021 -1.36593 0.00217395 -0.0130068 0.999913 104.483
0.999981 -0.0021822 -0.0057557 0.10024 0.00225849 0.999909 0.013281 -1.37198 0.00572619 -0.0132938 0.999895 105.225
0.999961 -0.00231719 -0.00847975 0.0884639 0.00243881 0.999894 0.0143602 -1.37562 0.00844557 -0.0143803 0.999861 105.989
0.99993 -0.00253544 -0.011581 0.0650206 0.00270575 0.999888 0.0147144 -1.38036 0.0115424 -0.0147447 0.999825 106.781
0.999901 -0.00242381 -0.0138605 0.0516164 0.00261249 0.999904 0.0136112 -1.3854 0.0138261 -0.0136461 0.999811 107.49
0.999872 -0.00146729 -0.0159505 0.0328694 0.00167224 0.999916 0.0128434 -1.3887 0.0159304 -0.0128684 0.99979 108.284
0.999862 -0.00175314 -0.0165414 0.00718097 0.00195647 0.999923 0.012284 -1.39087 0.0165186 -0.0123147 0.999788 109.046
0.999832 -0.00186716 -0.0182437 -0.00324368 0.00209654 0.999919 0.0125618 -1.39537 0.0182188 -0.012598 0.999755 109.806
0.999807 -0.00220442 -0.0195142 -0.0190359 0.00244919 0.999919 0.0125279 -1.39991 0.019485 -0.0125733 0.999731 110.544
0.999798 -0.00235759 -0.0199669 -0.0331748 0.00260094 0.999923 0.0121704 -1.40365 0.0199366 -0.0122199 0.999727 111.309
0.999755 -0.0016828 -0.0220728 -0.0735029 0.00195304 0.999923 0.0122271 -1.40367 0.0220505 -0.0122672 0.999682 112.125
0.999736 -0.00181379 -0.0229311 -0.0880954 0.00209421 0.999923 0.0122104 -1.40712 0.0229072 -0.0122552 0.999663 112.892
0.999685 -0.00134544 -0.0250673 -0.116048 0.00164802 0.999926 0.0120537 -1.4114 0.0250492 -0.0120912 0.999613 113.687
0.999671 -0.000919627 -0.0256492 -0.147496 0.00123336 0.999925 0.0122185 -1.41321 0.025636 -0.0122461 0.999596 114.492
0.99965 -0.00129657 -0.0264402 -0.177831 0.00161631 0.999926 0.0120753 -1.4157 0.0264225 -0.0121138 0.999578 115.273
0.999606 -0.000262463 -0.0280872 -0.213573 0.000587902 0.999933 0.0115791 -1.4169 0.0280822 -0.0115911 0.999538 116.075
0.999571 -0.000350739 -0.0292941 -0.250877 0.000685961 0.999934 0.0114341 -1.419 0.0292881 -0.0114493 0.999506 116.895
0.999534 -0.000469282 -0.0305145 -0.270187 0.000818808 0.999934 0.0114429 -1.42309 0.0305072 -0.0114626 0.999469 117.702
0.999468 -0.000458946 -0.0326227 -0.294854 0.000836048 0.999933 0.0115469 -1.42631 0.0326152 -0.011568 0.999401 118.537
0.999423 -0.00187595 -0.0339206 -0.341898 0.00227902 0.999927 0.0118483 -1.42787 0.0338959 -0.0119188 0.999354 119.358
0.999318 -0.0010217 -0.0369136 -0.380786 0.00147653 0.999923 0.0122962 -1.43191 0.0368982 -0.0123423 0.999243 120.189
0.999256 -0.00251732 -0.0384974 -0.425018 0.00299213 0.99992 0.0122807 -1.43274 0.0384634 -0.0123868 0.999183 121.049
0.999159 -0.00232157 -0.0409359 -0.46922 0.00282728 0.99992 0.0123001 -1.43381 0.0409041 -0.0124055 0.999086 121.91
0.999059 -0.00302343 -0.0432618 -0.505634 0.0035432 0.999922 0.0119429 -1.43584 0.0432223 -0.0120849 0.998992 122.728
0.998979 -0.00345397 -0.0450529 -0.567101 0.00397748 0.999926 0.0115355 -1.44043 0.0450097 -0.0117029 0.998918 123.634
0.998896 -0.00331674 -0.0468562 -0.601686 0.00385887 0.999927 0.0114844 -1.44191 0.0468147 -0.0116525 0.998836 124.431
0.998774 -0.00275646 -0.0494197 -0.65095 0.00332447 0.999929 0.0114153 -1.44672 0.0493848 -0.0115656 0.998713 125.37
0.998738 -0.00215586 -0.050185 -0.711208 0.0027568 0.999925 0.0119083 -1.45001 0.0501556 -0.0120317 0.998669 126.247
0.998646 -0.00256936 -0.0519679 -0.76651 0.00320463 0.999921 0.0121446 -1.45429 0.0519326 -0.0122947 0.998575 127.187
0.998588 -0.00196105 -0.0530942 -0.834486 0.00264034 0.999916 0.0127269 -1.45693 0.0530647 -0.0128491 0.998509 128.079
0.998441 -0.00218613 -0.0557848 -0.879135 0.00290988 0.999913 0.0128961 -1.46029 0.0557518 -0.0130383 0.99836 128.999
0.998362 -0.00216329 -0.0571744 -0.949011 0.00294415 0.999904 0.0135768 -1.46008 0.0571395 -0.0137229 0.998272 129.898
0.998233 -0.00258465 -0.0593587 -1.00686 0.00336889 0.999908 0.0131155 -1.46394 0.0593193 -0.0132923 0.998151 130.837
0.998123 -0.00296977 -0.0611747 -1.07306 0.00376295 0.99991 0.0128547 -1.46522 0.0611311 -0.0130608 0.998044 131.769
0.997992 -0.00364569 -0.0632376 -1.13658 0.00448071 0.999905 0.0130677 -1.46692 0.0631839 -0.0133249 0.997913 132.687
0.997898 -0.00310427 -0.0647326 -1.20698 0.0040082 0.999896 0.0138389 -1.46699 0.064683 -0.0140692 0.997807 133.636
0.997779 -0.00337488 -0.0665335 -1.27175 0.00431206 0.999893 0.0139472 -1.47224 0.0664793 -0.0142032 0.997687 134.592
0.997745 -0.00351281 -0.0670255 -1.34621 0.00449401 0.999885 0.0144941 -1.47038 0.0669669 -0.0147626 0.997646 135.515
0.997675 -0.00398336 -0.0680329 -1.42255 0.0050517 0.999867 0.0155385 -1.4728 0.0679619 -0.0158461 0.997562 136.431
0.997572 -0.00336076 -0.069563 -1.48943 0.00450988 0.999856 0.0163686 -1.47431 0.069498 -0.0166426 0.997443 137.416
0.997558 -0.00296368 -0.0697823 -1.56365 0.00415845 0.999847 0.0169824 -1.47571 0.0697213 -0.0172311 0.997418 138.357
0.997572 -0.00191239 -0.0696193 -1.64044 0.00313406 0.999843 0.0174429 -1.47588 0.069575 -0.0176187 0.997421 139.292
0.997479 -0.00217769 -0.0709286 -1.72063 0.0034423 0.999837 0.0177119 -1.47507 0.0708785 -0.0179114 0.997324 140.281
0.99755 -0.001938 -0.0699318 -1.79295 0.00315178 0.999846 0.0172504 -1.47577 0.0698877 -0.0174285 0.997403 141.196
0.997526 -0.00160072 -0.070279 -1.8647 0.00279421 0.999854 0.0168871 -1.47721 0.0702416 -0.0170417 0.997384 142.162
0.997549 -0.00113146 -0.0699665 -1.93615 0.00230324 0.999858 0.0166694 -1.4783 0.0699378 -0.0167897 0.99741 143.13
0.997557 -0.00124703 -0.0698453 -2.01075 0.00239959 0.999862 0.0164202 -1.4794 0.0698152 -0.0165476 0.997423 144.038
0.997511 0.00061855 -0.0705032 -2.08009 0.000533117 0.999867 0.016315 -1.48504 0.0705039 -0.016312 0.997378 144.967
0.997634 0.000284272 -0.0687562 -2.14861 0.000885456 0.999855 0.0169817 -1.4851 0.068751 -0.0170024 0.997489 145.952
0.997594 0.000580872 -0.0693316 -2.22387 0.000621049 0.99985 0.017313 -1.48753 0.0693313 -0.0173144 0.997443 146.924
0.997619 0.000713425 -0.0689699 -2.29792 0.000499276 0.999846 0.0175642 -1.48871 0.0689718 -0.0175568 0.997464 147.891
0.997538 0.000121305 -0.0701249 -2.37335 0.00115105 0.999836 0.0181035 -1.48647 0.0701156 -0.0181396 0.997374 148.829
0.997535 0.000307154 -0.0701751 -2.4508 0.000992132 0.999829 0.0184793 -1.48919 0.0701688 -0.0185034 0.997364 149.817
0.997567 0.000712334 -0.0697126 -2.52287 0.000567924 0.999832 0.0183433 -1.49086 0.0697139 -0.0183382 0.997399 150.763
0.997516 0.000604308 -0.0704438 -2.59681 0.000655543 0.99984 0.01786 -1.489 0.0704433 -0.0178618 0.997356 151.718
0.997528 -0.000212411 -0.0702643 -2.67163 0.00145785 0.999843 0.0176743 -1.4881 0.0702495 -0.017733 0.997372 152.645
0.99752 0.00051119 -0.0703788 -2.74681 0.000705427 0.999851 0.0172608 -1.49351 0.0703771 -0.0172676 0.997371 153.62
0.997554 0.00100709 -0.0698919 -2.81895 0.000262983 0.999835 0.0181603 -1.49391 0.0698987 -0.0181343 0.997389 154.513
0.997434 0.000380199 -0.0715849 -2.90363 0.00101362 0.999811 0.0194335 -1.49314 0.0715788 -0.0194562 0.997245 155.468
0.99746 0.00127375 -0.0712172 -2.98095 8.69483e-05 0.999818 0.0191 -1.49793 0.0712285 -0.0190577 0.997278 156.408
0.997449 0.000948415 -0.0713745 -3.04952 0.000381583 0.999827 0.0186181 -1.49876 0.0713798 -0.0185979 0.997276 157.329
0.997325 0.000457576 -0.0730974 -3.13247 0.000957532 0.999813 0.019323 -1.49591 0.0730925 -0.0193413 0.997138 158.245
0.997362 0.000898422 -0.0725809 -3.20567 0.000593451 0.999789 0.0205305 -1.49485 0.072584 -0.0205194 0.997151 159.16
0.997333 0.000833744 -0.072987 -3.27974 0.000758389 0.999762 0.0217835 -1.49316 0.0729878 -0.0217807 0.997095 160.077
0.997392 0.0019578 -0.0721549 -3.36144 -0.000296199 0.999735 0.0230317 -1.49178 0.0721808 -0.0229503 0.997128 161.026
0.997344 0.00078617 -0.0728335 -3.42829 0.000999223 0.9997 0.0244737 -1.48845 0.0728309 -0.0244815 0.997044 161.887
0.997342 0.00191614 -0.0728395 -3.50124 -6.27255e-05 0.999676 0.0254389 -1.4838 0.0728646 -0.0253667 0.997019 162.79
0.997331 0.00115936 -0.073005 -3.58162 0.000665156 0.999688 0.0249624 -1.48296 0.0730112 -0.0249443 0.997019 163.735
0.997352 0.00105342 -0.0727213 -3.665 0.000729593 0.9997 0.0244876 -1.47655 0.0727252 -0.0244758 0.997052 164.568
0.997326 0.000397488 -0.0730774 -3.73376 0.0013638 0.99971 0.0240503 -1.47398 0.0730658 -0.0240856 0.997036 165.482
0.997235 0.000664278 -0.074317 -3.81155 0.0010663 0.999729 0.0232444 -1.47321 0.0743123 -0.0232593 0.996964 166.355
0.997337 -6.78594e-05 -0.0729295 -3.87967 0.00172809 0.999741 0.022702 -1.46946 0.0729091 -0.0227676 0.997079 167.212
0.997259 -0.00120758 -0.0739847 -3.96035 0.00285304 0.999751 0.0221389 -1.46812 0.0739395 -0.0222893 0.997014 168.061
0.997229 -0.000601305 -0.0743908 -4.03822 0.00220751 0.999766 0.0215111 -1.46796 0.0743605 -0.0216157 0.996997 168.946
0.997238 -0.00105134 -0.0742703 -4.09954 0.00271658 0.999747 0.0223239 -1.46778 0.074228 -0.022464 0.996988 169.785
0.997133 -0.000920338 -0.0756693 -4.17912 0.00273654 0.999711 0.0239017 -1.46291 0.0756253 -0.0240402 0.996846 170.602
0.997134 -0.000713715 -0.0756566 -4.26087 0.00261795 0.999682 0.0250732 -1.45971 0.0756146 -0.0251994 0.996819 171.441
0.996991 0.000107889 -0.0775247 -4.32561 0.00188064 0.999671 0.0255768 -1.46194 0.0775019 -0.0256456 0.996662 172.217
0.997011 -0.000606205 -0.0772607 -4.39166 0.00268198 0.999638 0.0267663 -1.45445 0.0772165 -0.0268935 0.996652 172.967
0.996923 -0.000340175 -0.0783826 -4.46598 0.00247552 0.999628 0.027147 -1.45059 0.0783443 -0.0272575 0.996554 173.72
0.996888 -0.000229626 -0.0788264 -4.51517 0.00234972 0.999638 0.0268041 -1.44811 0.0787917 -0.0269059 0.996528 174.312
0.996828 0.000695735 -0.0795882 -4.55686 0.00137468 0.999662 0.0259563 -1.4474 0.0795794 -0.0259834 0.99649 174.746
0.996839 -0.000350507 -0.0794516 -4.59611 0.00246254 0.999646 0.0264862 -1.43938 0.0794142 -0.0265982 0.996487 175.325
0.996805 -0.000525071 -0.0798719 -4.64582 0.00270083 0.999628 0.027135 -1.43766 0.079828 -0.027264 0.996436 175.84
0.996807 -0.00105825 -0.0798388 -4.69603 0.00331867 0.999597 0.0281849 -1.42966 0.0797768 -0.0283599 0.996409 176.448
0.996824 -0.000501999 -0.0796391 -4.75099 0.00276187 0.999597 0.0282688 -1.42594 0.0795928 -0.028399 0.996423 177.007
0.996839 -0.00050948 -0.0794504 -4.79353 0.00279739 0.999585 0.028688 -1.42411 0.0794028 -0.0288196 0.996426 177.584
0.99683 0.00037674 -0.079559 -4.83995 0.00189906 0.999591 0.0285276 -1.42041 0.0795372 -0.0285883 0.996422 178.183
0.996835 -0.000957232 -0.0794943 -4.90437 0.0032454 0.999584 0.0286599 -1.411 0.0794338 -0.0288272 0.996423 178.889
0.996712 -0.00108179 -0.081016 -4.99413 0.00355291 0.999533 0.0303636 -1.40055 0.0809452 -0.0305516 0.99625 179.991
0.996664 -0.000210227 -0.0816211 -5.08576 0.0027498 0.999516 0.031003 -1.39311 0.081575 -0.031124 0.996181 180.964
0.996709 -0.00104154 -0.0810519 -5.12614 0.00357633 0.999509 0.0311349 -1.39104 0.0809796 -0.0313223 0.996224 181.471
0.996698 -0.00143792 -0.0811855 -5.16338 0.00397191 0.99951 0.0310595 -1.38691 0.0811011 -0.0312794 0.996215 181.988
0.996677 -0.00250961 -0.0814237 -5.20491 0.00504785 0.999507 0.0309824 -1.38238 0.0813058 -0.0312905 0.996198 182.49
0.996746 -0.00265853 -0.0805684 -5.23864 0.00518256 0.999502 0.0311349 -1.37656 0.0804455 -0.0314512 0.996263 182.959
0.996706 -0.00253668 -0.0810658 -5.28212 0.00505625 0.99951 0.0308904 -1.37321 0.0809477 -0.0311986 0.99623 183.495
0.996696 -0.00359464 -0.081144 -5.32054 0.00606125 0.999526 0.0301722 -1.36914 0.0809971 -0.0305643 0.996246 183.949
0.996586 -0.00317986 -0.0825054 -5.36558 0.00562621 0.999551 0.0294352 -1.3659 0.0823747 -0.0297989 0.996156 184.405
0.996666 -0.00244624 -0.081556 -5.39562 0.00483286 0.999565 0.0290791 -1.36307 0.0814495 -0.0293762 0.996245 184.857
0.996751 -0.00276766 -0.0804937 -5.4247 0.00510271 0.999572 0.0288179 -1.36009 0.0803794 -0.029135 0.996339 185.29
0.99682 -0.00324097 -0.0796272 -5.45937 0.00555299 0.999569 0.0288313 -1.35532 0.0794994 -0.0291818 0.996408 185.761
0.996896 -0.00313662 -0.0786725 -5.49512 0.00540203 0.999576 0.0285992 -1.34982 0.0785494 -0.0289354 0.99649 186.216
0.996963 -0.00371797 -0.0777918 -5.52962 0.00594942 0.999577 0.0284728 -1.34543 0.077653 -0.0288491 0.996563 186.687
0.996945 -0.00475539 -0.0779608 -5.63092 0.00707977 0.999538 0.0295655 -1.34008 0.0777841 -0.0300271 0.996518 187.517
0.996813 -0.00479461 -0.079634 -5.67892 0.00715178 0.999544 0.0293413 -1.33639 0.079457 -0.0298173 0.996392 188.132
0.996921 -0.00537608 -0.0782305 -5.72808 0.00764024 0.99956 0.0286717 -1.33017 0.0780419 -0.0291811 0.996523 188.686
0.996914 -0.00507702 -0.0783349 -5.79189 0.00731444 0.999573 0.0283017 -1.32681 0.0781578 -0.0287874 0.996525 189.343
0.99683 -0.00457063 -0.0794313 -5.84442 0.00684928 0.999572 0.0284383 -1.32043 0.0792673 -0.0288922 0.996435 190.007
0.996836 -0.00630209 -0.079236 -5.89487 0.00857972 0.999559 0.0284374 -1.31452 0.0790218 -0.0290272 0.99645 190.582
0.996843 -0.00612549 -0.0791657 -5.95196 0.00840896 0.999557 0.0285432 -1.30903 0.0789558 -0.0291188 0.996453 191.192
0.99686 -0.00593343 -0.0789624 -6.00634 0.00823903 0.999548 0.028905 -1.30553 0.0787552 -0.0294648 0.996458 191.781
0.996838 -0.00317077 -0.0793999 -6.05217 0.00550241 0.99956 0.0291643 -1.30262 0.0792725 -0.029509 0.996416 192.367
0.996806 -0.00423244 -0.0797451 -6.11089 0.00657836 0.999553 0.0291781 -1.29791 0.0795859 -0.0296095 0.996388 192.967
0.996847 -0.00252478 -0.0793108 -6.16314 0.00488578 0.99955 0.029589 -1.29036 0.0792004 -0.0298832 0.996411 193.562
0.996831 -0.00271197 -0.0795031 -6.21761 0.00506758 0.999554 0.0294425 -1.28499 0.0793878 -0.029752 0.9964 194.154
0.996772 -0.00257309 -0.0802423 -6.26477 0.00498326 0.999542 0.0298504 -1.27978 0.0801288 -0.0301539 0.996328 194.738
0.99682 -0.00225991 -0.0796593 -6.32092 0.00467237 0.999536 0.0301114 -1.2753 0.0795543 -0.0303878 0.996367 195.315
0.996752 -0.00270785 -0.0804833 -6.36945 0.00513888 0.999536 0.0300136 -1.27044 0.0803647 -0.0303298 0.996304 195.858
0.996769 -0.00312825 -0.0802587 -6.43213 0.00555082 0.999535 0.0299792 -1.26359 0.0801276 -0.0303278 0.996323 196.492
0.996725 -0.00295774 -0.0808092 -6.4771 0.00541112 0.999531 0.030158 -1.25784 0.0806821 -0.0304965 0.996273 197.015
0.99664 -0.00204721 -0.081882 -6.52851 0.0045081 0.999543 0.0298805 -1.25255 0.0817834 -0.0301492 0.996194 197.592
0.996578 -0.000870682 -0.0826569 -6.57754 0.00331848 0.99956 0.0294812 -1.24817 0.0825949 -0.0296546 0.996142 198.156
0.996642 -0.00211281 -0.0818573 -6.62933 0.00455649 0.999549 0.0296776 -1.24196 0.0817577 -0.0299509 0.996202 198.708
0.996464 -0.00166757 -0.0840023 -6.68161 0.00417254 0.999552 0.0296535 -1.23888 0.0839152 -0.0298992 0.996024 199.294
0.996408 -0.000659676 -0.0846819 -6.73143 0.00314028 0.99957 0.0291634 -1.23382 0.0846262 -0.0293246 0.995981 199.846
0.996361 -0.00101797 -0.0852261 -6.78266 0.00349934 0.999574 0.0289708 -1.23073 0.0851603 -0.0291637 0.995941 200.398
0.996329 -0.00015106 -0.0856126 -6.83092 0.00264559 0.999575 0.0290248 -1.22527 0.0855718 -0.0291447 0.995906 200.954
0.996301 -0.000467033 -0.0859336 -6.88329 0.0029376 0.999586 0.0286255 -1.21952 0.0858846 -0.0287721 0.99589 201.514
0.996273 -2.76128e-05 -0.0862524 -6.93038 0.00245703 0.999603 0.0280603 -1.2152 0.0862174 -0.0281677 0.995878 202.053
0.996215 -0.000482253 -0.0869272 -6.98385 0.00287295 0.999621 0.0273792 -1.20924 0.0868811 -0.0275253 0.995838 202.625
0.996188 -0.000235496 -0.0872381 -7.03291 0.00259163 0.999635 0.0268958 -1.20561 0.0871999 -0.0270193 0.995824 203.16
0.996107 0.000410824 -0.0881504 -7.09006 0.00197216 0.999635 0.0269444 -1.20046 0.0881293 -0.0270134 0.995743 203.746
0.996107 -0.000362018 -0.0881509 -7.13594 0.00274483 0.999634 0.0269113 -1.19618 0.0881089 -0.0270485 0.995744 204.287
0.996171 0.000747339 -0.0874187 -7.18789 0.00159842 0.999641 0.0267605 -1.19249 0.0874072 -0.0267978 0.995812 204.856
0.996124 -0.000158666 -0.0879559 -7.24144 0.00250326 0.999644 0.0265468 -1.18554 0.0879204 -0.0266641 0.995771 205.41
0.996059 0.000283533 -0.0886913 -7.29549 0.00205244 0.999653 0.026246 -1.18234 0.088668 -0.0263246 0.995713 206.004
0.996116 -0.00179872 -0.0880302 -7.33986 0.0041025 0.999654 0.0259965 -1.17844 0.0879529 -0.0262567 0.995779 206.561
0.995974 -0.00142899 -0.089634 -7.4026 0.00374061 0.999665 0.0256268 -1.17266 0.0895673 -0.025859 0.995645 207.14
0.995961 -0.00127223 -0.0897759 -7.44905 0.0035676 0.999671 0.025412 -1.16846 0.089714 -0.0256296 0.995638 207.721
0.995898 -0.00190913 -0.090458 -7.50894 0.00422244 0.999669 0.0253888 -1.16311 0.0903795 -0.0256666 0.995577 208.322
0.995792 -0.00213361 -0.0916226 -7.56279 0.00449608 0.999663 0.0255861 -1.15817 0.0915371 -0.0258904 0.995465 208.913
0.995709 -0.0017737 -0.092528 -7.62788 0.00414043 0.999669 0.0253928 -1.151 0.0924523 -0.0256669 0.995386 209.514
0.995613 -0.00287759 -0.0935229 -7.6878 0.00523637 0.999674 0.0249857 -1.14458 0.0934205 -0.0253658 0.995304 210.112
0.995497 -0.00354019 -0.09473 -7.74763 0.00590211 0.999678 0.0246647 -1.13844 0.0946122 -0.0251127 0.995197 210.712
0.995396 -0.00293954 -0.0958077 -7.81008 0.00531693 0.999684 0.0245683 -1.13288 0.0957052 -0.0249646 0.995097 211.356
0.995352 -0.0031878 -0.0962529 -7.87945 0.00553081 0.999695 0.0240853 -1.12551 0.0961467 -0.0245057 0.995065 211.975
0.995296 -0.00308905 -0.0968353 -7.94451 0.00545643 0.999692 0.0241922 -1.11885 0.0967308 -0.0246068 0.995007 212.614
0.995219 -0.00321579 -0.0976213 -8.01577 0.00560934 0.99969 0.0242542 -1.11329 0.097513 -0.0246858 0.994928 213.264
0.995234 -0.00289651 -0.0974791 -8.08463 0.00522527 0.999707 0.023643 -1.10613 0.097382 -0.0240397 0.994957 213.91
0.995189 -0.00227686 -0.0979476 -8.15882 0.00460335 0.999712 0.023533 -1.1009 0.0978659 -0.0238706 0.994913 214.598
0.99525 -0.00137282 -0.0973423 -8.22889 0.00370346 0.999711 0.0237662 -1.09275 0.0972815 -0.0240138 0.994967 215.296
0.995259 -0.00202425 -0.097242 -8.30842 0.00437004 0.999704 0.0239163 -1.08569 0.0971648 -0.0242279 0.994973 215.97
0.995332 -0.00172764 -0.0964997 -8.36774 0.00416402 0.999678 0.0250519 -1.07737 0.0964253 -0.0253367 0.995018 216.692
0.995339 -0.00103874 -0.0964341 -8.44996 0.0035171 0.999668 0.0255336 -1.07078 0.0963756 -0.0257538 0.995012 217.398
0.995372 -0.00120507 -0.0960877 -8.51985 0.00371099 0.999658 0.0259051 -1.06198 0.0960235 -0.0261418 0.995036 218.1
0.995431 -0.000822727 -0.0954758 -8.59853 0.00332004 0.999656 0.0260006 -1.05319 0.0954216 -0.0261988 0.995092 218.854
0.995408 -0.000490036 -0.0957202 -8.6667 0.00291648 0.999678 0.0252111 -1.04594 0.095677 -0.0253745 0.995089 219.558
0.995506 -0.00142663 -0.094684 -8.73924 0.00385852 0.999667 0.0255061 -1.03347 0.0946161 -0.0257568 0.995181 220.309
0.995527 -0.000647928 -0.0944767 -8.81789 0.00304491 0.999677 0.0252292 -1.02414 0.0944299 -0.0254041 0.995207 221.076
0.995569 -0.00118554 -0.0940308 -8.90295 0.00353317 0.999686 0.024804 -1.0158 0.0939718 -0.0250264 0.99526 221.889
0.995574 -0.000951251 -0.0939744 -8.97483 0.00326788 0.999695 0.0245009 -1.00718 0.0939224 -0.0246996 0.995273 222.665
0.995598 -0.000530096 -0.0937252 -9.0478 0.00283935 0.999696 0.024507 -0.996969 0.0936837 -0.0246652 0.995297 223.445
0.995703 -0.00134477 -0.0925952 -9.13691 0.003734 0.999664 0.0256346 -0.986963 0.0925296 -0.0258702 0.995374 224.272
0.995634 -0.000427238 -0.0933411 -9.2168 0.0028972 0.999649 0.0263278 -0.981119 0.0932971 -0.0264833 0.995286 225.109
0.995732 -0.00173228 -0.0922804 -9.29898 0.00427252 0.999617 0.0273371 -0.971515 0.0921977 -0.0276146 0.995358 225.897
0.995593 -0.00146639 -0.0937697 -9.39895 0.00411993 0.999596 0.0281112 -0.961717 0.0936906 -0.0283736 0.995197 226.788
0.995626 -0.00133241 -0.0934238 -9.47107 0.00407002 0.999568 0.0291188 -0.950417 0.0933446 -0.0293716 0.995201 227.601
0.995524 -0.00211509 -0.0944897 -9.54987 0.00494684 0.999545 0.0297447 -0.941752 0.0943839 -0.030079 0.995081 228.415
0.995512 -0.00188335 -0.0946185 -9.63549 0.00474415 0.999538 0.0300193 -0.932048 0.0945182 -0.0303334 0.995061 229.215
0.995387 -0.00254199 -0.0959125 -9.72909 0.00545154 0.999532 0.0300857 -0.920052 0.0957911 -0.0304697 0.994935 230.068
0.995392 -0.00279802 -0.0958476 -9.82061 0.00565764 0.999547 0.0295763 -0.90816 0.0957214 -0.0299823 0.994957 230.884
0.995306 -0.00277499 -0.0967392 -9.90936 0.00560065 0.999565 0.0289498 -0.898678 0.0966168 -0.0293557 0.994889 231.796
0.995251 -0.00258353 -0.097306 -9.99189 0.00538829 0.999577 0.0285724 -0.887424 0.097191 -0.028961 0.994844 232.608
0.995193 -0.00286431 -0.097896 -10.0898 0.00565875 0.999584 0.0282793 -0.877302 0.0977743 -0.0286973 0.994795 233.459
0.995131 -0.00378395 -0.0984915 -10.1751 0.00666206 0.99956 0.0289095 -0.86391 0.0983387 -0.0294249 0.994718 234.296
0.995105 -0.00408911 -0.0987391 -10.2672 0.00696308 0.999562 0.0287797 -0.852461 0.0985781 -0.0293263 0.994697 235.161
0.994974 -0.00430709 -0.100039 -10.3628 0.00720868 0.999563 0.0286612 -0.841366 0.0998719 -0.0292384 0.994571 236.038
0.994924 -0.00414046 -0.100541 -10.4509 0.00698708 0.999584 0.0279773 -0.82873 0.100383 -0.0285378 0.994539 236.91
0.994798 -0.00473169 -0.101756 -10.5432 0.00750606 0.99961 0.0268993 -0.817028 0.10159 -0.0275231 0.994446 237.783
0.994755 -0.00473779 -0.102176 -10.6573 0.00752572 0.999609 0.0269173 -0.803361 0.102009 -0.0275451 0.994402 238.687
0.994608 -0.00530199 -0.103568 -10.7493 0.00817312 0.999593 0.0273176 -0.79157 0.103381 -0.0280168 0.994247 239.599
0.994454 -0.00456387 -0.105071 -10.8516 0.0074715 0.9996 0.0272961 -0.779937 0.104904 -0.0279297 0.99409 240.52
0.994355 -0.00420849 -0.106022 -10.9528 0.00712192 0.999607 0.0271157 -0.76741 0.105867 -0.0277177 0.993994 241.496
0.994129 -0.00442218 -0.108115 -11.0671 0.00747312 0.999585 0.0278306 -0.754937 0.107947 -0.0284752 0.993749 242.506
0.994045 -0.00512134 -0.108852 -11.1874 0.00832662 0.999544 0.0290122 -0.741816 0.108654 -0.0297458 0.993635 243.415
0.993861 -0.00496904 -0.110528 -11.2833 0.00833196 0.999516 0.0299849 -0.727464 0.110326 -0.0307217 0.993421 244.359
0.993711 -0.00427134 -0.111891 -11.4019 0.00773429 0.999504 0.0305336 -0.717434 0.111705 -0.031207 0.993251 245.32
0.993496 -0.00447911 -0.113782 -11.5239 0.00805558 0.999487 0.0309925 -0.70392 0.113585 -0.0317074 0.993022 246.347
0.993346 -0.00524379 -0.115053 -11.651 0.00892444 0.999464 0.0314991 -0.687357 0.114826 -0.0323163 0.99286 247.283
0.993164 -0.00512741 -0.116618 -11.7811 0.00890422 0.999452 0.0318882 -0.67095 0.116391 -0.0327086 0.992665 248.292
0.992958 -0.00491611 -0.118368 -11.904 0.00866732 0.999476 0.0311973 -0.659211 0.118152 -0.0320035 0.99248 249.254
0.992809 -0.00588258 -0.119567 -12.0135 0.00965572 0.999473 0.0310021 -0.645051 0.119321 -0.0319337 0.992342 250.222
0.992706 -0.00526707 -0.120443 -12.1598 0.00912651 0.999462 0.0315147 -0.625946 0.120212 -0.0323841 0.99222 251.284
0.992582 -0.00544602 -0.121455 -12.2812 0.00948111 0.999421 0.0326697 -0.61267 0.121207 -0.0335789 0.992059 252.158
0.992535 -0.00609996 -0.121806 -12.3814 0.0102521 0.999386 0.0334906 -0.597502 0.121527 -0.0344894 0.991989 252.973
0.992461 -0.00624245 -0.122401 -12.5029 0.0104435 0.999377 0.0337102 -0.584109 0.122115 -0.0347344 0.991908 253.926
0.992365 -0.00650619 -0.123161 -12.6177 0.0107033 0.999383 0.0334476 -0.566904 0.122867 -0.0345104 0.991823 254.911
0.992293 -0.00644944 -0.123746 -12.7735 0.0105892 0.999405 0.0328253 -0.550499 0.123461 -0.0338827 0.991771 256.036
0.992283 -0.00678426 -0.123808 -12.9125 0.0107993 0.999436 0.031787 -0.532068 0.123523 -0.0328787 0.991797 257.099
0.992297 -0.00635308 -0.123716 -13.0372 0.0104154 0.999427 0.0322163 -0.517671 0.123441 -0.0332567 0.991795 258.043
0.992382 -0.00678054 -0.123015 -13.1548 0.0108673 0.99941 0.0325812 -0.500993 0.122721 -0.0336698 0.99187 258.972
0.992367 -0.00645401 -0.123152 -13.2955 0.010419 0.999447 0.0315796 -0.48639 0.12288 -0.0326217 0.991885 260.048
0.992413 -0.00683435 -0.122762 -13.4285 0.0104804 0.999522 0.0290793 -0.473096 0.122505 -0.0301452 0.99201 261.088
0.992598 -0.00790668 -0.121187 -13.5762 0.0114371 0.999529 0.0284646 -0.4561 0.120905 -0.0296399 0.992221 262.117
0.992766 -0.00760057 -0.119825 -13.7017 0.01139 0.999455 0.0309715 -0.439044 0.119525 -0.0321122 0.992312 263.151
0.992948 -0.00802684 -0.118281 -13.8357 0.0122399 0.999315 0.0349357 -0.421961 0.11792 -0.0361371 0.992365 264.119
0.993118 -0.00939143 -0.116742 -13.9464 0.0136481 0.999269 0.0357162 -0.406923 0.116321 -0.0370637 0.99252 265.073
0.993144 -0.0107309 -0.116405 -14.0889 0.0148271 0.999299 0.0343812 -0.381458 0.115954 -0.0358714 0.992607 266.248
0.993363 -0.0112134 -0.114477 -14.2214 0.0150715 0.999345 0.0328921 -0.363142 0.114033 -0.0343991 0.992881 267.28
0.993492 -0.0113434 -0.113336 -14.3393 0.0150393 0.999381 0.031808 -0.345299 0.112905 -0.0333055 0.993047 268.34
0.993691 -0.0113744 -0.111577 -14.4728 0.014906 0.999412 0.0308682 -0.323053 0.11116 -0.0323366 0.993276 269.424
0.993627 -0.0122136 -0.112053 -14.5933 0.0157174 0.999413 0.0304397 -0.30417 0.111615 -0.0320069 0.993236 270.507
0.993758 -0.0119344 -0.110918 -14.7269 0.0153558 0.999431 0.0300431 -0.285442 0.110497 -0.0315588 0.993375 271.586
0.99385 -0.0118385 -0.110099 -14.848 0.0153042 0.999412 0.0306863 -0.265193 0.109671 -0.0321825 0.993447 272.721
0.993964 -0.0117542 -0.109073 -14.9966 0.0153218 0.999373 0.0319288 -0.241424 0.108629 -0.0334073 0.993521 273.841
0.994185 -0.0118451 -0.107034 -15.1172 0.0155356 0.999311 0.033712 -0.221536 0.106561 -0.0351788 0.993684 274.975
0.994083 -0.0121177 -0.107949 -15.2543 0.0159198 0.99928 0.0344295 -0.19884 0.107454 -0.0359443 0.99356 276.126
0.993924 -0.0124924 -0.109357 -15.4065 0.0163193 0.999283 0.0341698 -0.172955 0.108851 -0.0357468 0.993415 277.346
0.993741 -0.0115275 -0.111113 -15.521 0.0153488 0.999318 0.0335979 -0.150423 0.11065 -0.0350931 0.99324 278.482
0.993676 -0.0109471 -0.111752 -15.6697 0.0148041 0.999321 0.0337425 -0.123712 0.111307 -0.0351835 0.993163 279.69
0.993621 -0.0106284 -0.112266 -15.7943 0.0145756 0.999302 0.0343975 -0.0993028 0.111822 -0.0358144 0.993083 280.842
0.993448 -0.00987929 -0.113862 -15.9785 0.0138933 0.999308 0.0345138 -0.0720671 0.113442 -0.0358696 0.992897 282.16
0.993447 -0.00973408 -0.113883 -16.1273 0.0137327 0.999315 0.0343795 -0.0429533 0.113471 -0.0357181 0.992899 283.402
0.993265 -0.00961538 -0.115463 -16.3019 0.0136716 0.999315 0.0343896 -0.016591 0.115053 -0.0357366 0.992716 284.606
0.993329 -0.00935865 -0.114936 -16.4327 0.0133468 0.999334 0.0339785 0.00856736 0.114541 -0.0352858 0.992792 285.796
0.993332 -0.0097154 -0.114882 -16.5943 0.0137831 0.999304 0.0346662 0.0381871 0.114465 -0.0360185 0.992774 287.116
0.993313 -0.0109067 -0.114939 -16.7613 0.0151563 0.999231 0.0361634 0.0713028 0.114456 -0.0376636 0.992714 288.357
0.993028 -0.0107254 -0.117393 -16.9054 0.0150491 0.999238 0.0360066 0.0970039 0.116918 -0.0375222 0.992433 289.658
0.993027 -0.0103564 -0.117431 -17.0808 0.0146134 0.999265 0.0354487 0.125759 0.116977 -0.0369176 0.992448 290.953
0.992893 -0.0108211 -0.118522 -17.252 0.0150032 0.999294 0.0344496 0.15461 0.118065 -0.035983 0.992354 292.232
0.992666 -0.0109198 -0.120393 -17.4168 0.0151077 0.99931 0.033928 0.183622 0.119939 -0.0354981 0.992146 293.556
0.992633 -0.0106841 -0.120691 -17.5924 0.0148587 0.99932 0.0337418 0.209497 0.120249 -0.0352866 0.992117 294.857
0.992351 -0.0114115 -0.122925 -17.773 0.0157526 0.999284 0.0344013 0.241472 0.122444 -0.0360746 0.99182 296.263
0.992213 -0.0114765 -0.124024 -17.9402 0.0160145 0.999236 0.0356556 0.272089 0.12352 -0.0373642 0.991638 297.584
0.992059 -0.0122393 -0.125177 -18.134 0.0169307 0.999191 0.0364833 0.302756 0.124629 -0.0383129 0.991463 299.017
0.991835 -0.0124464 -0.12692 -18.3263 0.0172048 0.999187 0.0364642 0.332986 0.126363 -0.0383501 0.991243 300.358
0.991798 -0.0131759 -0.127139 -18.4968 0.0178567 0.999201 0.0357477 0.365884 0.126566 -0.0377248 0.991241 301.681
0.991429 -0.014148 -0.129878 -18.7013 0.0190315 0.999155 0.0364373 0.40251 0.129253 -0.0385968 0.99086 303.14
0.991368 -0.0138018 -0.130378 -18.898 0.0187055 0.99916 0.0364614 0.432963 0.129765 -0.0385854 0.990794 304.505
0.990996 -0.0135548 -0.133205 -19.0969 0.0184987 0.999183 0.0359472 0.468323 0.132609 -0.0380876 0.990436 306.001
0.990927 -0.0128549 -0.133789 -19.3009 0.0177723 0.999207 0.0356254 0.499633 0.133225 -0.0376799 0.990369 307.349
0.990625 -0.0129684 -0.135993 -19.4974 0.0181045 0.999166 0.0365989 0.534373 0.135405 -0.0387179 0.990034 308.768
0.990642 -0.0138286 -0.135787 -19.6713 0.0191064 0.999109 0.0376419 0.558226 0.135146 -0.039884 0.990023 309.915
0.990367 -0.0142184 -0.137738 -19.8517 0.0198738 0.999011 0.0397713 0.589395 0.137036 -0.0421255 0.98967 311.193
0.990193 -0.0148501 -0.138918 -20.0482 0.0207695 0.998933 0.0412587 0.622841 0.138157 -0.0437393 0.989444 312.485
0.990058 -0.0138784 -0.13997 -20.2389 0.0197896 0.998966 0.0409288 0.655972 0.139258 -0.0432918 0.98931 313.796
0.989886 -0.0128689 -0.141277 -20.4556 0.0186171 0.999048 0.0394409 0.698422 0.140635 -0.0416722 0.989184 315.248
0.989735 -0.0122155 -0.142389 -20.6388 0.0179033 0.999089 0.0387332 0.727642 0.141786 -0.0408849 0.989053 316.445
0.989408 -0.0110618 -0.144738 -20.8462 0.0169268 0.999082 0.0393532 0.76437 0.14417 -0.0413863 0.988687 317.844
0.989578 -0.0102813 -0.143634 -21.0304 0.0162984 0.999035 0.0407781 0.792466 0.143076 -0.0426941 0.988791 319.127
0.988741 -0.0099762 -0.149306 -21.2562 0.0163999 0.998989 0.0418546 0.832205 0.148737 -0.0438319 0.987905 320.563
0.988879 -0.0103877 -0.148359 -21.4714 0.0169391 0.998933 0.0429638 0.870816 0.147754 -0.0449991 0.988 321.973
0.988803 -0.0108305 -0.148835 -21.6953 0.0174882 0.998901 0.0434964 0.912415 0.1482 -0.0456122 0.987905 323.456
0.988753 -0.00985393 -0.149234 -21.9648 0.0165961 0.998894 0.0440008 0.958586 0.148635 -0.0459826 0.987823 325.196
0.988675 -0.0106787 -0.149692 -22.1824 0.0174667 0.998874 0.0441053 0.998985 0.149053 -0.0462204 0.987749 326.589
0.988522 -0.0103753 -0.150719 -22.3991 0.0174249 0.998811 0.0455284 1.03752 0.150067 -0.0476321 0.987528 327.962
0.988388 -0.0118329 -0.151487 -22.6203 0.0192387 0.998685 0.0475153 1.07834 0.150726 -0.049878 0.987317 329.41
0.988165 -0.01119 -0.152985 -22.8436 0.0187387 0.998672 0.0479903 1.115 0.152245 -0.0502891 0.987063 330.807
0.988246 -0.0117384 -0.152423 -23.0601 0.0193938 0.998619 0.0488357 1.15552 0.15164 -0.0512178 0.987108 332.181
0.988074 -0.0128108 -0.153444 -23.2445 0.0206698 0.998549 0.0497321 1.1917 0.152584 -0.0523106 0.986905 333.343
0.987928 -0.0136495 -0.154313 -23.4731 0.0216602 0.998497 0.0503506 1.23669 0.153393 -0.0530852 0.986738 334.709
0.987896 -0.0141612 -0.15447 -23.6874 0.0220883 0.998519 0.0497227 1.27689 0.153537 -0.0525328 0.986746 336.087
0.987607 -0.0138425 -0.156335 -23.9163 0.0217415 0.998566 0.0489297 1.31833 0.155433 -0.0517222 0.986492 337.452
0.987371 -0.0143544 -0.157776 -24.1202 0.0222408 0.998584 0.0483331 1.35202 0.156859 -0.0512318 0.986291 338.705
0.987186 -0.0136959 -0.158985 -24.3242 0.0216707 0.998586 0.0485358 1.38598 0.158095 -0.0513592 0.986087 339.861
0.987125 -0.0142712 -0.159311 -24.5727 0.0223619 0.998543 0.0491093 1.42992 0.158377 -0.0520395 0.986006 341.285
0.987152 -0.0140769 -0.159164 -24.8409 0.0222581 0.998514 0.0497353 1.4796 0.158227 -0.052639 0.985999 342.876
0.986902 -0.0132692 -0.160774 -25.1122 0.0214797 0.998546 0.0494386 1.52409 0.159884 -0.0522445 0.985752 344.42
0.986727 -0.014438 -0.161743 -25.3788 0.0226537 0.998539 0.0490663 1.56889 0.160799 -0.0520791 0.985612 345.954
0.986699 -0.0132089 -0.162019 -25.62 0.0215173 0.998536 0.0496334 1.61232 0.161126 -0.0524595 0.985539 347.379
0.986491 -0.0138499 -0.163232 -25.8822 0.022377 0.998473 0.0505166 1.65858 0.162283 -0.0534868 0.985293 348.904
0.986534 -0.0139127 -0.162964 -26.1313 0.0225504 0.99843 0.0512744 1.70241 0.161995 -0.0542588 0.985299 350.398
0.986311 -0.014496 -0.164255 -26.3818 0.0233036 0.998384 0.0518222 1.74971 0.163238 -0.0549405 0.985056 351.852
0.986202 -0.0156886 -0.164802 -26.6491 0.024575 0.998344 0.0520223 1.79883 0.163713 -0.0553545 0.984954 353.325
0.986012 -0.0151432 -0.165987 -26.909 0.0239554 0.9984 0.0512165 1.8419 0.164946 -0.0544763 0.984797 354.792
0.985943 -0.015877 -0.166327 -27.1613 0.0246449 0.998406 0.0507843 1.88681 0.165256 -0.0541695 0.984762 356.236
0.985874 -0.014887 -0.166827 -27.4391 0.0238787 0.99836 0.0520224 1.93701 0.165779 -0.0552711 0.984613 357.769
0.985929 -0.0154242 -0.166452 -27.7286 0.0247559 0.998227 0.0541339 1.98861 0.165322 -0.0574929 0.984563 359.292
0.98566 -0.0150689 -0.168068 -27.9888 0.0244676 0.998242 0.0539926 2.03816 0.166958 -0.0573305 0.984296 360.782
0.985792 -0.0159855 -0.167211 -28.2126 0.0252291 0.99826 0.0533033 2.08634 0.166068 -0.0567645 0.984479 362.176
0.985812 -0.0153034 -0.167157 -28.4958 0.0244417 0.998309 0.0527491 2.13713 0.166067 -0.0560863 0.984518 363.599
0.985709 -0.0148977 -0.167798 -28.7277 0.0238729 0.998383 0.0515987 2.18305 0.166758 -0.0548672 0.98447 365.041
0.98567 -0.0145818 -0.168054 -29.0275 0.0235142 0.998407 0.0512852 2.23025 0.167039 -0.054502 0.984443 366.595
0.985587 -0.0145203 -0.168546 -29.2787 0.0234908 0.998404 0.0513518 2.27537 0.167531 -0.054571 0.984355 368.049
0.985493 -0.0143779 -0.169104 -29.5153 0.0234678 0.998378 0.0518786 2.31462 0.168083 -0.0550946 0.984232 369.426
0.985469 -0.0145808 -0.16923 -29.7854 0.0238799 0.998307 0.0530451 2.35923 0.16817 -0.0563155 0.984148 370.837
0.985434 -0.0139804 -0.169482 -29.9946 0.0236044 0.998213 0.0549038 2.4006 0.168412 -0.0581046 0.984003 372.085
0.985249 -0.0144065 -0.170518 -30.2164 0.0243823 0.998102 0.0565541 2.43741 0.169379 -0.0598775 0.98373 373.261
0.98497 -0.0153802 -0.172038 -30.4275 0.0255727 0.998036 0.0571869 2.48084 0.170821 -0.0607269 0.983429 374.426
0.985576 -0.0154663 -0.168524 -30.6598 0.0252477 0.998109 0.056054 2.52113 0.167338 -0.0595003 0.984103 375.629
0.986359 -0.0171672 -0.163709 -30.9095 0.0264223 0.998163 0.0545254 2.57095 0.162472 -0.0581072 0.985001 376.939
0.986976 -0.0194236 -0.159693 -31.1198 0.028441 0.998115 0.0543763 2.61215 0.158335 -0.0582099 0.985668 378.119
0.987311 -0.0224705 -0.157203 -31.3694 0.0313831 0.998024 0.0544445 2.6563 0.155669 -0.0586871 0.986065 379.426
0.986785 -0.0235405 -0.160319 -31.6345 0.0325608 0.998017 0.0538717 2.70894 0.158733 -0.0583799 0.985594 380.947
0.986467 -0.024489 -0.162119 -31.8249 0.0336569 0.997971 0.0540477 2.7547 0.160467 -0.0587727 0.98529 382.293
0.986837 -0.0256841 -0.159665 -32.0515 0.0350887 0.997794 0.0563647 2.79645 0.157865 -0.0612252 0.985561 383.55
0.984224 -0.0229349 -0.175436 -32.2531 0.0335889 0.997751 0.0580022 2.83485 0.173711 -0.0629799 0.982781 384.624
0.984026 -0.0214467 -0.17673 -32.4864 0.0323064 0.997747 0.0588011 2.88274 0.175071 -0.0635713 0.982501 385.898
0.984126 -0.0209738 -0.176228 -32.7656 0.0320786 0.997659 0.0604024 2.93961 0.174549 -0.0650967 0.982494 387.457
0.983928 -0.0219113 -0.177215 -33.0264 0.0331422 0.997608 0.0606647 2.99257 0.175462 -0.065563 0.982301 388.773
0.983849 -0.0232725 -0.17748 -33.2755 0.0343648 0.997626 0.0596828 3.03938 0.17567 -0.0648179 0.982313 390.105
0.983718 -0.0238217 -0.178132 -33.5057 0.0348708 0.99764 0.059156 3.08641 0.176302 -0.0644045 0.982227 391.322
0.983629 -0.0239196 -0.178613 -33.7576 0.0352421 0.997547 0.0604892 3.13817 0.176727 -0.0657936 0.982059 392.641
0.983341 -0.0243077 -0.180141 -33.9976 0.0358711 0.99748 0.0612139 3.1845 0.178199 -0.0666559 0.981734 393.912
0.983331 -0.0237602 -0.180268 -34.2357 0.0354045 0.997469 0.0616541 3.23645 0.178347 -0.0670086 0.981683 395.166
0.983176 -0.0241332 -0.181062 -34.4679 0.0357303 0.997494 0.0610647 3.28172 0.179134 -0.0665068 0.981574 396.384
0.983021 -0.024185 -0.181893 -34.7045 0.0356775 0.99755 0.0601784 3.33285 0.179992 -0.0656461 0.981475 397.627
0.983085 -0.0249634 -0.181443 -34.9681 0.0363281 0.997562 0.0595837 3.38167 0.179513 -0.0651672 0.981595 398.861
0.982963 -0.0247944 -0.182124 -35.197 0.0362181 0.997561 0.0596694 3.43288 0.1802 -0.065249 0.981464 400.12
0.982836 -0.0253519 -0.18273 -35.4341 0.036939 0.997497 0.0602885 3.48141 0.180744 -0.0660035 0.981313 401.33
0.982664 -0.0248741 -0.183722 -35.706 0.0366452 0.997468 0.0609555 3.53227 0.18174 -0.0666313 0.981087 402.661
0.982269 -0.0243151 -0.185896 -35.9204 0.0363298 0.997446 0.0615004 3.58195 0.183925 -0.0671635 0.980643 403.856
0.982374 -0.0245865 -0.185301 -36.1622 0.0366308 0.997413 0.0618571 3.62744 0.183301 -0.0675545 0.980733 405.002
0.982265 -0.0235991 -0.186009 -36.3742 0.0357662 0.997415 0.062329 3.67411 0.184058 -0.0678764 0.980569 406.144
0.982118 -0.0227858 -0.186882 -36.5904 0.0351294 0.997395 0.0630065 3.71809 0.18496 -0.0684449 0.98036 407.28
0.981977 -0.0223663 -0.187675 -36.8115 0.0348383 0.997379 0.0634221 3.76622 0.185764 -0.0688173 0.980182 408.449
0.982069 -0.0220869 -0.187227 -37.0706 0.0344935 0.9974 0.063268 3.81875 0.185342 -0.0685916 0.980277 409.721
0.982053 -0.0218672 -0.187336 -37.2837 0.0342048 0.997435 0.0628809 3.86285 0.18548 -0.0681601 0.980281 410.85
0.981899 -0.0218808 -0.188136 -37.5061 0.034142 0.997481 0.0621805 3.90957 0.186301 -0.0674783 0.980173 412.027
0.981899 -0.021915 -0.188136 -37.7284 0.0340148 0.997538 0.0613283 3.95714 0.186328 -0.0666176 0.980226 413.163
0.981837 -0.0226105 -0.188373 -37.9434 0.0347813 0.997497 0.0615568 4.00198 0.186509 -0.0669906 0.980167 414.256
0.981882 -0.0214137 -0.188278 -38.1616 0.0337803 0.997459 0.0627207 4.05255 0.186457 -0.0679445 0.980111 415.442
0.981812 -0.0225692 -0.188509 -38.3968 0.0350542 0.997388 0.0631606 4.10063 0.186591 -0.0686199 0.980038 416.581
0.981789 -0.0230499 -0.18857 -38.572 0.0355206 0.99738 0.0630228 4.14093 0.186623 -0.0685733 0.980036 417.512
0.981295 -0.0231973 -0.191106 -38.7706 0.0357909 0.99739 0.0627121 4.1842 0.189152 -0.0683789 0.979564 418.52
0.981472 -0.0234424 -0.190164 -38.9526 0.0359386 0.997396 0.0625321 4.22246 0.188203 -0.0682078 0.979759 419.417
0.981288 -0.023405 -0.191117 -39.1554 0.0359376 0.997406 0.0623746 4.26565 0.189161 -0.0680757 0.979584 420.392
0.981002 -0.0226204 -0.192675 -39.3413 0.0352298 0.997437 0.0622709 4.30232 0.190773 -0.0678758 0.979285 421.351
0.980905 -0.0220982 -0.193227 -39.5378 0.0347046 0.997466 0.0621018 4.34278 0.191365 -0.0676219 0.979187 422.294
0.980694 -0.0214001 -0.194375 -39.7444 0.0341281 0.997469 0.0623703 4.38471 0.192549 -0.0677998 0.978942 423.283
0.980582 -0.0213743 -0.194942 -40.0198 0.0342734 0.997423 0.0630377 4.44029 0.193092 -0.0684949 0.978787 424.633
0.9802 -0.0208141 -0.196913 -40.2798 0.033816 0.997447 0.0628985 4.49405 0.195101 -0.0683119 0.978401 425.903
0.980209 -0.0214445 -0.196801 -40.514 0.0344471 0.997426 0.0628859 4.53953 0.194946 -0.0684205 0.978425 427.025
0.979946 -0.0206754 -0.198189 -40.7427 0.0338385 0.997423 0.0632615 4.58811 0.196371 -0.0686993 0.97812 428.147
0.979696 -0.0208239 -0.199407 -40.96 0.03425 0.997354 0.064119 4.63421 0.197544 -0.0696468 0.977817 429.238
0.979671 -0.0207608 -0.199535 -41.1795 0.0343635 0.997297 0.064952 4.67946 0.197647 -0.0704883 0.977736 430.295
0.979384 -0.0206748 -0.200945 -41.4034 0.0345145 0.997248 0.0656152 4.72556 0.199035 -0.071198 0.977403 431.378
0.979331 -0.0206926 -0.201204 -41.6117 0.0346026 0.997229 0.0658643 4.76882 0.199284 -0.0714652 0.977333 432.385
0.979084 -0.0208017 -0.202389 -41.8266 0.0347226 0.99725 0.0654772 4.81228 0.20047 -0.0711351 0.977114 433.4
0.97899 -0.02018 -0.202908 -42.0498 0.0339659 0.997327 0.0646904 4.85621 0.20106 -0.0702231 0.977059 434.448
0.978942 -0.0203963 -0.203116 -42.2478 0.0340846 0.99736 0.064123 4.89885 0.201272 -0.0696958 0.977053 435.38
0.978628 -0.0204566 -0.204619 -42.4728 0.0342639 0.997351 0.0641638 4.94297 0.202765 -0.0698036 0.976736 436.415
0.978634 -0.0201469 -0.204621 -42.6769 0.0340575 0.997324 0.0646895 4.98782 0.20277 -0.0702762 0.976701 437.396
0.978446 -0.0199564 -0.205539 -42.8989 0.0339796 0.997312 0.064924 5.03188 0.203691 -0.0705087 0.976493 438.392
0.978382 -0.0188117 -0.205951 -43.1223 0.0328696 0.997341 0.0650512 5.07939 0.20418 -0.0704144 0.976398 439.42
0.978306 -0.0180966 -0.206372 -43.346 0.0321146 0.997383 0.0647796 5.12403 0.20466 -0.0700019 0.976327 440.43
0.978392 -0.0174486 -0.206024 -43.5475 0.0313742 0.997423 0.0645197 5.16887 0.204367 -0.0695893 0.976418 441.365
0.978445 -0.0164202 -0.205856 -43.7447 0.0303467 0.997445 0.0646778 5.20689 0.204268 -0.0695306 0.976443 442.227
0.978628 -0.0157675 -0.205032 -43.9481 0.029829 0.997395 0.0656732 5.25093 0.203463 -0.0703856 0.97655 443.195
0.978759 -0.0154788 -0.204428 -44.1217 0.029794 0.997299 0.0671342 5.28565 0.202837 -0.0717989 0.976577 443.979
0.978787 -0.0142106 -0.204386 -44.3167 0.0286732 0.997275 0.0679745 5.32704 0.202864 -0.072393 0.976527 444.896
0.978881 -0.0134094 -0.203993 -44.5032 0.0279118 0.997269 0.0683822 5.36448 0.202519 -0.0726318 0.976581 445.726
0.97892 -0.0129385 -0.203834 -44.6703 0.0274398 0.997275 0.0684781 5.40112 0.202392 -0.0726277 0.976608 446.51
0.979015 -0.0124897 -0.203406 -44.8462 0.0267559 0.997358 0.0675389 5.43839 0.202025 -0.0715638 0.976762 447.298
0.979051 -0.0118728 -0.203267 -45.0223 0.0258618 0.997464 0.0663036 5.47383 0.201964 -0.0701715 0.976876 448.094
0.979096 -0.0118078 -0.203056 -45.1824 0.025568 0.99754 0.0652767 5.50771 0.201786 -0.0691039 0.976989 448.862
0.979047 -0.0113623 -0.20332 -45.3658 0.0250634 0.997574 0.0649394 5.54678 0.202089 -0.0686746 0.976956 449.716
0.979195 -0.0119506 -0.202569 -45.5861 0.0257994 0.997495 0.0658636 5.59286 0.201274 -0.0697195 0.977051 450.719
0.979205 -0.0116045 -0.202543 -45.7875 0.0255807 0.997457 0.066523 5.63723 0.201256 -0.0703208 0.977011 451.65
0.97906 -0.0118529 -0.203225 -45.9716 0.0258975 0.997444 0.0665893 5.67582 0.201917 -0.070458 0.976865 452.505
0.979131 -0.0119215 -0.202879 -46.1646 0.0258831 0.997464 0.066304 5.71782 0.201574 -0.0701714 0.976956 453.395
0.979107 -0.0119042 -0.202999 -46.3624 0.0259098 0.997452 0.0664762 5.76154 0.201691 -0.070347 0.97692 454.308
0.978896 -0.0116468 -0.20403 -46.5545 0.0258851 0.9974 0.0672564 5.80418 0.202716 -0.0711183 0.976652 455.208
0.978943 -0.0118829 -0.203788 -46.7232 0.0262231 0.997353 0.0678129 5.84229 0.202443 -0.0717289 0.976664 456.019
0.978828 -0.0114883 -0.204364 -46.9155 0.0258305 0.997375 0.0676513 5.88571 0.20305 -0.0714978 0.976555 456.923
0.978721 -0.0116098 -0.204867 -47.1072 0.0259667 0.997379 0.0675306 5.9285 0.203546 -0.0714133 0.976458 457.835
0.978718 -0.0113988 -0.204892 -47.3097 0.0259346 0.997321 0.0683986 5.9742 0.203564 -0.0722568 0.976392 458.766
0.978527 -0.0108792 -0.20583 -47.497 0.0256121 0.997284 0.0690497 6.0182 0.20452 -0.0728388 0.976149 459.65
0.97845 -0.0117805 -0.206147 -47.698 0.0265608 0.997258 0.069078 6.05984 0.204767 -0.0730648 0.97608 460.525
0.978377 -0.0111811 -0.206529 -47.882 0.0260301 0.997255 0.0693214 6.10216 0.205187 -0.0731984 0.975982 461.408
0.978449 -0.0112373 -0.206185 -48.0698 0.0260856 0.997245 0.0694384 6.14648 0.204836 -0.0733204 0.976046 462.272
0.978615 -0.0123223 -0.205329 -48.2756 0.0272007 0.99719 0.0697968 6.19304 0.203892 -0.0738893 0.976201 463.181
0.978622 -0.012575 -0.205284 -48.4608 0.0276499 0.997112 0.070732 6.23807 0.203802 -0.074896 0.976143 464.092
0.978784 -0.0137978 -0.204431 -48.6569 0.0290298 0.997004 0.0716989 6.28536 0.202829 -0.0761123 0.976252 464.992
0.978876 -0.0156798 -0.203855 -48.8517 0.0309442 0.996931 0.0719083 6.32996 0.202102 -0.0766974 0.976357 465.871
0.979025 -0.0176498 -0.202977 -49.0073 0.0328218 0.996891 0.0716258 6.37142 0.201082 -0.0767855 0.97656 466.636
0.979094 -0.0191229 -0.202508 -49.1838 0.0341345 0.996899 0.0708975 6.41596 0.200524 -0.0763278 0.976711 467.466
0.9794 -0.0204692 -0.200892 -49.3671 0.0353283 0.996875 0.0706612 6.4635 0.198817 -0.0763027 0.977062 468.289
0.979664 -0.0232114 -0.199297 -49.5383 0.037995 0.996775 0.0706774 6.50461 0.197014 -0.0768124 0.977387 469.118
0.980052 -0.024536 -0.197224 -49.7039 0.0390719 0.996771 0.0701525 6.55032 0.194866 -0.076459 0.977845 469.955
0.980385 -0.0264707 -0.195309 -49.8672 0.0408222 0.996724 0.0698249 6.59398 0.192821 -0.0764282 0.978253 470.803
0.980984 -0.0288136 -0.191937 -50.0355 0.042885 0.996655 0.0695661 6.64026 0.18929 -0.0764745 0.978939 471.651
0.981427 -0.0318764 -0.189172 -50.204 0.0456988 0.996558 0.0691614 6.6828 0.186316 -0.0765218 0.979505 472.494
0.981809 -0.034056 -0.186795 -50.3586 0.0477168 0.996466 0.0691301 6.7291 0.183781 -0.0767858 0.979964 473.354
0.982466 -0.0363981 -0.182857 -50.5295 0.0499163 0.996306 0.069877 6.77725 0.179638 -0.0777792 0.980653 474.216
0.982863 -0.0386804 -0.180232 -50.6795 0.0520999 0.996163 0.0703266 6.82463 0.17682 -0.0785115 0.981107 475.076
0.983357 -0.0412106 -0.176949 -50.8423 0.0543097 0.996079 0.0698324 6.8715 0.173378 -0.0782802 0.98174 475.973
0.983835 -0.043471 -0.17372 -50.9932 0.0562619 0.996002 0.0693947 6.92071 0.170009 -0.0780467 0.982347 476.846
0.984482 -0.0450579 -0.169603 -51.1501 0.0576603 0.99587 0.0701268 6.96965 0.165743 -0.078818 0.983014 477.746
0.984966 -0.0462372 -0.166443 -51.3067 0.0587903 0.995721 0.0712981 7.02225 0.162435 -0.0800115 0.98347 478.668
0.985274 -0.0476484 -0.164212 -51.4569 0.0600917 0.995617 0.0716586 7.07297 0.160078 -0.0804711 0.983819 479.61
0.985951 -0.0491341 -0.159648 -51.657 0.0610057 0.995657 0.0703297 7.13964 0.155498 -0.079081 0.984666 480.769
0.986408 -0.0502776 -0.156437 -51.8231 0.0617114 0.995699 0.0691092 7.19859 0.15229 -0.0778238 0.985267 481.786
0.987191 -0.0527943 -0.150552 -52.0389 0.0636693 0.995628 0.0683506 7.27432 0.146286 -0.0770607 0.986237 483.059
0.987829 -0.0554908 -0.14531 -52.2408 0.0660352 0.995444 0.0687734 7.34732 0.140832 -0.0775319 0.986993 484.329
0.988307 -0.0592302 -0.140504 -52.456 0.069518 0.995159 0.0694765 7.42787 0.135709 -0.0784316 0.98764 485.679
0.988723 -0.0616321 -0.136485 -52.5838 0.0717147 0.99495 0.0702289 7.48589 0.131467 -0.0792249 0.98815 486.681
0.989229 -0.0637904 -0.131743 -52.7078 0.0736172 0.994748 0.0711157 7.53941 0.126515 -0.0800483 0.98873 487.675
0.989643 -0.06596 -0.127504 -52.8291 0.0755904 0.99452 0.072225 7.6006 0.122041 -0.081115 0.989205 488.705
0.990024 -0.0697448 -0.122428 -52.9716 0.0791165 0.994157 0.0734311 7.66804 0.116591 -0.0823845 0.989757 489.857
0.990481 -0.0719678 -0.11734 -53.102 0.0810389 0.993926 0.0744575 7.74007 0.111269 -0.0832579 0.990297 490.997
0.991007 -0.074743 -0.110987 -53.2254 0.0833961 0.993654 0.0754818 7.81169 0.104641 -0.0840589 0.990951 492.133
0.991602 -0.076035 -0.104618 -53.3341 0.0841892 0.993557 0.0758669 7.88247 0.098175 -0.0840374 0.991615 493.276
0.992332 -0.07661 -0.0969981 -53.4522 0.0842159 0.993475 0.0769088 7.9573 0.0904732 -0.0844878 0.992309 494.454
0.992906 -0.0777016 -0.0900014 -53.5588 0.0848867 0.993257 0.078964 8.03652 0.0832588 -0.0860438 0.992806 495.64
0.993527 -0.0786115 -0.0820035 -53.6618 0.0851579 0.993179 0.0796485 8.11748 0.0751829 -0.0861162 0.993444 496.865
0.994257 -0.0785081 -0.0727339 -53.7612 0.0842457 0.993269 0.0794993 8.19644 0.066003 -0.0851702 0.994178 498.095
0.99497 -0.0772228 -0.0638115 -53.8401 0.0821853 0.993465 0.0791977 8.28295 0.0572786 -0.0840437 0.994815 499.305
0.995607 -0.0766276 -0.0538053 -53.9105 0.0807955 0.993506 0.080115 8.36709 0.0473169 -0.0841103 0.995332 500.568
0.996087 -0.0767357 -0.0438544 -53.9718 0.0800741 0.993552 0.080263 8.45013 0.0374126 -0.0834605 0.995809 501.78
0.996468 -0.0772344 -0.0329514 -54.0157 0.0796463 0.993643 0.0795566 8.53564 0.0265974 -0.0819001 0.996286 503.053
0.996566 -0.0798929 -0.0217532 -54.0468 0.081378 0.993534 0.0791701 8.62136 0.0152874 -0.0806684 0.996624 504.334
0.996477 -0.0829744 -0.0122015 -54.0453 0.0836903 0.993231 0.0805449 8.69607 0.00543578 -0.0812823 0.996676 505.433
0.996289 -0.086054 -0.00163135 -54.0222 0.0859012 0.992979 0.08133 8.77859 -0.00537887 -0.0811683 0.996686 506.613
0.995902 -0.0899719 0.00917002 -53.9907 0.0889228 0.992653 0.0820565 8.85264 -0.0164854 -0.0809048 0.996586 507.723
0.995545 -0.0920253 0.020553 -53.9404 0.0900136 0.992433 0.083511 8.93478 -0.0280826 -0.0812889 0.996295 508.89
0.99509 -0.0937806 0.031644 -53.8658 0.0907652 0.992144 0.0860903 9.018 -0.039469 -0.0827954 0.995785 510.054
0.994349 -0.0969242 0.0433083 -53.7817 0.0929082 0.991892 0.0867066 9.10262 -0.0513611 -0.082193 0.995292 511.191
0.993895 -0.0953596 0.0554886 -53.6682 0.0905079 0.992329 0.0842101 9.18589 -0.0630932 -0.0786739 0.994902 512.365
0.992102 -0.0971972 0.0792823 -53.6281 0.0905178 0.992355 0.0838936 9.26213 -0.0868304 -0.0760545 0.993316 513.401
0.990521 -0.0978699 0.0963795 -53.5056 0.0896142 0.992208 0.0865584 9.34048 -0.1041 -0.077101 0.991574 514.512
0.988527 -0.100785 0.112504 -53.3332 0.0908424 0.991766 0.0902618 9.4349 -0.120674 -0.0790061 0.989543 515.702
0.986543 -0.100556 0.128923 -53.1377 0.0889576 0.991705 0.0927813 9.52606 -0.137183 -0.080064 0.987305 516.934
0.984821 -0.100412 0.141578 -52.9147 0.0875426 0.99168 0.094381 9.62201 -0.149877 -0.0805543 0.985418 518.177
0.98273 -0.101187 0.154929 -52.682 0.086719 0.991453 0.0974707 9.73316 -0.163468 -0.0823521 0.983105 519.55
0.980486 -0.101684 0.16825 -52.4398 0.0856289 0.991287 0.100089 9.84763 -0.176961 -0.0837285 0.98065 520.884
0.978003 -0.101972 0.181965 -52.1786 0.0845713 0.991289 0.100966 9.96615 -0.190675 -0.083356 0.978108 522.28
0.975233 -0.101209 0.196665 -51.8938 0.0825074 0.991451 0.101084 10.0908 -0.205214 -0.0823537 0.975246 523.708
0.97158 -0.102584 0.213329 -51.6565 0.0824768 0.991449 0.101131 10.2312 -0.221879 -0.0806619 0.971732 525.386
0.968286 -0.102649 0.227783 -51.321 0.081116 0.991473 0.101983 10.3486 -0.236309 -0.0802714 0.968357 526.75
0.964186 -0.10418 0.243909 -50.9675 0.0809126 0.991326 0.10357 10.4773 -0.252583 -0.0801254 0.964252 528.249
0.960444 -0.104376 0.258173 -50.6111 0.0795387 0.9913 0.104873 10.602 -0.266873 -0.0801902 0.96039 529.635
0.955762 -0.105619 0.274526 -50.2239 0.078965 0.99118 0.106424 10.7308 -0.283345 -0.080038 0.955672 531.069
0.951675 -0.10563 0.288369 -49.7909 0.0775346 0.991209 0.107203 10.8597 -0.297157 -0.0796642 0.951499 532.474
0.94692 -0.107149 0.303088 -49.3713 0.0777059 0.99115 0.107623 10.986 -0.311938 -0.0783583 0.946866 533.85
0.941965 -0.107028 0.318193 -48.8949 0.0763792 0.991286 0.107321 11.1181 -0.326906 -0.0767891 0.941932 535.272
0.937044 -0.107968 0.332103 -48.4344 0.0762644 0.991319 0.107097 11.247 -0.340783 -0.0750268 0.937144 536.624
0.93207 -0.109491 0.345337 -47.937 0.076672 0.991261 0.107347 11.3747 -0.354073 -0.0735768 0.932319 537.992
0.92717 -0.109137 0.358393 -47.3997 0.0750893 0.991352 0.107628 11.5077 -0.367039 -0.0728776 0.927346 539.375
0.922027 -0.109685 0.371261 -46.8789 0.0741877 0.991311 0.108626 11.6346 -0.379949 -0.0726133 0.922153 540.723
0.917009 -0.109176 0.383635 -46.3274 0.0722767 0.991371 0.109362 11.7683 -0.392264 -0.0725582 0.916987 542.075
0.911179 -0.10821 0.397546 -45.7381 0.0696265 0.991458 0.110285 11.9036 -0.406085 -0.0728098 0.91093 543.451
0.905666 -0.10823 0.409945 -45.1514 0.0681054 0.991451 0.111292 12.0394 -0.418486 -0.0728744 0.905295 544.787
0.89979 -0.109358 0.422397 -44.5219 0.0673 0.991281 0.11328 12.1785 -0.431102 -0.0735008 0.899305 546.147
0.89417 -0.110441 0.433893 -43.889 0.0667388 0.99115 0.114748 12.3179 -0.442726 -0.0736464 0.893627 547.463
0.887976 -0.11134 0.446209 -43.2286 0.0659959 0.991059 0.115959 12.4619 -0.455131 -0.0735212 0.887384 548.825
0.881939 -0.110931 0.458125 -42.5726 0.0641401 0.991116 0.116513 12.6045 -0.46698 -0.0733734 0.881219 550.115
0.876374 -0.110464 0.468792 -41.8822 0.0626012 0.991212 0.116537 12.7491 -0.477546 -0.0727827 0.875587 551.436
0.86967 -0.108971 0.481455 -41.184 0.059329 0.991334 0.117207 12.8901 -0.490055 -0.0733672 0.868598 552.709
0.863176 -0.108038 0.49321 -40.4331 0.0569562 0.991439 0.117495 13.0405 -0.501681 -0.0733278 0.861939 554.045
0.857209 -0.1046 0.504234 -39.7081 0.0520067 0.991732 0.117315 13.1847 -0.512337 -0.0743403 0.855561 555.308
0.850205 -0.103225 0.516233 -38.9487 0.0492672 0.991886 0.117195 13.3291 -0.524142 -0.0742066 0.848392 556.603
0.843064 -0.102551 0.527945 -38.1862 0.0470823 0.991956 0.117498 13.473 -0.535748 -0.0742015 0.841111 557.85
0.836578 -0.102366 0.5382 -37.401 0.0453557 0.991957 0.118171 13.618 -0.545968 -0.0744486 0.834492 559.094
0.830324 -0.102268 0.547817 -36.5796 0.043191 0.99187 0.119701 13.764 -0.555605 -0.0757295 0.827991 560.346
0.824297 -0.10301 0.556708 -35.75 0.0414743 0.991653 0.12208 13.9159 -0.564637 -0.0775414 0.821689 561.603
0.819233 -0.10209 0.5643 -34.9207 0.0379924 0.991526 0.124225 14.0693 -0.572201 -0.0803304 0.81617 562.846
0.814926 -0.101191 0.570663 -34.0918 0.0358416 0.991554 0.124641 14.2221 -0.578456 -0.0811195 0.81167 564.034
0.811071 -0.0997814 0.576374 -33.2266 0.0333537 0.991629 0.124735 14.3764 -0.583996 -0.0819447 0.80761 565.277
0.808312 -0.0987427 0.580415 -32.395 0.0314119 0.991664 0.124961 14.5325 -0.587915 -0.0827753 0.804676 566.447
0.805876 -0.0973584 0.584025 -31.5371 0.029835 0.991812 0.124169 14.6856 -0.591332 -0.0826406 0.802183 567.669
0.803273 -0.093669 0.588199 -30.6563 0.0259669 0.992125 0.122531 14.8388 -0.595045 -0.0831524 0.799379 568.857
0.800773 -0.0927211 0.591747 -29.8115 0.0247798 0.992228 0.12194 14.9854 -0.598455 -0.0829826 0.796848 570.021
0.79941 -0.0933621 0.593487 -28.9271 0.0252055 0.992194 0.122132 15.1416 -0.600257 -0.0826743 0.795523 571.25
0.798007 -0.091837 0.59561 -28.0631 0.0240758 0.99239 0.120759 15.2837 -0.602168 -0.0820269 0.794145 572.393
0.797622 -0.0889676 0.59656 -27.1803 0.0210358 0.992563 0.1199 15.4352 -0.602791 -0.0830855 0.793562 573.574
0.796472 -0.0890926 0.598076 -26.3114 0.0203916 0.992481 0.120689 15.5793 -0.604332 -0.0839298 0.7923 574.754
0.79698 -0.0862324 0.597818 -25.4064 0.0160253 0.992427 0.121789 15.7363 -0.603793 -0.087483 0.792326 575.958
0.796781 -0.0858077 0.598145 -24.549 0.0144376 0.992287 0.123118 15.882 -0.604096 -0.0894622 0.791874 577.12
0.797059 -0.0849568 0.597896 -23.685 0.0127073 0.992196 0.124044 16.0334 -0.603768 -0.0912724 0.791918 578.304
0.797259 -0.0840489 0.597757 -22.7957 0.0111424 0.992139 0.124641 16.1885 -0.603534 -0.0927105 0.791929 579.49
0.798513 -0.0826391 0.596278 -21.9092 0.0094178 0.992126 0.124888 16.3462 -0.601904 -0.0941093 0.793004 580.684
0.7992 -0.0826931 0.59535 -21.0566 0.00966185 0.992131 0.124835 16.4935 -0.600988 -0.094016 0.79371 581.852
0.80128 -0.0799181 0.592928 -20.1745 0.0066855 0.992173 0.124696 16.6498 -0.598252 -0.0959522 0.795543 583.025
0.803195 -0.0793465 0.590408 -19.3395 0.00630087 0.992166 0.124768 16.7979 -0.595683 -0.096493 0.797403 584.193
0.805907 -0.0776977 0.586922 -18.4605 0.00432625 0.992097 0.125395 16.9567 -0.592027 -0.0985176 0.799874 585.403
0.808888 -0.0785133 0.582697 -17.6284 0.00504264 0.991934 0.126654 17.1088 -0.587941 -0.0995109 0.80276 586.569
0.812555 -0.0776272 0.577693 -16.781 0.00372586 0.991764 0.128027 17.2643 -0.582873 -0.101877 0.806152 587.756
0.817159 -0.0772025 0.571219 -15.9512 0.00425409 0.991771 0.127956 17.419 -0.576397 -0.10213 0.810763 588.947
0.821809 -0.0740369 0.564932 -15.1394 0.00258447 0.991996 0.126246 17.5732 -0.569757 -0.10229 0.815422 590.131
0.826863 -0.0720266 0.557772 -14.319 0.00118721 0.991987 0.126338 17.7324 -0.562402 -0.103802 0.820323 591.347
0.831385 -0.0724559 0.550954 -13.5229 0.00118556 0.991692 0.128628 17.8877 -0.555696 -0.106286 0.824564 592.558
0.837382 -0.0727535 0.541755 -12.7262 0.00134356 0.991374 0.131057 18.0507 -0.546616 -0.109017 0.830256 593.786
0.842509 -0.0711192 0.533968 -11.9567 0.000866972 0.991424 0.13068 18.2069 -0.538682 -0.109636 0.835345 595.011
0.847843 -0.0681038 0.525856 -11.1826 -0.000537296 0.991607 0.12929 18.3682 -0.530247 -0.1099 0.84069 596.239
0.853645 -0.0656484 0.516702 -10.4398 -0.00208157 0.991587 0.129423 18.5257 -0.520851 -0.111557 0.846327 597.478
0.859179 -0.0635262 0.507717 -9.71966 -0.00321659 0.991573 0.12951 18.6851 -0.511666 -0.112905 0.851734 598.712
0.865628 -0.060064 0.497072 -8.98398 -0.00573946 0.991523 0.129806 18.8452 -0.500655 -0.115217 0.857945 599.994
0.871242 -0.0582442 0.487386 -8.29743 -0.00649927 0.991479 0.130103 19.0002 -0.49081 -0.116519 0.86344 601.216
0.877686 -0.0566767 0.475873 -7.59283 -0.00675583 0.99142 0.130539 19.1607 -0.479188 -0.117787 0.869773 602.507
0.884111 -0.0562033 0.463886 -6.9332 -0.00553273 0.991412 0.130662 19.321 -0.467245 -0.118086 0.876207 603.773
0.890725 -0.0548511 0.451221 -6.26587 -0.00514647 0.991412 0.130677 19.4804 -0.454513 -0.118719 0.882793 605.065
0.897173 -0.0531602 0.438469 -5.6407 -0.00476963 0.991507 0.12997 19.6338 -0.441654 -0.118697 0.889299 606.343
0.90379 -0.050509 0.424985 -5.01943 -0.00596869 0.991427 0.130523 19.7972 -0.427934 -0.120502 0.895741 607.661
0.910089 -0.0496857 0.411424 -4.42655 -0.00521485 0.991335 0.131254 19.9557 -0.41438 -0.121599 0.901944 608.982
0.916354 -0.0463951 0.397673 -3.85369 -0.00641726 0.991434 0.130454 20.1125 -0.400318 -0.122094 0.908206 610.29
0.922059 -0.0441671 0.384523 -3.30873 -0.00697671 0.99141 0.130605 20.2721 -0.386988 -0.123108 0.91383 611.617
0.928141 -0.041578 0.3699 -2.76834 -0.00793317 0.991307 0.131332 20.4349 -0.372145 -0.124829 0.919742 612.969
0.933364 -0.039168 0.356787 -2.26703 -0.00857847 0.99131 0.131267 20.5886 -0.358828 -0.125581 0.924917 614.286
0.93893 -0.0353161 0.34229 -1.77039 -0.0102579 0.991405 0.130427 20.7523 -0.343954 -0.125973 0.930498 615.663
0.943935 -0.0341196 0.328364 -1.29667 -0.00932573 0.991492 0.129832 20.9092 -0.33 -0.125615 0.935586 617.013
0.948701 -0.0316677 0.314586 -0.867575 -0.00981552 0.991542 0.129414 21.0627 -0.316024 -0.125863 0.940366 618.33
0.953638 -0.0309994 0.299356 -0.426024 -0.00831702 0.991587 0.129177 21.2236 -0.300842 -0.125678 0.945357 619.726
0.957998 -0.0296671 0.285237 -0.0297861 -0.00720467 0.991831 0.127357 21.3727 -0.286685 -0.124063 0.949958 621.067
0.962653 -0.0294901 0.269126 0.364968 -0.00452364 0.992159 0.124899 21.5273 -0.270699 -0.121452 0.954972 622.484
0.967041 -0.0286767 0.253001 0.720293 -0.00280959 0.992375 0.123221 21.6729 -0.254605 -0.119871 0.959587 623.822
0.97155 -0.0281932 0.23515 1.06119 -0.000756603 0.992515 0.122123 21.8194 -0.236833 -0.118826 0.964256 625.221
0.975454 -0.0267387 0.218574 1.37118 -3.93456e-05 0.992579 0.1216 21.9654 -0.220203 -0.118624 0.968214 626.61
0.979197 -0.0255656 0.201293 1.65493 0.000919286 0.99258 0.121593 22.1075 -0.202908 -0.118878 0.971955 627.996
0.982692 -0.0238005 0.183714 1.91311 0.00140506 0.992641 0.121083 22.2477 -0.185244 -0.118729 0.975494 629.374
0.985967 -0.0227868 0.165379 2.14573 0.00269626 0.992685 0.120702 22.3898 -0.16692 -0.118563 0.978816 630.78
0.989014 -0.0215186 0.146249 2.35052 0.0037556 0.992686 0.120664 22.5299 -0.147776 -0.118789 0.981861 632.156
0.991607 -0.0205796 0.127641 2.5238 0.0050257 0.99264 0.121 22.6662 -0.129192 -0.119343 0.984412 633.535
0.993921 -0.020106 0.108243 2.67757 0.00683706 0.992557 0.121585 22.8055 -0.109882 -0.120106 0.986661 634.908
0.995774 -0.0199374 0.0896503 2.79084 0.00892313 0.992537 0.121619 22.9385 -0.0914059 -0.120305 0.98852 636.287
0.997239 -0.0191356 0.0717575 2.88421 0.0103469 0.99261 0.120905 23.0644 -0.0735408 -0.119828 0.990067 637.578
0.998407 -0.018793 0.0532002 2.95615 0.0122939 0.992703 0.119953 23.193 -0.0550663 -0.119108 0.991353 638.946
0.999245 -0.017424 0.0347274 2.99861 0.0131827 0.992828 0.118819 23.3186 -0.0365486 -0.118272 0.992308 640.276
0.999717 -0.0161593 0.0174806 3.01411 0.0139937 0.992962 0.117608 23.4364 -0.019258 -0.11733 0.992906 641.536
0.999902 -0.013962 -0.000520483 3.00703 0.0139275 0.993088 0.116546 23.5523 -0.00111033 -0.116542 0.993185 642.814
0.999805 -0.0113543 -0.0161809 2.98106 0.013159 0.99314 0.116187 23.6635 0.0147506 -0.116377 0.993096 644.03
0.999411 -0.00880214 -0.0331835 2.9329 0.0125972 0.993175 0.115954 23.7751 0.0319363 -0.116304 0.9927 645.282
0.99884 -0.0066725 -0.0476838 2.86635 0.0121361 0.993265 0.115226 23.8783 0.0465938 -0.115671 0.992194 646.458
0.998112 -0.00396341 -0.0612936 2.78615 0.0109346 0.993441 0.113821 23.9845 0.0604405 -0.114277 0.991609 647.642
0.997266 -0.00139727 -0.073882 2.68857 0.00971542 0.993621 0.112348 24.0852 0.0732538 -0.112759 0.990919 648.801
0.996375 0.000340039 -0.0850737 2.58994 0.00914125 0.993775 0.111034 24.1855 0.0845818 -0.111409 0.990169 649.919
0.995555 0.000414532 -0.0941782 2.4711 0.00993615 0.993947 0.10941 24.2846 0.0936534 -0.109859 0.989525 651.068
0.99483 -0.000641646 -0.101557 2.35056 0.0115478 0.994209 0.106838 24.3742 0.1009 -0.107459 0.989076 652.164
0.994228 -0.00320845 -0.10724 2.22978 0.0145157 0.994385 0.104826 24.4614 0.106301 -0.105777 0.988692 653.232
0.993647 -0.00574532 -0.112396 2.10848 0.0175745 0.994365 0.104541 24.5467 0.111162 -0.105852 0.988149 654.296
0.992926 -0.00926455 -0.118377 1.98501 0.0217772 0.99425 0.10485 24.6291 0.116725 -0.106687 0.987418 655.343
0.992353 -0.011048 -0.122941 1.85692 0.024159 0.994108 0.105671 24.7044 0.121049 -0.107834 0.986772 656.307
0.991865 -0.012703 -0.126661 1.72542 0.0263319 0.993962 0.106515 24.7841 0.124543 -0.108984 0.986211 657.321
0.991336 -0.0136607 -0.130638 1.59969 0.0278221 0.993848 0.1072 24.8566 0.12837 -0.109906 0.985618 658.233
0.990976 -0.0152445 -0.133173 1.47696 0.0297872 0.993715 0.107902 24.9289 0.130691 -0.110896 0.985201 659.145
0.990665 -0.0155857 -0.135428 1.35198 0.0303833 0.993698 0.107896 25.0003 0.132893 -0.111003 0.984895 660.02
0.990509 -0.0159803 -0.136517 1.2194 0.0307897 0.993775 0.107068 25.0715 0.133956 -0.110255 0.984835 660.9
0.99032 -0.0166381 -0.137801 1.10332 0.0314352 0.993879 0.105911 25.1366 0.135196 -0.109218 0.984781 661.725
0.990098 -0.017402 -0.139294 0.988253 0.0321636 0.994011 0.104436 25.2039 0.136643 -0.107882 0.984729 662.541
0.989965 -0.0188292 -0.140056 0.868484 0.0334275 0.994159 0.102621 25.2658 0.137306 -0.106273 0.984811 663.341
0.989971 -0.0191289 -0.139968 0.748604 0.0334107 0.994385 0.10041 25.3279 0.137262 -0.104079 0.985052 664.134
0.989882 -0.0193245 -0.140571 0.638586 0.0334704 0.994527 0.0989748 25.3905 0.137889 -0.102678 0.985111 664.925
0.989723 -0.0201814 -0.14157 0.520479 0.0344156 0.994509 0.0988299 25.4499 0.138798 -0.102686 0.984983 665.708
0.989711 -0.0200809 -0.141667 0.405477 0.0344247 0.994438 0.0995381 25.5114 0.13888 -0.103391 0.984897 666.476
0.989708 -0.0201465 -0.141678 0.289537 0.034644 0.994322 0.100618 25.5729 0.138846 -0.104491 0.984786 667.248
0.989741 -0.0194822 -0.141538 0.176997 0.0340228 0.994299 0.101052 25.6306 0.138762 -0.10483 0.984762 667.988
0.989839 -0.0200818 -0.140771 0.068449 0.0345681 0.994262 0.10123 25.6862 0.137931 -0.105068 0.984853 668.721
0.989856 -0.0200664 -0.140653 -0.0354599 0.0345583 0.99425 0.10136 25.7422 0.13781 -0.105193 0.984857 669.437
0.989933 -0.0206758 -0.14002 -0.137423 0.0351075 0.994226 0.101397 25.7969 0.137115 -0.105292 0.984943 670.123
0.989865 -0.0216401 -0.140354 -0.236313 0.0361711 0.994145 0.101822 25.85 0.137328 -0.105867 0.984852 670.794
0.989834 -0.0224372 -0.140444 -0.333315 0.0370336 0.994075 0.102196 25.901 0.137319 -0.106358 0.9848 671.46
0.989739 -0.0226469 -0.141083 -0.423964 0.0373594 0.994029 0.102524 25.9515 0.137918 -0.106743 0.984675 672.1
0.98972 -0.023594 -0.141058 -0.512807 0.0383376 0.99397 0.102736 25.9983 0.137784 -0.107088 0.984656 672.708
0.989637 -0.0237595 -0.141614 -0.601562 0.0385863 0.993944 0.102891 26.0467 0.138312 -0.107289 0.98456 673.316
0.989626 -0.0246106 -0.141542 -0.685504 0.0394558 0.993893 0.103052 26.0913 0.138141 -0.107568 0.984554 673.883
0.989543 -0.0251551 -0.142031 -0.765009 0.040108 0.993829 0.103419 26.1338 0.138553 -0.108034 0.984445 674.444
0.989561 -0.0248389 -0.141959 -0.845969 0.0398477 0.993791 0.103882 26.1774 0.138497 -0.108455 0.984407 674.958
0.989502 -0.0250069 -0.142337 -0.91859 0.0401084 0.993743 0.104238 26.2188 0.13884 -0.108853 0.984314 675.485
0.989438 -0.0257685 -0.142651 -0.98921 0.0409503 0.993678 0.104536 26.2564 0.139055 -0.109274 0.984237 675.948
0.989491 -0.0267472 -0.142097 -1.05226 0.0419391 0.993586 0.105018 26.2909 0.138377 -0.109874 0.984266 676.408
0.989453 -0.0269112 -0.142336 -1.11771 0.0422008 0.993522 0.105517 26.3269 0.138574 -0.11041 0.984178 676.847
0.98952 -0.0266868 -0.141908 -1.17896 0.0419397 0.993523 0.105606 26.3613 0.13817 -0.110451 0.984231 677.267
0.989657 -0.0262793 -0.14103 -1.23666 0.0414257 0.99355 0.105562 26.3932 0.137346 -0.110313 0.984361 677.662
0.989812 -0.0262268 -0.139946 -1.29078 0.0412599 0.99355 0.105626 26.4217 0.136273 -0.110324 0.984509 678.037
0.989931 -0.0266922 -0.139012 -1.33957 0.0416532 0.993509 0.105853 26.4495 0.135284 -0.110578 0.984617 678.376
0.98998 -0.0266223 -0.138678 -1.38594 0.041567 0.993496 0.106011 26.4755 0.134954 -0.110713 0.984647 678.696
0.990122 -0.0260532 -0.13777 -1.42844 0.0409431 0.993483 0.106375 26.4979 0.134101 -0.110965 0.984735 678.991
0.990197 -0.0262995 -0.137177 -1.46236 0.0411572 0.993447 0.106625 26.5201 0.133474 -0.111226 0.984791 679.259
0.990235 -0.0267667 -0.136814 -1.50023 0.041532 0.993473 0.106236 26.5405 0.133077 -0.11088 0.984884 679.511
0.990289 -0.0273264 -0.13631 -1.52849 0.0419932 0.993488 0.105913 26.5569 0.132529 -0.110608 0.984988 679.735
0.990349 -0.0275279 -0.135832 -1.56056 0.0421634 0.993464 0.106076 26.5741 0.132024 -0.11078 0.985037 679.936
0.99044 -0.027142 -0.135251 -1.58583 0.0416689 0.993518 0.105763 26.588 0.131504 -0.110387 0.985151 680.109
0.990451 -0.0265859 -0.13528 -1.60499 0.041085 0.993566 0.105543 26.6024 0.131603 -0.110093 0.98517 680.279
0.990548 -0.0265602 -0.134572 -1.62673 0.0409865 0.993564 0.105592 26.6136 0.130902 -0.11011 0.985262 680.422
0.990545 -0.0267313 -0.134562 -1.6413 0.0411527 0.993561 0.10556 26.6227 0.130874 -0.1101 0.985267 680.535
0.990579 -0.0267394 -0.134311 -1.65665 0.0410951 0.993593 0.105277 26.631 0.130635 -0.109805 0.985331 680.645
0.990619 -0.0266218 -0.134035 -1.6737 0.040895 0.993643 0.104888 26.6402 0.130391 -0.109386 0.98541 680.75
0.990575 -0.0265205 -0.13438 -1.68166 0.0406917 0.993762 0.103832 26.6465 0.130788 -0.108322 0.985475 680.829
0.990624 -0.0268476 -0.133954 -1.69434 0.0407963 0.993896 0.102499 26.6537 0.130384 -0.107002 0.985673 680.916
0.990635 -0.027235 -0.133793 -1.70415 0.0410074 0.994012 0.101287 26.6568 0.130233 -0.105825 0.98582 680.986
0.990685 -0.0272493 -0.133423 -1.71175 0.0409205 0.994063 0.100821 26.6634 0.129883 -0.105341 0.985918 681.065
0.99069 -0.0272884 -0.133377 -1.72202 0.040982 0.994039 0.101027 26.6693 0.129825 -0.105552 0.985903 681.133
0.990759 -0.026901 -0.13294 -1.73256 0.0405248 0.994075 0.100863 26.6739 0.129439 -0.105318 0.985979 681.195
0.990758 -0.0270425 -0.132916 -1.73815 0.0406759 0.99406 0.100952 26.6795 0.129396 -0.105425 0.985973 681.26
0.99078 -0.0271424 -0.132738 -1.74552 0.0407966 0.994024 0.101254 26.6824 0.129196 -0.105736 0.985966 681.308
0.990789 -0.0271304 -0.132673 -1.75244 0.0407732 0.994028 0.10122 26.6858 0.129135 -0.105697 0.985978 681.352
0.99079 -0.0269795 -0.132697 -1.75596 0.0406077 0.994048 0.101093 26.689 0.12918 -0.10555 0.985988 681.399
0.990832 -0.0269399 -0.132388 -1.76373 0.0405457 0.994042 0.101177 26.693 0.128873 -0.105618 0.986021 681.437
0.990834 -0.0270391 -0.132352 -1.76607 0.0406157 0.994059 0.10098 26.6941 0.128835 -0.10543 0.986046 681.464
0.990806 -0.0271707 -0.132534 -1.76659 0.0407368 0.994078 0.100747 26.6953 0.129012 -0.10522 0.986045 681.478
0.990799 -0.0272988 -0.132561 -1.76981 0.0408329 0.994101 0.100478 26.6981 0.129036 -0.104966 0.986069 681.505
0.990821 -0.0270839 -0.132437 -1.77155 0.0405521 0.994153 0.100081 26.698 0.128952 -0.104533 0.986126 681.509
0.990842 -0.0269073 -0.132317 -1.77281 0.0403315 0.994185 0.0998457 26.6989 0.128861 -0.104268 0.986166 681.524
0.990857 -0.0270635 -0.132174 -1.77273 0.0404729 0.99418 0.0998452 26.7005 0.128702 -0.104282 0.986185 681.532
0.990869 -0.0270244 -0.132095 -1.77583 0.0404241 0.994182 0.0998361 26.7003 0.128628 -0.104264 0.986197 681.546
0.990853 -0.0272 -0.132175 -1.77318 0.0406214 0.994165 0.0999319 26.7011 0.128686 -0.104387 0.986176 681.549
0.990852 -0.0271226 -0.1322 -1.77655 0.0405584 0.994158 0.100024 26.7016 0.128715 -0.104471 0.986164 681.555
0.990838 -0.0270811 -0.132316 -1.7742 0.0405038 0.99418 0.0998309 26.7014 0.128843 -0.104276 0.986168 681.553
0.99086 -0.0270266 -0.132161 -1.77602 0.0403921 0.994216 0.0995199 26.7001 0.128707 -0.103949 0.98622 681.554
0.990879 -0.0269827 -0.132028 -1.77456 0.0403083 0.994239 0.099323 26.6995 0.128587 -0.103739 0.986257 681.55
0.990839 -0.0269922 -0.132328 -1.77784 0.0403883 0.994206 0.0996206 26.7008 0.128872 -0.104052 0.986187 681.558
0.990818 -0.0269998 -0.132482 -1.77287 0.0403885 0.994224 0.0994384 26.6994 0.129032 -0.103876 0.986185 681.546
0.990908 -0.027061 -0.131796 -1.77438 0.0403538 0.994243 0.099257 26.6995 0.128351 -0.103673 0.986295 681.546
0.990833 -0.0270634 -0.132352 -1.77662 0.0404437 0.994218 0.0994778 26.7002 0.128894 -0.103919 0.986198 681.555
0.990855 -0.0270196 -0.132199 -1.7746 0.0403719 0.99423 0.0993882 26.6996 0.128751 -0.103816 0.986228 681.552
0.990896 -0.026953 -0.131908 -1.77736 0.0402654 0.994241 0.0993198 26.6998 0.128471 -0.103727 0.986274 681.55
0.990846 -0.0269569 -0.132276 -1.77483 0.0403171 0.994232 0.0993879 26.7011 0.128834 -0.103811 0.986218 681.553
0.990838 -0.0270439 -0.132321 -1.77755 0.040413 0.994225 0.0994177 26.7001 0.128868 -0.103854 0.986209 681.555
0.990858 -0.0270107 -0.132177 -1.77862 0.0403557 0.994234 0.0993498 26.7004 0.128732 -0.103776 0.986235 681.551
0.990879 -0.0269977 -0.132027 -1.7758 0.0403274 0.994235 0.0993549 26.6994 0.128583 -0.103773 0.986254 681.547
0.990834 -0.0269701 -0.132367 -1.77951 0.0403415 0.99423 0.0993994 26.7009 0.128922 -0.103828 0.986204 681.559
0.990885 -0.0270081 -0.131976 -1.77874 0.0403354 0.994232 0.0993779 26.7003 0.128531 -0.103795 0.986259 681.554
0.990834 -0.0268331 -0.132394 -1.7777 0.040202 0.994239 0.0993627 26.7007 0.128965 -0.103774 0.986204 681.556
0.990876 -0.0269586 -0.132056 -1.77545 0.0402995 0.994229 0.0994185 26.6994 0.128614 -0.103833 0.986244 681.552
0.990826 -0.0269968 -0.132417 -1.77516 0.0403799 0.994223 0.0994486 26.6997 0.128967 -0.103883 0.986193 681.554
0.990847 -0.0270905 -0.132242 -1.7737 0.0404374 0.994235 0.09931 26.6998 0.128789 -0.103749 0.98623 681.551
0.990842 -0.0269473 -0.13231 -1.77707 0.0403161 0.994228 0.0994268 26.7001 0.128867 -0.10385 0.986209 681.553
0.990835 -0.0270251 -0.132347 -1.77467 0.0403916 0.99423 0.0993778 26.6993 0.128897 -0.103813 0.986209 681.548
0.990917 -0.0271348 -0.131708 -1.77247 0.0404378 0.994225 0.0994055 26.7003 0.12825 -0.103829 0.986292 681.552
