0.000000e+00
1.035972e-01
2.072146e-01
3.109426e-01
4.144342e-01
5.180552e-01
6.217945e-01
7.254331e-01
8.290217e-01
9.326401e-01
1.036259e+00
1.139870e+00
1.243482e+00
1.347123e+00
1.450715e+00
1.554338e+00
1.658123e+00
1.761684e+00
1.865325e+00
1.969045e+00
2.072658e+00
2.176270e+00
2.279891e+00
2.383506e+00
2.487121e+00
2.590858e+00
2.694477e+00
2.798094e+00
2.901752e+00
3.005450e+00
3.109061e+00
3.212804e+00
3.316427e+00
3.420055e+00
3.523653e+00
3.627291e+00
3.730950e+00
3.834620e+00
3.938239e+00
4.041853e+00
4.145344e+00
4.249050e+00
4.352654e+00
4.456217e+00
4.559950e+00
4.663568e+00
4.767160e+00
4.870780e+00
4.974395e+00
5.078155e+00
5.181626e+00
5.285264e+00
5.388879e+00
5.492469e+00
5.596086e+00
5.699829e+00
5.803444e+00
5.907083e+00
6.010675e+00
6.114289e+00
6.217903e+00
6.321664e+00
6.425257e+00
6.528878e+00
6.632492e+00
6.736130e+00
6.839721e+00
6.943357e+00
7.047080e+00
7.150722e+00
7.254310e+00
7.358072e+00
7.461665e+00
7.565428e+00
7.669021e+00
7.772764e+00
7.876401e+00
7.980139e+00
8.083735e+00
8.187473e+00
8.291089e+00
8.394871e+00
8.498447e+00
8.602061e+00
8.705824e+00
8.809417e+00
8.913034e+00
9.016670e+00
9.120390e+00
9.224027e+00
9.327617e+00
9.431356e+00
9.534978e+00
9.638592e+00
9.742353e+00
9.845951e+00
9.949563e+00
1.005333e+01
1.015692e+01
1.026055e+01
1.036415e+01
1.046776e+01
1.057150e+01
1.067515e+01
1.077874e+01
1.088235e+01
1.098597e+01
1.108961e+01
1.119333e+01
1.129694e+01
1.140068e+01
1.150432e+01
1.160803e+01
1.171165e+01
1.181539e+01
1.191901e+01
1.202262e+01
1.212636e+01
1.222998e+01
1.233372e+01
1.243734e+01
1.254108e+01
1.264469e+01
1.274830e+01
1.285205e+01
1.295566e+01
1.305928e+01
1.316301e+01
1.326664e+01
1.337037e+01
1.347399e+01
1.357772e+01
1.368134e+01
1.378497e+01
1.388858e+01
1.399232e+01
1.409594e+01
1.419957e+01
1.430316e+01
1.440693e+01
1.451052e+01
1.461418e+01
1.471788e+01
1.482149e+01
1.492511e+01
1.502874e+01
1.513234e+01
1.523607e+01
1.533969e+01
1.544331e+01
1.554693e+01
1.565067e+01
1.575428e+01
1.585790e+01
1.596151e+01
1.606513e+01
1.616877e+01
1.627248e+01
1.637610e+01
1.648002e+01
1.658348e+01
1.668707e+01
1.679082e+01
1.689445e+01
1.699805e+01
1.710178e+01
1.720540e+01
1.730914e+01
1.741276e+01
1.751637e+01
1.761999e+01
1.772373e+01
1.782734e+01
1.793096e+01
1.803457e+01
1.813834e+01
1.824195e+01
1.834588e+01
1.844925e+01
1.855303e+01
1.865662e+01
1.876028e+01
1.886388e+01
1.896763e+01
1.907124e+01
1.917485e+01
1.927846e+01
1.938207e+01
1.948571e+01
1.958932e+01
1.969292e+01
1.979655e+01
1.990017e+01
2.000377e+01
2.010738e+01
2.021104e+01
2.031471e+01
2.041825e+01
2.052185e+01
2.062549e+01
2.072914e+01
2.083269e+01
2.093630e+01
2.104004e+01
2.114366e+01
2.124727e+01
2.135101e+01
2.145465e+01
2.155825e+01
2.166201e+01
2.176565e+01
2.186934e+01
2.197296e+01
2.207669e+01
2.218025e+01
2.228386e+01
2.238755e+01
2.249116e+01
2.259487e+01
2.269851e+01
2.280222e+01
2.290591e+01
2.300961e+01
2.311335e+01
2.321698e+01
2.332074e+01
2.342434e+01
2.352797e+01
2.363168e+01
2.373532e+01
2.383891e+01
2.394256e+01
2.404616e+01
2.414991e+01
2.425350e+01
2.435724e+01
2.446086e+01
2.456449e+01
2.466823e+01
2.477183e+01
2.487560e+01
2.497928e+01
2.508292e+01
2.518654e+01
2.529028e+01
2.539402e+01
2.549764e+01
2.560129e+01
2.570499e+01
2.580862e+01
2.591244e+01
2.601609e+01
2.611971e+01
2.622345e+01
2.632706e+01
2.643080e+01
2.653444e+01
2.663814e+01
2.674177e+01
2.684553e+01
2.694926e+01
2.705297e+01
2.715661e+01
2.726022e+01
2.736384e+01
2.746745e+01
2.757122e+01
2.767481e+01
2.777845e+01
2.788209e+01
2.798568e+01
2.808927e+01
2.819289e+01
2.829650e+01
2.840012e+01
2.850373e+01
2.860736e+01
2.871099e+01
2.881471e+01
2.891832e+01
2.902194e+01
2.912559e+01
2.922917e+01
2.933278e+01
2.943640e+01
2.954004e+01
2.964363e+01
2.974725e+01
2.985099e+01
2.995460e+01
3.005822e+01
3.016185e+01
3.026557e+01
3.036919e+01
3.047283e+01
3.057642e+01
3.068003e+01
3.078366e+01
3.088727e+01
3.099103e+01
3.109463e+01
3.119837e+01
3.130202e+01
3.140559e+01
3.150932e+01
3.161295e+01
3.171668e+01
3.182046e+01
3.192432e+01
3.202793e+01
3.213176e+01
3.223551e+01
3.233914e+01
3.244286e+01
3.254649e+01
3.265025e+01
3.275385e+01
3.285747e+01
3.296120e+01
3.306482e+01
3.316856e+01
3.327218e+01
3.337594e+01
3.347953e+01
3.358315e+01
3.368689e+01
3.379050e+01
3.389426e+01
3.399786e+01
3.410160e+01
3.420531e+01
3.430898e+01
3.441257e+01
3.451625e+01
3.461992e+01
3.472354e+01
3.482729e+01
3.493090e+01
3.503452e+01
3.513813e+01
3.524175e+01
3.534548e+01
3.544910e+01
3.555272e+01
3.565637e+01
3.575982e+01
3.586346e+01
3.596714e+01
3.607068e+01
3.617417e+01
3.627778e+01
3.638140e+01
3.648503e+01
3.658862e+01
3.669224e+01
3.679589e+01
3.689949e+01
3.700308e+01
3.710683e+01
3.721044e+01
3.731406e+01
3.741781e+01
3.752141e+01
3.762516e+01
3.772877e+01
3.783238e+01
3.793612e+01
3.803962e+01
3.814325e+01
3.824699e+01
3.835058e+01
3.845429e+01
3.855796e+01
3.866157e+01
3.876529e+01
3.886891e+01
3.897253e+01
3.907616e+01
3.917977e+01
3.928352e+01
3.938714e+01
3.949073e+01
3.959437e+01
3.969797e+01
3.980174e+01
3.990532e+01
4.000893e+01
4.011242e+01
4.021617e+01
4.031978e+01
4.042342e+01
4.052714e+01
4.063077e+01
4.073438e+01
4.083798e+01
4.094162e+01
4.104522e+01
4.114885e+01
4.125244e+01
4.135619e+01
4.145980e+01
4.156344e+01
4.166715e+01
4.177064e+01
4.187438e+01
4.197801e+01
4.208162e+01
4.218523e+01
4.228885e+01
4.239261e+01
4.249621e+01
4.259991e+01
4.270356e+01
4.280719e+01
4.291081e+01
4.301441e+01
4.311815e+01
4.322178e+01
4.332551e+01
4.342912e+01
4.353274e+01
4.363635e+01
4.373997e+01
4.384361e+01
4.394742e+01
4.405088e+01
4.415444e+01
4.425807e+01
4.436168e+01
4.446530e+01
4.456890e+01
4.467265e+01
4.477612e+01
4.487973e+01
4.498347e+01
4.508698e+01
4.519060e+01
4.529413e+01
4.539782e+01
4.550139e+01
4.560493e+01
4.570853e+01
4.581218e+01
4.591567e+01
4.601926e+01
4.612276e+01
4.622637e+01
4.632999e+01
4.643360e+01
4.653722e+01
4.664083e+01
4.674445e+01
4.684816e+01
4.695180e+01
4.705530e+01
4.715891e+01
4.726253e+01
4.736614e+01
4.746983e+01
4.757340e+01
4.767711e+01
4.778076e+01
4.788435e+01
4.798784e+01
4.809145e+01
4.819507e+01
4.829860e+01
4.840220e+01
4.850568e+01
4.860928e+01
4.871305e+01
4.881639e+01
4.892004e+01
4.902363e+01
4.912723e+01
4.923072e+01
4.933434e+01
4.943796e+01
4.954157e+01
4.964521e+01
4.974880e+01
4.985242e+01
4.995604e+01
5.005952e+01
5.016321e+01
5.026678e+01
5.037037e+01
5.047398e+01
5.057748e+01
5.068109e+01
5.078470e+01
5.088832e+01
5.099194e+01
5.109554e+01
5.119904e+01
5.130266e+01
5.140627e+01
5.150989e+01
5.161350e+01
5.171712e+01
5.182076e+01
5.192435e+01
5.202796e+01
5.213158e+01
5.223520e+01
5.233881e+01
5.244255e+01
5.254616e+01
5.264982e+01
5.275340e+01
5.285701e+01
5.296081e+01
5.306436e+01
5.316799e+01
5.327174e+01
5.337547e+01
5.347911e+01
5.358272e+01
5.368631e+01
5.378993e+01
5.389369e+01
5.399728e+01
5.410090e+01
5.420452e+01
5.430813e+01
5.441187e+01
5.451551e+01
5.461910e+01
5.472285e+01
5.482646e+01
5.492995e+01
5.503363e+01
5.513717e+01
5.524080e+01
5.534441e+01
5.544805e+01
5.555164e+01
5.565528e+01
5.575891e+01
5.586249e+01
5.596617e+01
5.606972e+01
5.617338e+01
5.627696e+01
5.638057e+01
5.648406e+01
5.658768e+01
5.669129e+01
5.679509e+01
5.689867e+01
5.700228e+01
5.710590e+01
5.720951e+01
5.731314e+01
5.741672e+01
5.752048e+01
5.762412e+01
5.772774e+01
5.783170e+01
5.793502e+01
5.803866e+01
5.814228e+01
5.824599e+01
5.834966e+01
5.845325e+01
5.855891e+01
5.866038e+01
5.876410e+01
5.886774e+01
5.897141e+01
5.907495e+01
5.917870e+01
5.928230e+01
5.938603e+01
5.948968e+01
5.959327e+01
5.969701e+01
5.980063e+01
5.990437e+01
6.000798e+01
6.011172e+01
6.021534e+01
6.031908e+01
6.042270e+01
6.052631e+01
6.062996e+01
6.073354e+01
6.083716e+01
6.094095e+01
6.104454e+01
6.114813e+01
6.125175e+01
6.135549e+01
6.145910e+01
6.156271e+01
6.166646e+01
6.177008e+01
6.187369e+01
6.197730e+01
6.208091e+01
6.218466e+01
6.228827e+01
6.239189e+01
6.249551e+01
6.259915e+01
6.270291e+01
6.280648e+01
6.291018e+01
6.301384e+01
6.311745e+01
6.322114e+01
6.332468e+01
6.342838e+01
6.353192e+01
6.363565e+01
6.373927e+01
6.384309e+01
6.394671e+01
6.405012e+01
6.415433e+01
6.425740e+01
6.436096e+01
6.446475e+01
6.456821e+01
6.467188e+01
6.477543e+01
6.487903e+01
6.498354e+01
6.508672e+01
6.518997e+01
6.529355e+01
6.539715e+01
6.550082e+01
6.560434e+01
6.570976e+01
6.581168e+01
6.591533e+01
6.601894e+01
6.612255e+01
6.622616e+01
6.632977e+01
6.643352e+01
6.653724e+01
6.664079e+01
6.674448e+01
6.684807e+01
6.695163e+01
6.705523e+01
6.715900e+01
6.726284e+01
6.736613e+01
6.747010e+01
6.757321e+01
6.767848e+01
6.778030e+01
6.788378e+01
6.798741e+01
6.809093e+01
6.819513e+01
6.829801e+01
6.840154e+01
6.850512e+01
6.860870e+01
6.871223e+01
6.881651e+01
6.891983e+01
6.902299e+01
6.912643e+01
6.922993e+01
6.933339e+01
6.943688e+01
6.954038e+01
6.964386e+01
6.974738e+01
6.985083e+01
6.995435e+01
7.005784e+01
7.016132e+01
7.026514e+01
7.036896e+01
7.047179e+01
7.057530e+01
7.067875e+01
7.078236e+01
7.088642e+01
7.098929e+01
7.109278e+01
7.119670e+01
7.129987e+01
7.140324e+01
7.150669e+01
7.161037e+01
7.171353e+01
7.181731e+01
7.192061e+01
7.202403e+01
7.212755e+01
7.223104e+01
7.233454e+01
7.243790e+01
7.254137e+01
7.264486e+01
7.274837e+01
7.285187e+01
7.295535e+01
7.305883e+01
7.316219e+01
7.326565e+01
7.337067e+01
7.347279e+01
7.357642e+01
7.367975e+01
7.378335e+01
7.388685e+01
7.399045e+01
7.409398e+01
7.419744e+01
7.430112e+01
7.440454e+01
7.450804e+01
7.461165e+01
7.471515e+01
7.481874e+01
7.492265e+01
7.502604e+01
7.512924e+01
7.523332e+01
7.533683e+01
7.543997e+01
7.554345e+01
7.564719e+01
7.575057e+01
7.585434e+01
7.595765e+01
7.606126e+01
7.616491e+01
7.626874e+01
7.637230e+01
7.647605e+01
7.657964e+01
7.668324e+01
7.678697e+01
7.689060e+01
7.699419e+01
7.709784e+01
7.720161e+01
7.730515e+01
7.740880e+01
7.751273e+01
7.761609e+01
7.771982e+01
7.782336e+01
7.792698e+01
7.803086e+01
7.813423e+01
7.823783e+01
7.834147e+01
7.844512e+01
7.854887e+01
7.865244e+01
7.875602e+01
7.885966e+01
7.896339e+01
7.906703e+01
7.917078e+01
7.927437e+01
7.937906e+01
7.948178e+01
7.958547e+01
7.969008e+01
7.979267e+01
7.989669e+01
8.000004e+01
8.010367e+01
8.020726e+01
8.031090e+01
8.041463e+01
8.051823e+01
8.062235e+01
8.072627e+01
8.082913e+01
8.093273e+01
8.103647e+01
8.114010e+01
8.124372e+01
8.134729e+01
8.145090e+01
8.155464e+01
8.165825e+01
8.176224e+01
8.186554e+01
8.196985e+01
8.207276e+01
8.217647e+01
8.228011e+01
8.238369e+01
8.248780e+01
8.259097e+01
8.269499e+01
8.279829e+01
8.290189e+01
8.300554e+01
8.310915e+01
8.321280e+01
8.331639e+01
8.342009e+01
8.352376e+01
8.362743e+01
8.373099e+01
8.383466e+01
8.393822e+01
8.404178e+01
8.414574e+01
8.424910e+01
8.435272e+01
8.445630e+01
8.455996e+01
8.466357e+01
8.476713e+01
8.487084e+01
8.497446e+01
8.507807e+01
8.518169e+01
8.528531e+01
8.538883e+01
8.549245e+01
8.559631e+01
8.569987e+01
8.580343e+01
8.590706e+01
8.601068e+01
