0.000000e+00
1.032078e-01
2.066166e-01
3.104408e-01
4.139969e-01
5.177393e-01
6.213925e-01
7.251596e-01
8.287671e-01
9.323525e-01
1.036367e+00
1.139748e+00
1.243488e+00
1.347139e+00
1.450751e+00
1.554487e+00
1.658108e+00
1.762635e+00
1.865539e+00
1.969240e+00
2.072990e+00
2.176645e+00
2.280380e+00
2.384021e+00
2.487751e+00
2.591448e+00
2.695176e+00
2.798858e+00
2.902479e+00
3.006338e+00
3.109897e+00
3.213629e+00
3.317228e+00
3.421074e+00
3.524642e+00
3.628396e+00
3.732143e+00
3.836336e+00
3.939628e+00
4.043428e+00
4.147163e+00
4.250875e+00
4.354480e+00
4.458248e+00
4.561998e+00
4.665810e+00
4.769483e+00
4.873232e+00
4.977009e+00
5.080772e+00
5.184399e+00
5.288121e+00
5.391957e+00
5.495698e+00
5.599434e+00
5.702995e+00
5.806746e+00
5.910477e+00
6.014107e+00
6.117961e+00
6.221765e+00
6.325493e+00
6.429156e+00
6.532869e+00
6.636603e+00
6.740340e+00
6.843999e+00
6.947751e+00
7.051491e+00
7.155108e+00
7.259706e+00
7.362653e+00
7.466268e+00
7.570024e+00
7.673742e+00
7.777495e+00
7.881247e+00
7.984985e+00
8.088804e+00
8.192400e+00
8.296161e+00
8.399745e+00
8.503493e+00
8.607114e+00
8.710908e+00
8.814901e+00
8.919387e+00
9.022111e+00
9.126059e+00
9.229662e+00
9.333375e+00
9.437841e+00
9.540756e+00
9.644382e+00
9.748132e+00
9.851871e+00
9.955623e+00
1.005925e+01
1.016298e+01
1.026674e+01
1.037054e+01
1.047434e+01
1.057811e+01
1.068186e+01
1.078558e+01
1.088927e+01
1.099308e+01
1.109681e+01
1.120041e+01
1.130415e+01
1.140791e+01
1.151159e+01
1.161524e+01
1.171900e+01
1.182284e+01
1.192652e+01
1.203027e+01
1.213400e+01
1.223775e+01
1.234149e+01
1.244536e+01
1.254913e+01
1.265576e+01
1.275667e+01
1.286024e+01
1.296474e+01
1.306774e+01
1.317154e+01
1.327530e+01
1.337899e+01
1.348262e+01
1.358741e+01
1.369078e+01
1.379462e+01
1.389742e+01
1.400118e+01
1.410480e+01
1.420847e+01
1.431220e+01
1.441590e+01
1.451964e+01
1.462341e+01
1.472701e+01
1.483077e+01
1.493454e+01
1.503815e+01
1.514196e+01
1.524555e+01
1.534927e+01
1.545303e+01
1.555665e+01
1.566027e+01
1.576399e+01
1.586771e+01
1.597149e+01
1.607503e+01
1.617864e+01
1.628240e+01
1.638599e+01
1.648964e+01
1.659327e+01
1.669702e+01
1.680080e+01
1.690438e+01
1.700814e+01
1.711191e+01
1.721562e+01
1.731924e+01
1.742300e+01
1.752663e+01
1.763066e+01
1.773405e+01
1.783778e+01
1.794142e+01
1.804502e+01
1.814866e+01
1.825227e+01
1.835602e+01
1.845964e+01
1.856345e+01
1.866702e+01
1.877065e+01
1.887438e+01
1.897801e+01
1.908175e+01
1.918537e+01
1.928985e+01
1.939590e+01
1.949761e+01
1.960028e+01
1.970404e+01
1.980767e+01
1.991146e+01
2.001509e+01
2.011877e+01
2.022244e+01
2.032603e+01
2.042962e+01
2.053348e+01
2.063708e+01
2.074067e+01
2.084440e+01
2.094802e+01
2.105163e+01
2.115542e+01
2.125901e+01
2.136265e+01
2.146640e+01
2.157003e+01
2.167363e+01
2.177736e+01
2.188103e+01
2.198480e+01
2.208864e+01
2.219226e+01
2.229639e+01
2.239967e+01
2.250342e+01
2.260701e+01
2.271080e+01
2.281440e+01
2.291816e+01
2.302192e+01
2.312549e+01
2.322927e+01
2.333428e+01
2.343780e+01
2.354053e+01
2.364431e+01
2.374805e+01
2.385172e+01
2.395545e+01
2.405912e+01
2.416274e+01
2.426650e+01
2.437024e+01
2.447400e+01
2.457766e+01
2.468130e+01
2.478492e+01
2.488870e+01
2.499229e+01
2.509591e+01
2.519968e+01
2.530329e+01
2.540700e+01
2.551062e+01
2.561437e+01
2.571800e+01
2.582175e+01
2.592539e+01
2.602914e+01
2.613276e+01
2.623638e+01
2.634070e+01
2.644501e+01
2.654764e+01
2.665127e+01
2.675505e+01
2.685878e+01
2.696238e+01
2.706612e+01
2.716972e+01
2.727330e+01
2.737704e+01
2.748078e+01
2.758438e+01
2.768801e+01
2.779176e+01
2.789563e+01
2.799912e+01
2.810276e+01
2.820638e+01
2.831013e+01
2.841392e+01
2.851745e+01
2.862111e+01
2.872467e+01
2.882839e+01
2.893202e+01
2.903563e+01
2.913938e+01
2.924400e+01
2.934679e+01
2.945041e+01
2.955418e+01
2.965777e+01
2.976152e+01
2.986517e+01
2.996889e+01
3.007251e+01
3.017859e+01
3.027989e+01
3.038354e+01
3.048714e+01
3.059090e+01
3.069452e+01
3.079825e+01
3.090189e+01
3.100564e+01
3.111038e+01
3.121302e+01
3.131667e+01
3.142045e+01
3.152403e+01
3.162777e+01
3.173137e+01
3.183514e+01
3.193889e+01
3.204328e+01
3.214718e+01
3.224977e+01
3.235354e+01
3.245999e+01
3.256096e+01
3.266452e+01
3.276820e+01
3.287336e+01
3.297554e+01
3.307924e+01
3.318275e+01
3.328651e+01
3.339014e+01
3.349375e+01
3.359738e+01
3.370116e+01
3.380494e+01
3.390854e+01
3.401213e+01
3.411611e+01
3.421957e+01
3.432336e+01
3.442709e+01
3.453067e+01
3.463431e+01
3.473803e+01
3.484166e+01
3.494538e+01
3.504902e+01
3.515277e+01
3.525641e+01
3.536001e+01
3.546364e+01
3.556735e+01
3.567095e+01
3.577472e+01
3.587827e+01
3.598201e+01
3.608564e+01
3.618940e+01
3.629302e+01
3.639676e+01
3.650047e+01
3.660412e+01
3.670784e+01
3.681141e+01
3.691523e+01
3.701882e+01
3.712238e+01
3.722603e+01
3.733000e+01
3.743341e+01
3.753813e+01
3.764067e+01
3.774429e+01
3.784791e+01
3.795169e+01
3.805530e+01
3.815902e+01
3.826264e+01
3.836642e+01
3.847002e+01
3.857383e+01
3.867742e+01
3.878115e+01
3.888480e+01
3.898846e+01
3.909237e+01
3.919579e+01
3.929956e+01
3.940315e+01
3.950695e+01
3.961050e+01
3.971426e+01
3.981797e+01
3.992170e+01
4.002542e+01
4.012905e+01
4.023283e+01
4.033642e+01
4.044019e+01
4.054392e+01
4.064751e+01
4.075125e+01
4.085489e+01
4.095864e+01
4.106229e+01
4.116608e+01
4.126980e+01
4.137342e+01
4.147717e+01
4.158076e+01
4.168442e+01
4.178804e+01
4.189167e+01
4.199526e+01
4.209906e+01
4.220275e+01
4.230629e+01
4.241005e+01
4.251384e+01
4.261745e+01
4.272114e+01
4.282488e+01
4.292922e+01
4.303226e+01
4.313606e+01
4.323967e+01
4.334338e+01
4.344705e+01
4.355080e+01
4.365439e+01
4.375815e+01
4.386178e+01
4.396561e+01
4.406914e+01
4.417283e+01
4.427652e+01
4.438017e+01
4.448393e+01
4.458768e+01
4.469147e+01
4.479522e+01
4.489893e+01
4.500255e+01
4.510616e+01
4.520997e+01
4.531354e+01
4.541727e+01
4.552088e+01
4.562466e+01
4.572849e+01
4.583210e+01
4.593580e+01
4.603941e+01
4.614305e+01
4.624681e+01
4.635042e+01
4.645416e+01
4.655778e+01
4.666157e+01
4.676516e+01
4.686877e+01
4.697252e+01
4.707615e+01
4.718005e+01
4.728362e+01
4.738723e+01
4.749078e+01
4.759446e+01
4.769820e+01
4.780180e+01
4.790554e+01
4.800913e+01
4.811291e+01
4.821657e+01
4.832027e+01
4.842391e+01
4.852786e+01
4.863130e+01
4.873490e+01
4.883864e+01
4.894389e+01
4.904601e+01
4.915014e+01
4.925685e+01
4.935705e+01
4.946067e+01
4.956444e+01
4.966803e+01
4.977181e+01
4.987546e+01
4.997915e+01
5.008281e+01
5.018645e+01
5.029017e+01
5.039379e+01
5.049751e+01
5.060127e+01
5.070502e+01
5.080867e+01
5.091241e+01
5.101604e+01
5.111985e+01
5.122361e+01
5.132706e+01
5.143067e+01
5.153428e+01
5.163789e+01
5.174165e+01
5.184528e+01
5.194889e+01
5.205264e+01
5.215639e+01
5.226033e+01
5.236416e+01
5.246760e+01
5.257123e+01
5.267482e+01
5.277854e+01
5.288214e+01
5.298593e+01
5.308985e+01
5.319358e+01
5.329699e+01
5.340054e+01
5.350430e+01
5.360890e+01
5.371247e+01
5.381543e+01
5.391905e+01
5.402279e+01
5.412643e+01
5.423018e+01
5.433398e+01
5.443757e+01
5.454130e+01
5.464503e+01
5.474878e+01
5.485252e+01
5.495628e+01
5.506024e+01
5.516377e+01
5.526743e+01
5.537107e+01
5.547478e+01
5.557868e+01
5.568219e+01
5.578697e+01
5.588953e+01
5.599316e+01
5.609689e+01
5.620067e+01
5.630428e+01
5.640809e+01
5.651168e+01
5.661546e+01
5.671905e+01
5.682267e+01
5.692640e+01
5.703014e+01
5.713377e+01
5.723762e+01
5.734149e+01
5.744497e+01
5.754883e+01
5.765233e+01
5.775593e+01
5.785970e+01
5.796340e+01
5.806703e+01
5.817077e+01
5.827443e+01
5.837825e+01
5.848172e+01
5.858542e+01
5.868903e+01
5.879280e+01
5.889646e+01
5.900008e+01
5.910366e+01
5.920740e+01
5.931102e+01
5.941472e+01
5.951841e+01
5.962206e+01
5.972571e+01
5.982935e+01
5.993304e+01
6.003672e+01
6.014046e+01
6.024415e+01
6.034779e+01
6.045158e+01
6.055521e+01
6.065895e+01
6.076254e+01
6.086619e+01
6.096989e+01
6.107353e+01
6.117728e+01
6.128094e+01
6.138470e+01
6.148831e+01
6.159194e+01
6.169563e+01
6.179919e+01
6.190292e+01
6.200655e+01
6.211108e+01
6.221480e+01
6.231773e+01
6.242136e+01
6.252506e+01
6.262881e+01
6.273245e+01
6.283618e+01
6.293978e+01
6.304353e+01
6.314717e+01
6.325093e+01
6.335469e+01
6.345850e+01
6.356207e+01
6.366578e+01
6.376952e+01
6.387319e+01
6.397694e+01
6.408068e+01
6.418449e+01
6.428806e+01
6.439185e+01
6.449553e+01
6.459927e+01
6.470295e+01
6.480668e+01
6.491033e+01
6.501445e+01
6.511768e+01
6.522143e+01
6.532516e+01
6.542882e+01
6.553256e+01
6.563666e+01
6.573992e+01
6.584369e+01
6.594745e+01
6.605118e+01
6.615490e+01
6.625871e+01
6.636233e+01
6.646610e+01
6.656981e+01
6.667360e+01
6.677717e+01
6.688094e+01
6.698457e+01
6.708829e+01
6.719204e+01
6.729565e+01
6.739947e+01
6.750340e+01
6.760684e+01
6.771043e+01
6.781416e+01
6.791778e+01
6.802153e+01
6.812518e+01
6.822893e+01
6.833286e+01
6.843643e+01
6.853992e+01
6.864367e+01
6.874741e+01
6.885115e+01
6.895481e+01
6.905853e+01
6.916219e+01
6.926600e+01
6.936955e+01
6.947334e+01
6.957690e+01
6.968065e+01
6.978448e+01
6.988809e+01
6.999182e+01
7.009546e+01
7.019904e+01
7.030283e+01
7.040651e+01
7.051016e+01
7.061379e+01
7.071754e+01
7.082145e+01
7.092496e+01
7.102869e+01
7.113269e+01
7.123611e+01
7.133970e+01
7.144341e+01
7.154706e+01
7.165066e+01
7.175441e+01
7.185806e+01
7.196191e+01
7.206547e+01
7.216903e+01
7.227278e+01
7.237641e+01
7.248004e+01
7.258379e+01
7.268760e+01
7.279131e+01
7.289496e+01
7.299868e+01
7.310242e+01
7.320604e+01
7.330978e+01
7.341341e+01
7.351706e+01
7.362083e+01
7.372450e+01
7.382825e+01
7.393200e+01
7.403555e+01
7.413931e+01
7.424294e+01
7.434666e+01
7.445032e+01
7.455411e+01
7.465781e+01
7.476170e+01
7.486520e+01
7.496891e+01
7.507254e+01
7.517629e+01
7.528019e+01
7.538390e+01
7.548765e+01
7.559118e+01
7.569492e+01
7.579854e+01
7.590241e+01
7.600602e+01
7.610994e+01
7.621383e+01
7.631720e+01
7.642084e+01
7.652464e+01
7.662821e+01
7.673192e+01
7.683554e+01
7.693916e+01
7.704292e+01
7.714667e+01
7.725028e+01
7.735407e+01
7.745768e+01
7.756151e+01
7.766509e+01
7.776885e+01
7.787261e+01
7.797621e+01
7.807979e+01
7.818355e+01
7.828718e+01
7.839103e+01
7.849496e+01
7.859832e+01
7.870205e+01
7.880584e+01
7.890957e+01
7.901334e+01
7.911694e+01
7.922070e+01
7.932441e+01
7.942817e+01
7.953178e+01
7.963554e+01
7.973929e+01
7.984294e+01
7.994684e+01
8.005055e+01
8.015443e+01
8.025793e+01
8.036159e+01
8.046536e+01
8.056928e+01
8.067267e+01
8.077629e+01
8.087992e+01
8.098365e+01
8.108730e+01
8.119171e+01
8.129808e+01
8.139889e+01
8.150209e+01
8.160569e+01
8.170943e+01
8.181308e+01
8.191686e+01
8.202042e+01
8.212418e+01
8.222793e+01
8.233155e+01
8.243533e+01
8.253908e+01
8.264272e+01
8.274634e+01
8.285008e+01
8.295366e+01
8.305748e+01
8.316108e+01
8.326472e+01
8.336842e+01
8.347204e+01
8.357569e+01
8.367943e+01
8.378307e+01
8.388667e+01
8.399030e+01
8.409406e+01
8.419785e+01
8.430164e+01
8.440518e+01
8.450879e+01
8.461254e+01
8.471616e+01
8.481994e+01
8.492354e+01
8.502767e+01
8.513112e+01
8.523476e+01
8.533831e+01
8.544194e+01
8.554557e+01
8.564941e+01
8.575296e+01
8.585657e+01
8.596022e+01
8.606391e+01
8.616756e+01
8.627136e+01
8.637506e+01
8.647872e+01
8.658242e+01
8.668606e+01
8.678973e+01
8.689347e+01
8.699713e+01
8.710067e+01
8.720442e+01
8.730805e+01
8.741179e+01
8.751592e+01
8.761920e+01
8.772311e+01
8.782663e+01
8.793038e+01
8.803395e+01
8.813769e+01
8.824143e+01
8.834508e+01
8.844882e+01
8.855245e+01
8.865617e+01
8.875990e+01
8.886354e+01
8.896719e+01
8.907082e+01
8.917442e+01
8.927817e+01
8.938180e+01
8.948542e+01
8.958917e+01
8.969281e+01
8.979641e+01
8.990007e+01
9.000376e+01
9.010754e+01
9.021108e+01
9.031467e+01
9.041869e+01
9.052216e+01
9.062671e+01
9.072949e+01
9.083312e+01
9.093709e+01
9.104060e+01
9.114419e+01
9.124794e+01
9.135168e+01
9.145543e+01
9.155921e+01
9.166480e+01
9.176646e+01
9.187008e+01
9.197385e+01
9.207750e+01
9.218118e+01
9.228493e+01
9.238856e+01
9.249219e+01
9.259581e+01
9.269955e+01
9.280566e+01
9.290702e+01
9.301055e+01
9.311430e+01
9.321792e+01
9.332168e+01
9.342546e+01
9.352919e+01
9.363279e+01
9.373654e+01
9.384137e+01
9.394380e+01
9.404756e+01
9.415119e+01
9.425495e+01
9.435856e+01
9.446235e+01
9.456595e+01
9.466969e+01
9.477345e+01
9.487716e+01
9.498086e+01
9.508457e+01
9.518820e+01
9.529183e+01
9.539541e+01
9.549925e+01
9.560293e+01
9.570648e+01
9.581017e+01
9.591386e+01
9.601760e+01
9.612120e+01
9.622495e+01
9.632859e+01
9.643220e+01
9.653586e+01
9.663956e+01
9.674317e+01
9.684686e+01
9.695051e+01
9.705426e+01
9.715781e+01
9.726151e+01
9.736526e+01
9.746883e+01
9.757243e+01
9.767647e+01
9.777979e+01
9.788354e+01
9.798726e+01
9.809099e+01
9.819474e+01
9.829833e+01
9.840213e+01
9.850585e+01
9.860960e+01
9.871334e+01
9.881708e+01
9.892080e+01
9.902455e+01
9.912830e+01
9.923217e+01
9.933584e+01
9.943967e+01
9.954343e+01
9.964708e+01
9.975160e+01
9.985462e+01
9.995819e+01
1.000619e+02
1.001657e+02
1.002695e+02
1.003733e+02
1.004770e+02
1.005806e+02
1.006843e+02
1.007881e+02
1.008919e+02
1.009962e+02
1.010995e+02
1.012032e+02
1.013071e+02
1.014106e+02
1.015143e+02
1.016181e+02
1.017218e+02
1.018255e+02
1.019291e+02
1.020329e+02
1.021366e+02
1.022402e+02
1.023454e+02
1.024476e+02
1.025513e+02
1.026550e+02
1.027587e+02
1.028624e+02
1.029662e+02
1.030708e+02
1.031738e+02
1.032774e+02
1.033812e+02
1.034849e+02
1.035889e+02
1.036924e+02
1.037961e+02
1.038998e+02
1.040063e+02
1.041072e+02
1.042110e+02
1.043147e+02
1.044184e+02
1.045223e+02
1.046260e+02
1.047299e+02
1.048336e+02
1.049374e+02
1.050413e+02
1.051451e+02
1.052488e+02
1.053525e+02
1.054564e+02
1.055602e+02
1.056640e+02
1.057678e+02
1.058715e+02
1.059752e+02
1.060788e+02
1.061825e+02
1.062864e+02
1.063902e+02
1.064939e+02
1.065977e+02
1.067014e+02
1.068052e+02
1.069089e+02
1.070129e+02
1.071166e+02
1.072204e+02
1.073241e+02
1.074278e+02
1.075317e+02
1.076354e+02
1.077392e+02
1.078431e+02
1.079469e+02
1.080506e+02
1.081545e+02
1.082582e+02
1.083619e+02
1.084657e+02
1.085695e+02
1.086732e+02
1.087769e+02
1.088808e+02
1.089846e+02
1.090884e+02
1.091921e+02
1.092959e+02
1.093997e+02
1.095034e+02
1.096084e+02
1.097114e+02
1.098147e+02
1.099184e+02
