0.000000e+00
1.042428e-01
2.086461e-01
3.126862e-01
4.169927e-01
5.216630e-01
6.254597e-01
7.297459e-01
8.339663e-01
9.380729e-01
1.042228e+00
1.146502e+00
1.250667e+00
1.355007e+00
1.459473e+00
1.563793e+00
1.667348e+00
1.771623e+00
1.875933e+00
1.980148e+00
2.084218e+00
2.187841e+00
2.291856e+00
2.396067e+00
2.500102e+00
2.604135e+00
2.708172e+00
2.812079e+00
2.916110e+00
3.020248e+00
3.124269e+00
3.230351e+00
3.340622e+00
3.436354e+00
3.540368e+00
3.644431e+00
3.748610e+00
3.852774e+00
3.956784e+00
4.060966e+00
4.165193e+00
4.272099e+00
4.373296e+00
4.477269e+00
4.581322e+00
4.685340e+00
4.789342e+00
4.893319e+00
4.997404e+00
5.101410e+00
5.205477e+00
5.309379e+00
5.413415e+00
5.517426e+00
5.621383e+00
5.725415e+00
5.829380e+00
5.933268e+00
6.037132e+00
6.141059e+00
6.244997e+00
6.348894e+00
6.452944e+00
6.556895e+00
6.660911e+00
6.764962e+00
6.868994e+00
6.973188e+00
7.077231e+00
7.181346e+00
7.286686e+00
7.389603e+00
7.493776e+00
7.597942e+00
7.702058e+00
7.806104e+00
7.910354e+00
8.014328e+00
8.118238e+00
8.222324e+00
8.326365e+00
8.430048e+00
8.533960e+00
8.637758e+00
8.741627e+00
8.845530e+00
8.949400e+00
9.053274e+00
9.157145e+00
9.261095e+00
9.364958e+00
9.468842e+00
9.572759e+00
9.676648e+00
9.780574e+00
9.884580e+00
9.988534e+00
1.009259e+01
1.019648e+01
1.030062e+01
1.040466e+01
1.050873e+01
1.061275e+01
1.071701e+01
1.082100e+01
1.092501e+01
1.102911e+01
1.113317e+01
1.123720e+01
1.134127e+01
1.144526e+01
1.154928e+01
1.165317e+01
1.175764e+01
1.186130e+01
1.196521e+01
1.206930e+01
1.217328e+01
1.227750e+01
1.238140e+01
1.248545e+01
1.258949e+01
1.269336e+01
1.279741e+01
1.290145e+01
1.300550e+01
1.310956e+01
1.321373e+01
1.331774e+01
1.342521e+01
1.352595e+01
1.363014e+01
1.373433e+01
1.383848e+01
1.394266e+01
1.404693e+01
1.415112e+01
1.425513e+01
1.435950e+01
1.446360e+01
1.456777e+01
1.467196e+01
1.477728e+01
1.488056e+01
1.498486e+01
1.508911e+01
1.519341e+01
1.529789e+01
1.540199e+01
1.550641e+01
1.561060e+01
1.571554e+01
1.581918e+01
1.592524e+01
1.602778e+01
1.613203e+01
1.623631e+01
1.634075e+01
1.644577e+01
1.654974e+01
1.665417e+01
1.675854e+01
1.686586e+01
1.696725e+01
1.707294e+01
1.717585e+01
1.728000e+01
1.738416e+01
1.748820e+01
1.759224e+01
1.769621e+01
1.780049e+01
1.790380e+01
1.800743e+01
1.811109e+01
1.821486e+01
1.831843e+01
1.842211e+01
1.852577e+01
1.862929e+01
1.873295e+01
1.883675e+01
1.894599e+01
1.904400e+01
1.914778e+01
1.925217e+01
1.935527e+01
1.945904e+01
1.956268e+01
1.966650e+01
1.977036e+01
1.987416e+01
1.997807e+01
2.008193e+01
2.018578e+01
2.028972e+01
2.039353e+01
2.049741e+01
2.060137e+01
2.070512e+01
2.080906e+01
2.091299e+01
2.101689e+01
2.112082e+01
2.122474e+01
2.132862e+01
2.143290e+01
2.153661e+01
2.164061e+01
2.174472e+01
2.184865e+01
2.195263e+01
2.205664e+01
2.216076e+01
2.226483e+01
2.236886e+01
2.247288e+01
2.257693e+01
2.268108e+01
2.278526e+01
2.289154e+01
2.299478e+01
2.309764e+01
2.320167e+01
2.330572e+01
2.340962e+01
2.351364e+01
2.361802e+01
2.372168e+01
2.382558e+01
2.392950e+01
2.403340e+01
2.413729e+01
2.424129e+01
2.434516e+01
2.444909e+01
2.455316e+01
2.465720e+01
2.476121e+01
2.486535e+01
2.496942e+01
2.507359e+01
2.517777e+01
2.528180e+01
2.538583e+01
2.548985e+01
2.559390e+01
2.569808e+01
2.580210e+01
2.590604e+01
2.601007e+01
2.611421e+01
2.621918e+01
2.632265e+01
2.642642e+01
2.653044e+01
2.663449e+01
2.673848e+01
2.684256e+01
2.694649e+01
2.705053e+01
2.715454e+01
2.725844e+01
2.736247e+01
2.746637e+01
2.757083e+01
2.767465e+01
2.777843e+01
2.788249e+01
2.798642e+01
2.809042e+01
2.819449e+01
2.829881e+01
2.840251e+01
2.850654e+01
2.861049e+01
2.871451e+01
2.881980e+01
2.892271e+01
2.902705e+01
2.913069e+01
2.923473e+01
2.933883e+01
2.944280e+01
2.954665e+01
2.965067e+01
2.975458e+01
2.985867e+01
2.996256e+01
3.006660e+01
3.017067e+01
3.027468e+01
3.037870e+01
3.048612e+01
3.058671e+01
3.069073e+01
3.079482e+01
3.089887e+01
3.100282e+01
3.110687e+01
3.121146e+01
3.131501e+01
3.141902e+01
3.152308e+01
3.162727e+01
3.173128e+01
3.183536e+01
3.193933e+01
3.204341e+01
3.214754e+01
3.225159e+01
3.235567e+01
3.245983e+01
3.256395e+01
3.266791e+01
3.277200e+01
3.287618e+01
3.298018e+01
3.308423e+01
3.318825e+01
3.329230e+01
3.339620e+01
3.350022e+01
3.360429e+01
3.370835e+01
3.381249e+01
3.391643e+01
3.402088e+01
3.412442e+01
3.422842e+01
3.433250e+01
3.443637e+01
3.454048e+01
3.464436e+01
3.474835e+01
3.485249e+01
3.495635e+01
3.506037e+01
3.516431e+01
3.526832e+01
3.537246e+01
3.547673e+01
3.558059e+01
3.568413e+01
3.578828e+01
3.589208e+01
3.599613e+01
3.610009e+01
3.620471e+01
3.630791e+01
3.641197e+01
3.651588e+01
3.661977e+01
3.672378e+01
3.682769e+01
3.693165e+01
3.703556e+01
3.713947e+01
3.724352e+01
3.734753e+01
3.745149e+01
3.755596e+01
3.765945e+01
3.776347e+01
3.786752e+01
3.797161e+01
3.807837e+01
3.817960e+01
3.828375e+01
3.839003e+01
3.849448e+01
3.859585e+01
3.869995e+01
3.880394e+01
3.890789e+01
3.901189e+01
3.911602e+01
3.922010e+01
3.932413e+01
3.942815e+01
3.953233e+01
3.963644e+01
3.974043e+01
3.984456e+01
3.994862e+01
4.005352e+01
4.015699e+01
4.026111e+01
4.036519e+01
4.046931e+01
4.057339e+01
4.067743e+01
4.078139e+01
4.088551e+01
4.098939e+01
4.109353e+01
4.119748e+01
4.130156e+01
4.140559e+01
4.150963e+01
4.161354e+01
4.171763e+01
4.182165e+01
4.192567e+01
4.202971e+01
4.213382e+01
4.223782e+01
4.234188e+01
4.244591e+01
4.254993e+01
4.265399e+01
4.275800e+01
4.286205e+01
4.296668e+01
4.307028e+01
4.317439e+01
4.327839e+01
4.338246e+01
4.348648e+01
4.359201e+01
4.369442e+01
4.379845e+01
4.390255e+01
4.400674e+01
4.411050e+01
4.421448e+01
4.431839e+01
4.442242e+01
4.452658e+01
4.463055e+01
4.473448e+01
4.483846e+01
4.494291e+01
4.504649e+01
4.515049e+01
4.525442e+01
4.535851e+01
4.546238e+01
4.556643e+01
4.567033e+01
4.577436e+01
4.587920e+01
4.598236e+01
4.608640e+01
4.619043e+01
4.629450e+01
4.639843e+01
4.650250e+01
4.660653e+01
4.671057e+01
4.681451e+01
4.691851e+01
4.702255e+01
4.712655e+01
4.723058e+01
4.733465e+01
4.743878e+01
4.754284e+01
4.764691e+01
4.775095e+01
4.785498e+01
4.795915e+01
4.806312e+01
4.816708e+01
4.827114e+01
4.837527e+01
4.847927e+01
4.858343e+01
4.868742e+01
4.879149e+01
4.889550e+01
4.899956e+01
4.910378e+01
4.920763e+01
4.931223e+01
4.941560e+01
4.951963e+01
4.962345e+01
4.972753e+01
4.983155e+01
4.993560e+01
5.003975e+01
5.014376e+01
5.024781e+01
5.035198e+01
5.045614e+01
5.056050e+01
5.066484e+01
5.076871e+01
5.087276e+01
5.097698e+01
5.108115e+01
5.118552e+01
5.128970e+01
5.139382e+01
5.149800e+01
5.160227e+01
5.170631e+01
5.181036e+01
5.191449e+01
5.201854e+01
5.212263e+01
5.222650e+01
5.233054e+01
5.243454e+01
5.253844e+01
5.264235e+01
5.274614e+01
5.285000e+01
5.295398e+01
5.305791e+01
5.316165e+01
5.326556e+01
5.336946e+01
5.347630e+01
5.357713e+01
5.368100e+01
5.378490e+01
5.388882e+01
5.399287e+01
5.409675e+01
5.420081e+01
5.430472e+01
5.440883e+01
5.451342e+01
5.461698e+01
5.472114e+01
5.482532e+01
5.492936e+01
5.503353e+01
5.513763e+01
5.524180e+01
5.534596e+01
5.544992e+01
5.555403e+01
5.565806e+01
5.576222e+01
5.586625e+01
5.597039e+01
5.607447e+01
5.617861e+01
5.628287e+01
5.638695e+01
5.649123e+01
5.659534e+01
5.669950e+01
5.680367e+01
5.690776e+01
5.701201e+01
5.711605e+01
5.722009e+01
5.732426e+01
5.742825e+01
5.753224e+01
5.763610e+01
5.773990e+01
5.784369e+01
5.794740e+01
5.805100e+01
5.815479e+01
5.825848e+01
5.836214e+01
5.846656e+01
5.856960e+01
5.867460e+01
5.877697e+01
5.888062e+01
5.898440e+01
5.908820e+01
5.919197e+01
5.929563e+01
5.939954e+01
5.950334e+01
5.960768e+01
5.971193e+01
5.981504e+01
5.991891e+01
6.002294e+01
6.012698e+01
6.023093e+01
6.033492e+01
6.043900e+01
6.054303e+01
6.064716e+01
6.075113e+01
6.085541e+01
6.095933e+01
6.106338e+01
6.116740e+01
6.127148e+01
6.137553e+01
6.147954e+01
6.158358e+01
6.168755e+01
6.179158e+01
6.189559e+01
6.199951e+01
6.210341e+01
6.220750e+01
6.231138e+01
6.241529e+01
6.251932e+01
6.262324e+01
6.272723e+01
6.283111e+01
6.293499e+01
6.303904e+01
6.314294e+01
6.324686e+01
6.335079e+01
6.345471e+01
6.355863e+01
6.366257e+01
6.376651e+01
6.387053e+01
6.397446e+01
6.407835e+01
6.418227e+01
6.428618e+01
6.439009e+01
6.449402e+01
6.459795e+01
6.470185e+01
6.480588e+01
6.490979e+01
6.501374e+01
6.511767e+01
6.522145e+01
6.532537e+01
6.542932e+01
6.553310e+01
6.563700e+01
6.574091e+01
6.584467e+01
6.594859e+01
6.605308e+01
6.615633e+01
6.626028e+01
6.636419e+01
6.646809e+01
6.657199e+01
6.667605e+01
6.677992e+01
6.688401e+01
6.698895e+01
6.709329e+01
6.719588e+01
6.729992e+01
6.740384e+01
6.750787e+01
6.761180e+01
6.771572e+01
6.781961e+01
6.792356e+01
6.802745e+01
6.813139e+01
6.823528e+01
6.833925e+01
6.844310e+01
6.854724e+01
6.865485e+01
6.875520e+01
6.885894e+01
6.896282e+01
6.906686e+01
6.917070e+01
6.927452e+01
6.937875e+01
6.948286e+01
6.958636e+01
6.969037e+01
6.979483e+01
6.989831e+01
7.000411e+01
7.010598e+01
7.020973e+01
7.031354e+01
7.041744e+01
7.052124e+01
7.062507e+01
7.072895e+01
7.083271e+01
7.093653e+01
7.104079e+01
7.114686e+01
7.125207e+01
7.135193e+01
7.145572e+01
7.155964e+01
7.166355e+01
7.176749e+01
7.187140e+01
7.197532e+01
7.207936e+01
7.218327e+01
7.228721e+01
7.239110e+01
7.249516e+01
7.259919e+01
7.270326e+01
7.280731e+01
7.291121e+01
7.301528e+01
7.311930e+01
7.322306e+01
7.332717e+01
7.343117e+01
7.353512e+01
7.363913e+01
7.374318e+01
7.384723e+01
7.395114e+01
7.405517e+01
7.415909e+01
7.426311e+01
7.436709e+01
7.447107e+01
7.457587e+01
7.467920e+01
7.478323e+01
7.488713e+01
7.499143e+01
7.509522e+01
7.519936e+01
7.530364e+01
7.540764e+01
7.551176e+01
7.561591e+01
7.572017e+01
7.582428e+01
7.592854e+01
7.603329e+01
7.613704e+01
7.624121e+01
7.634536e+01
7.644967e+01
7.655399e+01
7.665809e+01
7.676252e+01
7.686680e+01
7.697124e+01
7.707539e+01
7.717979e+01
7.728413e+01
7.738844e+01
7.749269e+01
7.759705e+01
7.770138e+01
7.780569e+01
7.791020e+01
7.801526e+01
7.811879e+01
7.822313e+01
7.832798e+01
7.843181e+01
7.853608e+01
7.864072e+01
7.874672e+01
7.885019e+01
7.895301e+01
7.905720e+01
7.916160e+01
7.926553e+01
7.936972e+01
7.947420e+01
7.957798e+01
7.968189e+01
7.978577e+01
7.988992e+01
7.999385e+01
8.009786e+01
8.020185e+01
8.030586e+01
8.040987e+01
8.051397e+01
8.061791e+01
8.072182e+01
8.082581e+01
8.092989e+01
8.103375e+01
8.113771e+01
8.124170e+01
8.134565e+01
8.144970e+01
8.155350e+01
8.165741e+01
8.176119e+01
8.186485e+01
8.196860e+01
8.207250e+01
8.217598e+01
8.227964e+01
8.238344e+01
8.248713e+01
8.259089e+01
8.269472e+01
8.279850e+01
8.290219e+01
8.300598e+01
8.310979e+01
8.321366e+01
8.331744e+01
8.342138e+01
8.352560e+01
8.362994e+01
8.373308e+01
8.383692e+01
8.394201e+01
8.404493e+01
8.414866e+01
8.425275e+01
8.435666e+01
8.446043e+01
8.456432e+01
8.466825e+01
8.477237e+01
8.487620e+01
8.498073e+01
8.508569e+01
8.518806e+01
8.529242e+01
8.539673e+01
8.550020e+01
8.560400e+01
8.570817e+01
8.581209e+01
8.591626e+01
8.602031e+01
8.612434e+01
8.622836e+01
8.633276e+01
8.643684e+01
8.654105e+01
8.664523e+01
8.674935e+01
8.685366e+01
8.695780e+01
8.706210e+01
8.716697e+01
8.727062e+01
8.737497e+01
8.747918e+01
8.758330e+01
8.768814e+01
8.779205e+01
8.789619e+01
8.800061e+01
8.810494e+01
8.820934e+01
8.831406e+01
8.841817e+01
8.852250e+01
8.862674e+01
8.873123e+01
8.883555e+01
8.893978e+01
8.904404e+01
8.914821e+01
8.925249e+01
8.935665e+01
8.946403e+01
8.956642e+01
8.966910e+01
8.977319e+01
8.987728e+01
8.998123e+01
9.008511e+01
9.018901e+01
9.029294e+01
9.039674e+01
9.050056e+01
9.060425e+01
9.070790e+01
9.081165e+01
9.091529e+01
9.101914e+01
9.112290e+01
9.122655e+01
9.133035e+01
9.143404e+01
9.153789e+01
9.164149e+01
9.174528e+01
9.184911e+01
9.195286e+01
9.205675e+01
9.216056e+01
9.226437e+01
9.236828e+01
9.247210e+01
9.257694e+01
9.267978e+01
9.278372e+01
9.288762e+01
9.299150e+01
9.309544e+01
9.319947e+01
9.330458e+01
9.340750e+01
9.351137e+01
9.361527e+01
9.371934e+01
9.382335e+01
9.392727e+01
9.403131e+01
9.413539e+01
9.423928e+01
9.434344e+01
9.444738e+01
9.455146e+01
9.465531e+01
9.475936e+01
9.486345e+01
9.496749e+01
9.507152e+01
9.517572e+01
9.527987e+01
9.538393e+01
9.548807e+01
9.559215e+01
9.569625e+01
9.580048e+01
9.590432e+01
9.600837e+01
9.611256e+01
9.621645e+01
9.632053e+01
9.642447e+01
9.652837e+01
9.663241e+01
9.673644e+01
9.684032e+01
9.694445e+01
9.704841e+01
9.715271e+01
9.725738e+01
9.736042e+01
9.746444e+01
9.756842e+01
9.767232e+01
9.777636e+01
9.788028e+01
9.798418e+01
9.808823e+01
9.819223e+01
9.829629e+01
9.839997e+01
9.850799e+01
9.860795e+01
9.871187e+01
9.881576e+01
9.891994e+01
9.902383e+01
9.912788e+01
9.923211e+01
9.933575e+01
9.943981e+01
9.954364e+01
9.964763e+01
9.975155e+01
9.985547e+01
9.995951e+01
1.000634e+02
1.001674e+02
1.002714e+02
1.003753e+02
1.004792e+02
1.005833e+02
1.006897e+02
1.007917e+02
1.008953e+02
1.009993e+02
1.011032e+02
1.012073e+02
1.013113e+02
1.014154e+02
1.015193e+02
1.016233e+02
1.017274e+02
1.018314e+02
1.019354e+02
1.020395e+02
1.021436e+02
1.022475e+02
1.023516e+02
1.024557e+02
1.025597e+02
1.026637e+02
1.027678e+02
1.028718e+02
1.029759e+02
1.030799e+02
1.031841e+02
1.032880e+02
1.033920e+02
1.034961e+02
1.036001e+02
1.037042e+02
1.038083e+02
1.039123e+02
1.040165e+02
1.041205e+02
1.042245e+02
1.043285e+02
1.044325e+02
1.045370e+02
1.046406e+02
1.047454e+02
1.048489e+02
1.049526e+02
1.050567e+02
1.051616e+02
1.052666e+02
1.053690e+02
1.054730e+02
1.055771e+02
1.056812e+02
1.057855e+02
1.058894e+02
1.059936e+02
1.060977e+02
1.062018e+02
1.063060e+02
1.064101e+02
1.065142e+02
1.066181e+02
1.067221e+02
1.068262e+02
1.069302e+02
1.070343e+02
1.071382e+02
1.072422e+02
1.073462e+02
1.074501e+02
1.075541e+02
1.076581e+02
1.077621e+02
1.078660e+02
1.079699e+02
1.080740e+02
1.081779e+02
1.082817e+02
1.083859e+02
1.084898e+02
1.085938e+02
1.086977e+02
1.088017e+02
1.089059e+02
1.090099e+02
1.091144e+02
1.092178e+02
1.093218e+02
1.094260e+02
1.095303e+02
1.096344e+02
1.097377e+02
1.098416e+02
1.099456e+02
1.100496e+02
1.101538e+02
1.102576e+02
1.103615e+02
1.104655e+02
1.105696e+02
1.106739e+02
1.107776e+02
1.108816e+02
1.109856e+02
1.110897e+02
1.111936e+02
1.112976e+02
1.114014e+02
1.115053e+02
1.116094e+02
1.117134e+02
1.118175e+02
1.119214e+02
1.120253e+02
1.121294e+02
1.122364e+02
1.123372e+02
1.124412e+02
1.125452e+02
1.126492e+02
1.127531e+02
1.128571e+02
1.129610e+02
1.130648e+02
1.131689e+02
1.132729e+02
1.133767e+02
1.134807e+02
1.135846e+02
1.136885e+02
1.137925e+02
1.138965e+02
1.140004e+02
1.141044e+02
1.142083e+02
1.143122e+02
1.144163e+02
1.145203e+02
1.146242e+02
1.147283e+02
1.148322e+02
1.149362e+02
1.150406e+02
1.151452e+02
1.152484e+02
1.153524e+02
1.154565e+02
1.155626e+02
1.156648e+02
1.157689e+02
1.158730e+02
1.159771e+02
1.160811e+02
1.161852e+02
1.162893e+02
1.163934e+02
1.164978e+02
1.166021e+02
1.167056e+02
1.168096e+02
1.169140e+02
1.170178e+02
1.171216e+02
1.172254e+02
1.173293e+02
1.174331e+02
1.175368e+02
1.176404e+02
1.177440e+02
1.178475e+02
1.179511e+02
1.180550e+02
1.181585e+02
1.182621e+02
1.183656e+02
1.184693e+02
1.185732e+02
1.186768e+02
1.187805e+02
1.188844e+02
1.189882e+02
1.190919e+02
1.191957e+02
1.192997e+02
1.194036e+02
1.195076e+02
1.196118e+02
1.197160e+02
1.198204e+02
1.199247e+02
1.200292e+02
1.201336e+02
1.202381e+02
1.203428e+02
1.204473e+02
1.205519e+02
1.206564e+02
1.207610e+02
1.208655e+02
1.209699e+02
1.210744e+02
1.211787e+02
1.212832e+02
1.213881e+02
1.214919e+02
1.215963e+02
1.217010e+02
1.218048e+02
1.219092e+02
1.220135e+02
1.221178e+02
1.222221e+02
1.223262e+02
1.224306e+02
1.225352e+02
1.226388e+02
1.227431e+02
1.228471e+02
1.229511e+02
1.230553e+02
1.231594e+02
1.232635e+02
1.233675e+02
1.234716e+02
1.235756e+02
1.236797e+02
1.237837e+02
1.238878e+02
1.239918e+02
1.240959e+02
1.242000e+02
1.243040e+02
1.244080e+02
1.245119e+02
1.246160e+02
1.247200e+02
1.248241e+02
1.249279e+02
1.250320e+02
1.251361e+02
1.252401e+02
1.253441e+02
1.254481e+02
1.255521e+02
1.256561e+02
1.257601e+02
1.258641e+02
1.259681e+02
1.260721e+02
1.261761e+02
1.262801e+02
1.263842e+02
1.264882e+02
1.265923e+02
1.266963e+02
1.268003e+02
1.269050e+02
1.270084e+02
1.271125e+02
1.272166e+02
1.273205e+02
1.274246e+02
1.275289e+02
1.276327e+02
1.277369e+02
1.278431e+02
1.279474e+02
1.280490e+02
1.281530e+02
1.282571e+02
1.283612e+02
1.284653e+02
1.285693e+02
1.286735e+02
1.287792e+02
1.288816e+02
1.289873e+02
1.290896e+02
1.291938e+02
1.292978e+02
1.294020e+02
1.295060e+02
1.296102e+02
1.297143e+02
1.298183e+02
1.299224e+02
1.300265e+02
1.301306e+02
1.302346e+02
1.303387e+02
1.304428e+02
1.305466e+02
1.306507e+02
1.307547e+02
1.308586e+02
1.309630e+02
1.310665e+02
1.311705e+02
1.312744e+02
1.313783e+02
1.314822e+02
1.315864e+02
1.316899e+02
1.317939e+02
1.318976e+02
1.320020e+02
1.321056e+02
1.322095e+02
1.323131e+02
1.324169e+02
1.325208e+02
1.326246e+02
1.327285e+02
1.328325e+02
1.329364e+02
1.330404e+02
1.331443e+02
1.332483e+02
1.333523e+02
1.334563e+02
1.335603e+02
1.336643e+02
1.337683e+02
1.338728e+02
1.339765e+02
1.340807e+02
1.341847e+02
1.342887e+02
1.343928e+02
1.344969e+02
1.346009e+02
1.347049e+02
1.348090e+02
1.349130e+02
1.350170e+02
1.351209e+02
1.352249e+02
1.353294e+02
1.354327e+02
1.355367e+02
1.356405e+02
1.357444e+02
1.358484e+02
1.359522e+02
1.360560e+02
1.361599e+02
1.362639e+02
1.363675e+02
1.364715e+02
1.365752e+02
1.366790e+02
1.367828e+02
1.368867e+02
1.369905e+02
1.370944e+02
1.371981e+02
1.373018e+02
1.374059e+02
1.375096e+02
1.376132e+02
1.377170e+02
1.378208e+02
1.379249e+02
1.380287e+02
1.381326e+02
1.382363e+02
1.383403e+02
1.384443e+02
1.385480e+02
1.386521e+02
1.387559e+02
1.388598e+02
1.389637e+02
1.390675e+02
1.391722e+02
1.392753e+02
1.393791e+02
1.394830e+02
1.395868e+02
1.396909e+02
1.397947e+02
1.398987e+02
1.400026e+02
1.401065e+02
1.402136e+02
1.403147e+02
1.404184e+02
1.405224e+02
1.406265e+02
1.407304e+02
1.408345e+02
1.409385e+02
1.410425e+02
1.411467e+02
1.412508e+02
1.413547e+02
1.414588e+02
1.415629e+02
1.416669e+02
1.417711e+02
1.418750e+02
1.419791e+02
1.420832e+02
1.421872e+02
1.422944e+02
1.423952e+02
1.424992e+02
1.426033e+02
1.427081e+02
1.428139e+02
1.429154e+02
1.430195e+02
1.431248e+02
1.432276e+02
1.433316e+02
1.434357e+02
1.435397e+02
1.436437e+02
1.437477e+02
1.438518e+02
1.439559e+02
1.440599e+02
1.441640e+02
1.442681e+02
1.443723e+02
1.444764e+02
1.445806e+02
1.446848e+02
1.447889e+02
1.448931e+02
1.449973e+02
1.451013e+02
1.452055e+02
1.453097e+02
1.454137e+02
1.455179e+02
1.456220e+02
1.457261e+02
1.458302e+02
1.459344e+02
1.460385e+02
1.461426e+02
1.462468e+02
1.463509e+02
1.464551e+02
1.465593e+02
1.466634e+02
1.467675e+02
1.468716e+02
1.469757e+02
1.470798e+02
1.471839e+02
1.472879e+02
1.473920e+02
1.474960e+02
1.475999e+02
1.477040e+02
1.478091e+02
1.479128e+02
1.480158e+02
1.481195e+02
1.482235e+02
1.483273e+02
1.484310e+02
1.485349e+02
1.486387e+02
1.487430e+02
1.488463e+02
1.489500e+02
1.490538e+02
1.491574e+02
1.492622e+02
1.493650e+02
1.494689e+02
1.495728e+02
1.496765e+02
1.497804e+02
1.498843e+02
1.499881e+02
1.500920e+02
1.501957e+02
1.502998e+02
1.504038e+02
1.505077e+02
1.506117e+02
1.507156e+02
1.508198e+02
1.509237e+02
1.510277e+02
1.511317e+02
1.512359e+02
1.513397e+02
1.514439e+02
1.515479e+02
1.516519e+02
1.517560e+02
1.518600e+02
1.519639e+02
1.520677e+02
1.521715e+02
1.522755e+02
1.523794e+02
1.524830e+02
1.525869e+02
1.526906e+02
1.527944e+02
1.528984e+02
1.530026e+02
1.531066e+02
1.532108e+02
1.533152e+02
1.534197e+02
1.535239e+02
1.536283e+02
1.537327e+02
1.538372e+02
1.539415e+02
1.540459e+02
1.541504e+02
1.542548e+02
1.543592e+02
1.544635e+02
1.545679e+02
1.546723e+02
1.547764e+02
1.548807e+02
1.549848e+02
1.550891e+02
1.551933e+02
1.552975e+02
1.554018e+02
1.555059e+02
1.556101e+02
1.557143e+02
1.558184e+02
1.559239e+02
1.560268e+02
1.561309e+02
1.562350e+02
1.563398e+02
1.564432e+02
1.565474e+02
1.566514e+02
1.567554e+02
1.568596e+02
1.569637e+02
1.570678e+02
1.571718e+02
1.572758e+02
1.573801e+02
1.574839e+02
1.575896e+02
1.576920e+02
1.577962e+02
1.578999e+02
1.580071e+02
1.581080e+02
1.582120e+02
1.583165e+02
1.584200e+02
1.585239e+02
1.586278e+02
1.587318e+02
1.588358e+02
1.589397e+02
1.590436e+02
1.591477e+02
1.592516e+02
1.593555e+02
1.594594e+02
1.595666e+02
1.596672e+02
1.597712e+02
1.598751e+02
1.599790e+02
1.600830e+02
1.601870e+02
1.602910e+02
1.603948e+02
1.604988e+02
1.606027e+02
1.607066e+02
1.608105e+02
1.609143e+02
1.610188e+02
1.611222e+02
1.612259e+02
1.613298e+02
1.614337e+02
1.615376e+02
1.616413e+02
1.617451e+02
1.618490e+02
1.619545e+02
1.620569e+02
1.621608e+02
1.622645e+02
1.623685e+02
1.624724e+02
1.625764e+02
1.626803e+02
1.627843e+02
1.628882e+02
1.629924e+02
1.630962e+02
1.632000e+02
1.633042e+02
1.634081e+02
1.635121e+02
1.636161e+02
1.637200e+02
1.638241e+02
1.639281e+02
1.640320e+02
1.641360e+02
1.642400e+02
1.643442e+02
1.644480e+02
1.645523e+02
1.646563e+02
1.647603e+02
1.648644e+02
1.649684e+02
1.650726e+02
1.651766e+02
1.652808e+02
1.653850e+02
1.654891e+02
1.655933e+02
1.656974e+02
1.658015e+02
1.659055e+02
1.660097e+02
1.661140e+02
1.662181e+02
1.663222e+02
1.664263e+02
1.665305e+02
1.666345e+02
1.667386e+02
1.668424e+02
1.669465e+02
1.670504e+02
1.671542e+02
1.672581e+02
1.673620e+02
1.674658e+02
1.675696e+02
1.676733e+02
1.677770e+02
1.678807e+02
1.679845e+02
1.680883e+02
1.681921e+02
1.682959e+02
1.683997e+02
1.685035e+02
1.686074e+02
1.687113e+02
1.688153e+02
1.689193e+02
1.690233e+02
1.691275e+02
1.692311e+02
1.693351e+02
1.694391e+02
1.695431e+02
1.696473e+02
1.697514e+02
1.698554e+02
1.699595e+02
1.700636e+02
1.701679e+02
1.702718e+02
1.703760e+02
1.704801e+02
1.705841e+02
1.706881e+02
1.707922e+02
1.708962e+02
1.710001e+02
1.711042e+02
1.712082e+02
1.713123e+02
1.714164e+02
1.715205e+02
1.716256e+02
1.717286e+02
1.718327e+02
1.719369e+02
1.720410e+02
1.721450e+02
1.722491e+02
1.723532e+02
1.724574e+02
1.725614e+02
1.726654e+02
1.727695e+02
1.728736e+02
1.729776e+02
1.730817e+02
1.731858e+02
1.732898e+02
1.733939e+02
1.734979e+02
1.736021e+02
1.737060e+02
1.738100e+02
1.739141e+02
1.740179e+02
1.741220e+02
1.742259e+02
1.743300e+02
1.744341e+02
1.745381e+02
1.746420e+02
1.747460e+02
1.748500e+02
1.749542e+02
1.750580e+02
1.751622e+02
1.752661e+02
1.753701e+02
1.754741e+02
1.755781e+02
1.756821e+02
1.757862e+02
1.758902e+02
1.759942e+02
1.760981e+02
1.762021e+02
1.763061e+02
1.764100e+02
1.765139e+02
1.766178e+02
1.767218e+02
1.768258e+02
1.769296e+02
1.770336e+02
1.771375e+02
1.772414e+02
1.773454e+02
1.774493e+02
1.775532e+02
1.776573e+02
1.777610e+02
1.778651e+02
1.779690e+02
1.780729e+02
1.781768e+02
1.782807e+02
1.783846e+02
1.784887e+02
1.785940e+02
1.786965e+02
1.788004e+02
1.789044e+02
1.790083e+02
1.791122e+02
1.792161e+02
1.793200e+02
1.794239e+02
1.795278e+02
1.796318e+02
1.797358e+02
1.798398e+02
1.799437e+02
1.800477e+02
1.801516e+02
1.802556e+02
1.803595e+02
1.804637e+02
1.805676e+02
1.806716e+02
1.807755e+02
1.808795e+02
1.809835e+02
1.810874e+02
1.811912e+02
1.812953e+02
1.813992e+02
1.815031e+02
1.816069e+02
1.817108e+02
1.818148e+02
1.819188e+02
1.820226e+02
1.821266e+02
1.822305e+02
1.823345e+02
1.824384e+02
1.825423e+02
1.826462e+02
1.827505e+02
1.828543e+02
1.829580e+02
1.830620e+02
1.831659e+02
1.832697e+02
1.833735e+02
1.834773e+02
1.835810e+02
1.836851e+02
1.837890e+02
1.838922e+02
1.839964e+02
1.841000e+02
1.842036e+02
1.843073e+02
1.844111e+02
1.845148e+02
1.846185e+02
1.847224e+02
1.848265e+02
1.849301e+02
1.850339e+02
1.851376e+02
1.852415e+02
1.853454e+02
1.854492e+02
1.855532e+02
1.856571e+02
1.857609e+02
1.858649e+02
1.859689e+02
1.860729e+02
1.861768e+02
1.862807e+02
1.863848e+02
1.864887e+02
1.865926e+02
1.866966e+02
1.868007e+02
1.869044e+02
1.870085e+02
1.871125e+02
1.872164e+02
1.873204e+02
1.874243e+02
1.875283e+02
1.876323e+02
1.877364e+02
1.878401e+02
1.879441e+02
1.880479e+02
1.881519e+02
1.882559e+02
1.883599e+02
1.884664e+02
1.885678e+02
1.886718e+02
1.887759e+02
1.888799e+02
1.889840e+02
1.890880e+02
1.891920e+02
1.892962e+02
1.894003e+02
1.895044e+02
1.896085e+02
1.897126e+02
1.898168e+02
1.899209e+02
1.900253e+02
1.901293e+02
1.902334e+02
1.903377e+02
1.904419e+02
1.905461e+02
1.906503e+02
1.907546e+02
1.908590e+02
1.909632e+02
1.910676e+02
1.911719e+02
1.912762e+02
1.913806e+02
1.914866e+02
1.915896e+02
1.916940e+02
1.917984e+02
1.919027e+02
1.920071e+02
1.921115e+02
1.922157e+02
1.923199e+02
1.924249e+02
1.925286e+02
1.926325e+02
1.927366e+02
1.928423e+02
1.929464e+02
1.930489e+02
1.931529e+02
1.932569e+02
1.933608e+02
1.934648e+02
1.935688e+02
1.936728e+02
1.937768e+02
1.938807e+02
1.939846e+02
1.940884e+02
1.941929e+02
1.942963e+02
1.944002e+02
1.945039e+02
1.946079e+02
1.947117e+02
1.948154e+02
1.949191e+02
1.950228e+02
1.951266e+02
1.952302e+02
1.953340e+02
1.954376e+02
1.955412e+02
1.956449e+02
1.957485e+02
1.958523e+02
1.959559e+02
1.960596e+02
1.961634e+02
1.962671e+02
1.963709e+02
1.964746e+02
1.965782e+02
1.966832e+02
1.967858e+02
1.968894e+02
1.969930e+02
1.970968e+02
1.972005e+02
1.973045e+02
1.974081e+02
1.975119e+02
1.976156e+02
1.977195e+02
1.978232e+02
1.979270e+02
1.980309e+02
1.981349e+02
1.982385e+02
1.983424e+02
1.984463e+02
1.985500e+02
1.986539e+02
1.987578e+02
1.988615e+02
1.989654e+02
1.990694e+02
1.991732e+02
1.992770e+02
1.993812e+02
1.994850e+02
1.995888e+02
1.996927e+02
1.997967e+02
1.999005e+02
2.000045e+02
2.001083e+02
2.002124e+02
2.003162e+02
2.004202e+02
2.005242e+02
2.006281e+02
2.007321e+02
2.008359e+02
2.009435e+02
2.010439e+02
2.011479e+02
2.012520e+02
2.013559e+02
2.014599e+02
2.015639e+02
2.016679e+02
2.017718e+02
2.018758e+02
2.019798e+02
2.020837e+02
2.021876e+02
2.022913e+02
2.023952e+02
2.024989e+02
2.026027e+02
2.027063e+02
2.028100e+02
2.029136e+02
2.030172e+02
2.031210e+02
2.032247e+02
2.033283e+02
2.034321e+02
2.035357e+02
2.036393e+02
2.037431e+02
2.038466e+02
2.039504e+02
2.040541e+02
2.041578e+02
2.042615e+02
2.043652e+02
2.044696e+02
2.045726e+02
2.046763e+02
2.047799e+02
2.048836e+02
2.049873e+02
2.050910e+02
2.051948e+02
2.052987e+02
2.054025e+02
2.055065e+02
2.056105e+02
2.057147e+02
2.058189e+02
2.059230e+02
2.060272e+02
2.061315e+02
2.062357e+02
2.063399e+02
2.064442e+02
2.065484e+02
2.066526e+02
2.067567e+02
2.068610e+02
2.069651e+02
2.070694e+02
2.071736e+02
2.072777e+02
2.073820e+02
2.074864e+02
2.075904e+02
2.076947e+02
2.077989e+02
2.079029e+02
2.080070e+02
2.081111e+02
2.082167e+02
2.083262e+02
2.084236e+02
2.085278e+02
2.086323e+02
2.087363e+02
2.088402e+02
2.089444e+02
2.090484e+02
2.091526e+02
2.092568e+02
2.093607e+02
2.094654e+02
2.095692e+02
2.096733e+02
2.097773e+02
2.098815e+02
2.099856e+02
2.100896e+02
2.101937e+02
2.102977e+02
2.104017e+02
2.105058e+02
2.106099e+02
2.107141e+02
2.108185e+02
2.109225e+02
2.110262e+02
2.111302e+02
2.112343e+02
2.113382e+02
2.114422e+02
2.115462e+02
2.116502e+02
2.117542e+02
2.118582e+02
2.119622e+02
2.120661e+02
2.121700e+02
2.122739e+02
2.123779e+02
2.124817e+02
2.125856e+02
2.126896e+02
2.127935e+02
2.128975e+02
2.130014e+02
2.131053e+02
2.132092e+02
2.133132e+02
2.134170e+02
2.135210e+02
2.136256e+02
2.137287e+02
2.138327e+02
2.139366e+02
2.140406e+02
2.141444e+02
2.142488e+02
2.143523e+02
2.144562e+02
2.145603e+02
2.146641e+02
2.147679e+02
2.148719e+02
2.149759e+02
2.150799e+02
2.151839e+02
2.152877e+02
2.153916e+02
2.154955e+02
2.156016e+02
2.157033e+02
2.158072e+02
2.159112e+02
2.160152e+02
2.161190e+02
2.162249e+02
2.163270e+02
2.164310e+02
2.165350e+02
2.166391e+02
2.167432e+02
2.168472e+02
2.169513e+02
2.170554e+02
2.171594e+02
2.172635e+02
2.173675e+02
2.174716e+02
2.175756e+02
2.176798e+02
2.177846e+02
2.178879e+02
2.179919e+02
2.180960e+02
2.182000e+02
2.183041e+02
2.184082e+02
2.185123e+02
2.186166e+02
2.187207e+02
2.188249e+02
2.189290e+02
2.190334e+02
2.191376e+02
2.192419e+02
2.193463e+02
2.194506e+02
2.195548e+02
2.196610e+02
2.197636e+02
2.198680e+02
2.199722e+02
2.200764e+02
2.201807e+02
2.202849e+02
2.203896e+02
2.204935e+02
2.205978e+02
2.207020e+02
2.208062e+02
2.209105e+02
2.210148e+02
2.211191e+02
2.212233e+02
2.213275e+02
2.214317e+02
2.215359e+02
2.216400e+02
2.217442e+02
2.218482e+02
2.219519e+02
2.220557e+02
2.221602e+02
2.222631e+02
2.223669e+02
2.224703e+02
2.225741e+02
2.226777e+02
2.227813e+02
2.228849e+02
2.229885e+02
2.230921e+02
2.231959e+02
2.232996e+02
2.234034e+02
2.235071e+02
2.236109e+02
2.237149e+02
2.238187e+02
2.239226e+02
2.240269e+02
2.241304e+02
2.242344e+02
2.243384e+02
2.244425e+02
2.245464e+02
2.246504e+02
2.247544e+02
2.248584e+02
2.249623e+02
2.250663e+02
2.251704e+02
2.252745e+02
2.253784e+02
2.254824e+02
2.255866e+02
2.256906e+02
2.257946e+02
2.258985e+02
2.260026e+02
2.261066e+02
2.262106e+02
2.263146e+02
2.264187e+02
2.265226e+02
2.266267e+02
2.267307e+02
2.268347e+02
2.269386e+02
2.270426e+02
2.271471e+02
2.272508e+02
2.273548e+02
2.274589e+02
2.275629e+02
2.276669e+02
2.277710e+02
2.278750e+02
2.279789e+02
2.280831e+02
2.281871e+02
2.282913e+02
2.283952e+02
2.284993e+02
2.286033e+02
2.287075e+02
2.288116e+02
2.289156e+02
2.290197e+02
2.291239e+02
2.292278e+02
2.293318e+02
2.294358e+02
2.295399e+02
2.296439e+02
2.297496e+02
2.298520e+02
2.299561e+02
2.300603e+02
2.301643e+02
2.302685e+02
2.303734e+02
2.304768e+02
2.305807e+02
2.306847e+02
2.307889e+02
2.308928e+02
2.309969e+02
2.311009e+02
2.312049e+02
2.313089e+02
2.314129e+02
2.315168e+02
2.316208e+02
2.317248e+02
2.318290e+02
2.319327e+02
2.320367e+02
2.321408e+02
2.322448e+02
2.323489e+02
2.324529e+02
2.325572e+02
2.326612e+02
2.327654e+02
2.328695e+02
2.329737e+02
2.330778e+02
2.331821e+02
2.332863e+02
2.333906e+02
2.334948e+02
2.335990e+02
2.337034e+02
2.338076e+02
2.339117e+02
2.340159e+02
2.341200e+02
2.342241e+02
2.343280e+02
2.344318e+02
2.345359e+02
2.346396e+02
2.347436e+02
2.348473e+02
2.349512e+02
2.350571e+02
2.351590e+02
2.352629e+02
2.353667e+02
2.354705e+02
2.355744e+02
2.356782e+02
2.357821e+02
2.358860e+02
2.359898e+02
2.360936e+02
2.361974e+02
2.363014e+02
2.364053e+02
2.365094e+02
2.366133e+02
2.367172e+02
2.368211e+02
2.369251e+02
2.370295e+02
2.371331e+02
2.372369e+02
2.373410e+02
2.374464e+02
2.375503e+02
2.376529e+02
2.377570e+02
2.378610e+02
2.379650e+02
2.380690e+02
2.381730e+02
2.382770e+02
2.383810e+02
2.384850e+02
2.385889e+02
2.386930e+02
2.387970e+02
2.389011e+02
2.390051e+02
2.391097e+02
2.392132e+02
2.393171e+02
2.394212e+02
2.395251e+02
2.396295e+02
2.397333e+02
2.398386e+02
2.399415e+02
2.400467e+02
2.401498e+02
2.402538e+02
2.403578e+02
2.404619e+02
2.405661e+02
2.406702e+02
2.407742e+02
2.408783e+02
2.409823e+02
2.410864e+02
2.411903e+02
2.412948e+02
2.413983e+02
2.415023e+02
2.416065e+02
2.417104e+02
2.418144e+02
2.419184e+02
2.420225e+02
2.421262e+02
2.422302e+02
2.423340e+02
2.424378e+02
2.425417e+02
2.426461e+02
2.427492e+02
2.428533e+02
2.429567e+02
2.430603e+02
2.431639e+02
2.432678e+02
2.433713e+02
2.434749e+02
2.435786e+02
2.436823e+02
2.437860e+02
2.438896e+02
2.439934e+02
2.440979e+02
2.442008e+02
2.443046e+02
2.444083e+02
2.445129e+02
2.446159e+02
2.447197e+02
2.448236e+02
2.449275e+02
2.450314e+02
2.451373e+02
2.452393e+02
2.453435e+02
2.454476e+02
2.455517e+02
2.456559e+02
2.457602e+02
2.458643e+02
2.459686e+02
2.460728e+02
2.461771e+02
2.462812e+02
2.463857e+02
2.464898e+02
2.465939e+02
2.466981e+02
2.468024e+02
2.469068e+02
2.470107e+02
2.471150e+02
2.472192e+02
2.473233e+02
2.474276e+02
2.475317e+02
2.476359e+02
2.477400e+02
2.478441e+02
2.479495e+02
2.480564e+02
2.481564e+02
2.482604e+02
2.483645e+02
2.484690e+02
2.485724e+02
2.486766e+02
2.487806e+02
2.488846e+02
2.489885e+02
2.490923e+02
2.491964e+02
2.493003e+02
2.494042e+02
2.495082e+02
2.496121e+02
2.497161e+02
2.498201e+02
2.499241e+02
2.500280e+02
2.501319e+02
2.502359e+02
2.503398e+02
2.504438e+02
2.505476e+02
2.506516e+02
2.507555e+02
2.508594e+02
2.509634e+02
2.510673e+02
2.511713e+02
2.512779e+02
2.513794e+02
2.514833e+02
2.515873e+02
2.516913e+02
2.517953e+02
2.518993e+02
2.520032e+02
2.521077e+02
2.522113e+02
2.523151e+02
2.524191e+02
2.525231e+02
2.526270e+02
2.527309e+02
2.528349e+02
2.529389e+02
2.530429e+02
2.531468e+02
2.532508e+02
2.533548e+02
2.534587e+02
2.535626e+02
2.536666e+02
2.537706e+02
2.538745e+02
2.539785e+02
2.540824e+02
2.541865e+02
2.542903e+02
2.543943e+02
2.544982e+02
2.546021e+02
2.547061e+02
2.548100e+02
2.549140e+02
2.550179e+02
2.551217e+02
2.552256e+02
2.553297e+02
2.554337e+02
2.555373e+02
2.556411e+02
2.557452e+02
2.558492e+02
2.559530e+02
2.560571e+02
2.561610e+02
2.562649e+02
2.563694e+02
2.564730e+02
2.565769e+02
2.566808e+02
2.567848e+02
2.568888e+02
2.569928e+02
2.570967e+02
2.572007e+02
2.573045e+02
2.574084e+02
2.575123e+02
2.576163e+02
2.577202e+02
2.578243e+02
2.579282e+02
2.580322e+02
2.581361e+02
2.582402e+02
2.583442e+02
2.584480e+02
2.585521e+02
2.586562e+02
2.587602e+02
2.588642e+02
2.589682e+02
2.590722e+02
2.591765e+02
2.592803e+02
2.593842e+02
2.594882e+02
2.595922e+02
2.597002e+02
2.598002e+02
2.599046e+02
2.600081e+02
2.601124e+02
2.602161e+02
2.603201e+02
2.604240e+02
2.605279e+02
2.606318e+02
2.607357e+02
2.608395e+02
2.609436e+02
2.610474e+02
2.611514e+02
2.612553e+02
2.613593e+02
2.614632e+02
2.615675e+02
2.616712e+02
2.617752e+02
2.618792e+02
2.619844e+02
2.620873e+02
2.621917e+02
2.622954e+02
2.623995e+02
2.625034e+02
2.626074e+02
2.627114e+02
2.628153e+02
2.629192e+02
2.630231e+02
2.631273e+02
2.632310e+02
2.633350e+02
2.634389e+02
2.635429e+02
2.636469e+02
2.637511e+02
2.638550e+02
2.639592e+02
2.640632e+02
2.641673e+02
2.642712e+02
2.643754e+02
2.644794e+02
2.645835e+02
2.646875e+02
2.647916e+02
2.648956e+02
2.649997e+02
2.651037e+02
2.652077e+02
2.653118e+02
2.654158e+02
2.655198e+02
2.656238e+02
2.657276e+02
2.658316e+02
2.659356e+02
2.660397e+02
2.661436e+02
2.662476e+02
2.663527e+02
2.664557e+02
2.665594e+02
2.666642e+02
2.667676e+02
2.668716e+02
2.669754e+02
2.670794e+02
2.671834e+02
2.672898e+02
2.673943e+02
2.674956e+02
2.675996e+02
2.677036e+02
2.678075e+02
2.679117e+02
2.680157e+02
2.681196e+02
2.682236e+02
2.683276e+02
2.684316e+02
2.685356e+02
2.686396e+02
2.687436e+02
2.688476e+02
2.689516e+02
2.690555e+02
2.691594e+02
2.692634e+02
2.693674e+02
2.694714e+02
2.695754e+02
2.696794e+02
2.697835e+02
2.698874e+02
2.699915e+02
2.700955e+02
2.701995e+02
2.703034e+02
2.704074e+02
2.705115e+02
2.706154e+02
2.707193e+02
2.708233e+02
2.709272e+02
2.710313e+02
2.711353e+02
2.712391e+02
2.713431e+02
2.714471e+02
2.715510e+02
2.716548e+02
2.717588e+02
2.718628e+02
2.719666e+02
2.720717e+02
2.721745e+02
2.722785e+02
2.723824e+02
2.724864e+02
2.725904e+02
2.726964e+02
2.727984e+02
2.729023e+02
2.730064e+02
2.731102e+02
2.732143e+02
2.733183e+02
2.734223e+02
2.735265e+02
2.736304e+02
2.737345e+02
2.738385e+02
2.739426e+02
2.740467e+02
2.741508e+02
2.742550e+02
2.743590e+02
2.744632e+02
2.745673e+02
2.746720e+02
2.747756e+02
2.748795e+02
2.749836e+02
2.750877e+02
2.751918e+02
2.752972e+02
2.754000e+02
2.755043e+02
2.756102e+02
2.757122e+02
2.758163e+02
2.759203e+02
2.760246e+02
2.761284e+02
2.762324e+02
2.763364e+02
2.764405e+02
2.765445e+02
2.766483e+02
2.767523e+02
2.768562e+02
2.769601e+02
2.770640e+02
2.771677e+02
2.772714e+02
2.773751e+02
2.774789e+02
2.775825e+02
2.776863e+02
2.777900e+02
2.778946e+02
2.779977e+02
2.781026e+02
2.782049e+02
2.783087e+02
2.784124e+02
2.785162e+02
2.786199e+02
2.787242e+02
2.788274e+02
2.789311e+02
2.790350e+02
2.791389e+02
2.792426e+02
2.793465e+02
2.794504e+02
2.795542e+02
2.796581e+02
2.797619e+02
2.798660e+02
2.799699e+02
2.800740e+02
2.801780e+02
2.802820e+02
2.803860e+02
2.804901e+02
2.805941e+02
2.806981e+02
2.808023e+02
2.809062e+02
2.810102e+02
2.811143e+02
2.812184e+02
2.813225e+02
2.814266e+02
2.815306e+02
2.816348e+02
2.817389e+02
2.818432e+02
2.819471e+02
2.820512e+02
2.821553e+02
2.822598e+02
2.823638e+02
2.824681e+02
2.825723e+02
2.826766e+02
2.827808e+02
2.828849e+02
2.829890e+02
2.830933e+02
2.831973e+02
2.833015e+02
2.834056e+02
2.835097e+02
2.836138e+02
2.837180e+02
2.838221e+02
2.839270e+02
2.840302e+02
2.841343e+02
2.842382e+02
2.843423e+02
2.844464e+02
2.845505e+02
2.846545e+02
2.847585e+02
2.848624e+02
2.849664e+02
2.850705e+02
2.851743e+02
2.852783e+02
2.853823e+02
2.854862e+02
2.855903e+02
2.856942e+02
2.857982e+02
2.859050e+02
2.860067e+02
2.861108e+02
2.862141e+02
2.863181e+02
2.864221e+02
2.865261e+02
2.866301e+02
2.867339e+02
2.868379e+02
2.869419e+02
2.870458e+02
2.871498e+02
2.872538e+02
2.873577e+02
2.874617e+02
2.875655e+02
2.876695e+02
2.877733e+02
2.878773e+02
2.879812e+02
2.880850e+02
2.881890e+02
2.882937e+02
2.883969e+02
2.885008e+02
2.886048e+02
2.887086e+02
2.888126e+02
2.889167e+02
2.890212e+02
2.891244e+02
2.892283e+02
2.893323e+02
2.894363e+02
2.895401e+02
2.896456e+02
2.897487e+02
2.898523e+02
2.899563e+02
2.900604e+02
2.901644e+02
2.902684e+02
2.903726e+02
2.904769e+02
2.905808e+02
2.906849e+02
2.907889e+02
2.908931e+02
2.909970e+02
2.911010e+02
2.912050e+02
2.913090e+02
2.914129e+02
2.915168e+02
2.916209e+02
2.917247e+02
2.918287e+02
2.919328e+02
2.920367e+02
2.921408e+02
2.922449e+02
2.923490e+02
2.924533e+02
2.925574e+02
2.926615e+02
2.927656e+02
2.928697e+02
2.929739e+02
2.930779e+02
2.931822e+02
2.932860e+02
2.933902e+02
2.934942e+02
2.935983e+02
2.937024e+02
2.938065e+02
2.939104e+02
2.940145e+02
2.941185e+02
2.942226e+02
2.943266e+02
2.944306e+02
2.945348e+02
2.946387e+02
2.947427e+02
2.948468e+02
2.949509e+02
2.950549e+02
2.951590e+02
2.952632e+02
2.953673e+02
2.954713e+02
2.955752e+02
2.956793e+02
2.957851e+02
2.958875e+02
2.959914e+02
2.960956e+02
2.961997e+02
2.963038e+02
2.964082e+02
2.965118e+02
2.966158e+02
2.967196e+02
2.968240e+02
2.969279e+02
2.970315e+02
2.971362e+02
2.972395e+02
2.973441e+02
2.974472e+02
2.975513e+02
2.976553e+02
2.977593e+02
2.978634e+02
2.979673e+02
2.980713e+02
2.981753e+02
2.982793e+02
2.983855e+02
2.984871e+02
2.985911e+02
2.986949e+02
2.987987e+02
2.989024e+02
2.990062e+02
2.991099e+02
2.992136e+02
2.993174e+02
2.994212e+02
2.995249e+02
2.996286e+02
2.997324e+02
2.998361e+02
2.999398e+02
3.000441e+02
3.001474e+02
3.002511e+02
3.003549e+02
3.004587e+02
3.005626e+02
3.006663e+02
3.007701e+02
3.008740e+02
3.009778e+02
3.010835e+02
3.011853e+02
3.012893e+02
3.013932e+02
3.014978e+02
3.016014e+02
3.017052e+02
3.018095e+02
3.019136e+02
3.020176e+02
3.021219e+02
3.022261e+02
3.023302e+02
3.024345e+02
3.025387e+02
3.026430e+02
3.027472e+02
3.028514e+02
3.029559e+02
3.030601e+02
3.031644e+02
3.032685e+02
3.033728e+02
3.034769e+02
3.035811e+02
3.036853e+02
3.037894e+02
3.038936e+02
3.039976e+02
3.041018e+02
3.042059e+02
3.043099e+02
3.044141e+02
3.045182e+02
3.046223e+02
3.047263e+02
3.048304e+02
3.049343e+02
3.050384e+02
3.051425e+02
3.052465e+02
3.053505e+02
3.054547e+02
3.055586e+02
3.056624e+02
3.057664e+02
3.058705e+02
3.059744e+02
3.060784e+02
3.061823e+02
3.062866e+02
3.063902e+02
3.064945e+02
3.065981e+02
3.067021e+02
3.068062e+02
3.069101e+02
3.070141e+02
3.071180e+02
3.072221e+02
3.073260e+02
3.074301e+02
3.075340e+02
3.076380e+02
3.077422e+02
3.078461e+02
3.079501e+02
3.080541e+02
3.081586e+02
3.082628e+02
3.083661e+02
3.084702e+02
3.085742e+02
3.086782e+02
3.087822e+02
3.088862e+02
3.089903e+02
3.090942e+02
3.091982e+02
3.093023e+02
3.094066e+02
3.095102e+02
3.096142e+02
3.097181e+02
3.098220e+02
3.099260e+02
3.100299e+02
3.101338e+02
3.102376e+02
3.103418e+02
3.104456e+02
3.105502e+02
3.106538e+02
3.107572e+02
3.108611e+02
3.109649e+02
3.110689e+02
3.111728e+02
3.112767e+02
3.113807e+02
3.114847e+02
3.115887e+02
3.116925e+02
3.117965e+02
3.119004e+02
3.120044e+02
3.121083e+02
3.122124e+02
3.123164e+02
3.124203e+02
3.125243e+02
3.126283e+02
3.127324e+02
3.128363e+02
3.129403e+02
3.130443e+02
3.131484e+02
3.132525e+02
3.133565e+02
3.134606e+02
3.135647e+02
3.136687e+02
3.137728e+02
3.138770e+02
3.139811e+02
3.140850e+02
3.141891e+02
3.142931e+02
3.143971e+02
3.145017e+02
3.146052e+02
3.147092e+02
3.148131e+02
3.149171e+02
3.150210e+02
3.151249e+02
3.152289e+02
3.153328e+02
3.154367e+02
3.155407e+02
3.156462e+02
3.157485e+02
3.158524e+02
3.159564e+02
3.160605e+02
3.161642e+02
3.162682e+02
3.163721e+02
3.164761e+02
3.165800e+02
3.166839e+02
3.167882e+02
3.168920e+02
3.169960e+02
3.170999e+02
3.172039e+02
3.173079e+02
3.174118e+02
3.175157e+02
3.176198e+02
3.177237e+02
3.178276e+02
3.179317e+02
3.180356e+02
3.181396e+02
3.182437e+02
3.183477e+02
3.184516e+02
3.185563e+02
3.186597e+02
3.187637e+02
3.188678e+02
3.189717e+02
3.190758e+02
3.191797e+02
3.192837e+02
3.193877e+02
3.194918e+02
3.195958e+02
3.196999e+02
3.198039e+02
3.199079e+02
3.200119e+02
3.201159e+02
3.202199e+02
3.203263e+02
3.204300e+02
3.205339e+02
3.206358e+02
3.207397e+02
3.208436e+02
3.209475e+02
3.210515e+02
3.211554e+02
3.212593e+02
3.213633e+02
3.214671e+02
3.215711e+02
3.216750e+02
3.217797e+02
3.218828e+02
3.219869e+02
3.220910e+02
3.221948e+02
3.222986e+02
3.224024e+02
3.225064e+02
3.226103e+02
3.227143e+02
3.228181e+02
3.229221e+02
3.230262e+02
3.231299e+02
3.232338e+02
3.233378e+02
3.234419e+02
3.235466e+02
3.236497e+02
3.237537e+02
3.238575e+02
3.239615e+02
3.240655e+02
3.241696e+02
3.242737e+02
3.243776e+02
3.244816e+02
3.245858e+02
3.246898e+02
3.247938e+02
3.248979e+02
3.250020e+02
3.251059e+02
3.252100e+02
3.253142e+02
3.254182e+02
3.255221e+02
3.256265e+02
3.257302e+02
3.258342e+02
3.259383e+02
3.260423e+02
3.261466e+02
3.262503e+02
3.263543e+02
3.264583e+02
3.265622e+02
3.266663e+02
3.267702e+02
3.268740e+02
3.269778e+02
3.270816e+02
3.271852e+02
3.272888e+02
3.273926e+02
3.274963e+02
3.276000e+02
3.277034e+02
3.278071e+02
3.279105e+02
3.280146e+02
3.281176e+02
3.282213e+02
3.283249e+02
3.284285e+02
3.285322e+02
3.286360e+02
3.287397e+02
3.288434e+02
3.289473e+02
3.290510e+02
3.291548e+02
3.292587e+02
3.293627e+02
3.294664e+02
3.295703e+02
3.296742e+02
3.297783e+02
3.298822e+02
3.299863e+02
3.300906e+02
3.301947e+02
3.302989e+02
3.304032e+02
3.305074e+02
3.306116e+02
3.307159e+02
3.308201e+02
3.309244e+02
3.310287e+02
3.311330e+02
3.312373e+02
3.313416e+02
3.314458e+02
3.315501e+02
3.316544e+02
3.317587e+02
3.318630e+02
3.319671e+02
3.320720e+02
3.321755e+02
3.322797e+02
3.323840e+02
3.324881e+02
3.325927e+02
3.326964e+02
3.328005e+02
3.329047e+02
3.330089e+02
3.331129e+02
3.332171e+02
3.333211e+02
3.334255e+02
3.335291e+02
3.336333e+02
3.337372e+02
3.338412e+02
3.339452e+02
3.340494e+02
3.341533e+02
3.342573e+02
3.343613e+02
3.344654e+02
3.345692e+02
3.346731e+02
3.347772e+02
3.348812e+02
3.349851e+02
3.350891e+02
3.351932e+02
3.352971e+02
3.354011e+02
3.355049e+02
3.356089e+02
3.357130e+02
3.358169e+02
3.359209e+02
3.360249e+02
3.361288e+02
3.362328e+02
3.363368e+02
3.364406e+02
3.365453e+02
3.366484e+02
3.367527e+02
3.368563e+02
3.369603e+02
3.370642e+02
3.371680e+02
3.372719e+02
3.373760e+02
3.374798e+02
3.375836e+02
3.376876e+02
3.377915e+02
3.378954e+02
3.379994e+02
3.381032e+02
3.382072e+02
3.383111e+02
3.384150e+02
3.385192e+02
3.386232e+02
3.387272e+02
3.388313e+02
3.389353e+02
3.390395e+02
3.391435e+02
3.392475e+02
3.393516e+02
3.394557e+02
3.395598e+02
3.396638e+02
3.397678e+02
3.398717e+02
3.399756e+02
3.400794e+02
3.401837e+02
3.402869e+02
3.403906e+02
3.404944e+02
3.405983e+02
3.407021e+02
3.408060e+02
3.409099e+02
3.410137e+02
3.411176e+02
