0.000000e+00
1.037409e-01
2.074807e-01
3.112178e-01
4.151113e-01
5.188308e-01
6.225700e-01
7.264349e-01
8.301754e-01
9.339144e-01
1.037674e+00
1.141418e+00
1.245137e+00
1.348876e+00
1.452695e+00
1.556359e+00
1.660287e+00
1.764126e+00
1.867712e+00
1.971466e+00
2.075259e+00
2.179035e+00
2.282672e+00
2.386559e+00
2.490307e+00
2.593973e+00
2.697641e+00
2.801383e+00
2.905126e+00
3.009002e+00
3.112605e+00
3.216417e+00
3.320159e+00
3.423875e+00
3.527553e+00
3.631482e+00
3.735197e+00
3.839026e+00
3.942818e+00
4.046503e+00
4.150367e+00
4.254119e+00
4.357849e+00
4.461592e+00
4.565467e+00
4.669199e+00
4.772940e+00
4.876686e+00
4.980419e+00
5.084330e+00
5.188025e+00
5.291767e+00
5.395530e+00
5.499246e+00
5.603112e+00
5.706851e+00
5.810598e+00
5.914337e+00
6.018094e+00
6.121816e+00
6.225554e+00
6.329297e+00
6.433051e+00
6.536904e+00
6.640654e+00
6.744514e+00
6.848342e+00
6.952013e+00
7.055852e+00
7.159596e+00
7.263337e+00
7.367141e+00
7.470968e+00
7.574686e+00
7.678427e+00
7.782186e+00
7.885904e+00
7.989646e+00
8.093373e+00
8.197127e+00
8.300891e+00
8.404601e+00
8.508218e+00
8.612084e+00
8.715829e+00
8.819569e+00
8.923305e+00
9.027052e+00
9.130787e+00
9.234529e+00
9.338269e+00
9.442008e+00
9.545753e+00
9.649498e+00
9.753230e+00
9.856996e+00
9.960719e+00
1.006446e+01
1.016822e+01
1.027193e+01
1.037567e+01
1.047942e+01
1.058303e+01
1.068679e+01
1.079051e+01
1.089425e+01
1.099799e+01
1.110173e+01
1.120547e+01
1.130921e+01
1.141295e+01
1.151674e+01
1.162074e+01
1.172418e+01
1.182808e+01
1.193210e+01
1.203554e+01
1.213933e+01
1.224300e+01
1.234677e+01
1.245063e+01
1.255436e+01
1.265815e+01
1.276198e+01
1.286690e+01
1.296946e+01
1.307319e+01
1.317693e+01
1.328065e+01
1.338440e+01
1.348801e+01
1.359175e+01
1.369549e+01
1.379923e+01
1.390298e+01
1.400671e+01
1.411046e+01
1.421420e+01
1.431808e+01
1.442182e+01
1.452554e+01
1.462941e+01
1.473330e+01
1.483707e+01
1.494088e+01
1.504463e+01
1.514842e+01
1.525222e+01
1.535609e+01
1.546000e+01
1.556370e+01
1.566744e+01
1.577130e+01
1.587504e+01
1.597881e+01
1.608267e+01
1.618652e+01
1.629025e+01
1.639414e+01
1.649788e+01
1.660175e+01
1.670548e+01
1.680936e+01
1.691310e+01
1.701682e+01
1.712070e+01
1.722442e+01
1.732828e+01
1.743202e+01
1.753587e+01
1.763974e+01
1.774348e+01
1.784724e+01
1.795108e+01
1.805484e+01
1.815858e+01
1.826232e+01
1.836608e+01
1.846993e+01
1.857368e+01
1.867741e+01
1.878115e+01
1.888490e+01
1.898864e+01
1.909254e+01
1.919624e+01
1.929998e+01
1.940374e+01
1.950746e+01
1.961120e+01
1.971507e+01
1.981893e+01
1.992271e+01
2.002641e+01
2.013030e+01
2.023402e+01
2.033788e+01
2.044176e+01
2.054551e+01
2.064936e+01
2.075310e+01
2.085696e+01
2.096083e+01
2.106457e+01
2.116843e+01
2.127218e+01
2.137579e+01
2.147953e+01
2.158328e+01
2.168701e+01
2.179075e+01
2.189449e+01
2.199824e+01
2.210212e+01
2.220584e+01
2.230958e+01
2.241345e+01
2.251719e+01
2.262092e+01
2.272466e+01
2.282841e+01
2.293215e+01
2.303591e+01
2.313975e+01
2.324350e+01
2.334726e+01
2.345104e+01
2.355486e+01
2.365860e+01
2.376232e+01
2.386611e+01
2.396993e+01
2.407366e+01
2.417743e+01
2.428130e+01
2.438514e+01
2.448891e+01
2.459274e+01
2.469660e+01
2.480039e+01
2.490422e+01
2.500796e+01
2.511182e+01
2.521563e+01
2.531932e+01
2.542317e+01
2.552705e+01
2.563078e+01
2.573465e+01
2.583838e+01
2.594229e+01
2.604601e+01
2.614985e+01
2.625359e+01
2.635733e+01
2.646120e+01
2.656494e+01
2.666883e+01
2.677255e+01
2.687629e+01
2.698004e+01
2.708389e+01
2.718765e+01
2.729137e+01
2.739511e+01
2.749899e+01
2.760273e+01
2.770646e+01
2.781020e+01
2.791406e+01
2.801780e+01
2.812169e+01
2.822541e+01
2.832930e+01
2.843301e+01
2.853676e+01
2.864064e+01
2.874437e+01
2.884810e+01
2.895186e+01
2.905563e+01
2.915945e+01
2.926321e+01
2.936697e+01
2.947056e+01
2.957428e+01
2.967789e+01
2.978152e+01
2.988515e+01
2.998875e+01
3.009236e+01
3.019597e+01
3.029959e+01
3.040321e+01
3.050682e+01
3.061056e+01
3.071420e+01
3.081779e+01
3.092141e+01
3.102521e+01
3.112879e+01
3.123251e+01
3.133612e+01
3.143973e+01
3.154348e+01
3.164709e+01
3.175096e+01
3.185472e+01
3.195844e+01
3.206218e+01
3.216591e+01
3.226969e+01
3.237340e+01
3.247715e+01
3.258101e+01
3.268500e+01
3.278886e+01
3.289294e+01
3.299684e+01
3.310084e+01
3.320507e+01
3.330919e+01
3.341332e+01
3.351743e+01
3.362154e+01
3.372565e+01
3.382977e+01
3.393403e+01
3.403800e+01
3.414214e+01
3.424611e+01
3.435011e+01
3.445409e+01
3.455809e+01
3.466195e+01
3.476594e+01
3.486980e+01
3.497367e+01
3.507754e+01
3.518141e+01
3.528530e+01
3.538922e+01
3.549283e+01
3.559653e+01
3.570035e+01
3.580412e+01
3.590783e+01
3.601183e+01
3.611550e+01
3.621918e+01
3.632295e+01
3.642688e+01
3.653054e+01
3.663414e+01
3.673788e+01
3.684166e+01
3.694549e+01
3.704923e+01
3.715297e+01
3.725681e+01
3.736056e+01
3.746407e+01
3.756780e+01
3.767167e+01
3.777550e+01
3.787915e+01
3.798302e+01
3.808676e+01
3.819050e+01
3.829424e+01
3.839800e+01
3.850197e+01
3.860576e+01
3.870950e+01
3.881304e+01
3.891673e+01
3.902038e+01
3.912411e+01
3.922777e+01
3.933151e+01
3.943525e+01
3.953912e+01
3.964274e+01
3.974648e+01
3.985022e+01
3.995396e+01
4.005770e+01
4.016144e+01
4.026518e+01
4.036880e+01
4.047254e+01
4.057630e+01
4.068002e+01
4.078376e+01
4.088765e+01
4.099136e+01
4.109510e+01
4.119884e+01
4.130258e+01
4.140632e+01
4.151007e+01
4.161383e+01
4.171757e+01
4.182129e+01
4.192503e+01
4.202877e+01
4.213238e+01
4.223619e+01
4.233987e+01
4.244361e+01
4.254735e+01
4.265109e+01
4.275495e+01
4.285869e+01
4.296244e+01
4.306632e+01
4.317006e+01
4.327390e+01
4.337775e+01
4.348151e+01
4.358530e+01
4.368944e+01
4.379287e+01
4.389676e+01
4.400052e+01
4.410433e+01
4.420807e+01
4.431189e+01
4.441555e+01
4.451945e+01
4.462303e+01
4.472678e+01
4.483051e+01
4.493425e+01
4.503799e+01
4.514186e+01
4.524560e+01
4.534934e+01
4.545315e+01
4.555694e+01
4.566069e+01
4.576455e+01
4.586833e+01
4.597216e+01
4.607590e+01
4.617976e+01
4.628350e+01
4.638724e+01
4.649098e+01
4.659485e+01
4.669859e+01
4.680246e+01
4.690620e+01
4.700994e+01
4.711380e+01
4.721767e+01
4.732145e+01
4.742530e+01
4.752901e+01
4.763275e+01
4.773651e+01
4.784035e+01
4.794410e+01
4.804786e+01
4.815171e+01
4.825545e+01
4.835932e+01
4.846305e+01
4.856680e+01
4.867054e+01
4.877428e+01
4.887802e+01
4.898176e+01
4.908549e+01
4.918929e+01
4.929298e+01
4.939659e+01
4.950036e+01
4.960407e+01
4.970782e+01
4.981143e+01
4.991517e+01
5.001891e+01
5.012269e+01
5.022642e+01
5.033026e+01
5.043400e+01
5.053789e+01
5.064160e+01
5.074547e+01
5.084933e+01
5.095307e+01
5.105694e+01
5.116070e+01
5.126442e+01
5.136828e+01
5.147217e+01
5.157589e+01
5.167976e+01
5.178350e+01
5.188724e+01
5.199098e+01
5.209472e+01
5.219847e+01
5.230222e+01
5.240581e+01
5.250957e+01
5.261342e+01
5.271703e+01
5.282080e+01
5.292451e+01
5.302826e+01
5.313212e+01
5.323586e+01
5.333960e+01
5.344347e+01
5.354721e+01
5.365108e+01
5.375482e+01
5.385870e+01
5.396254e+01
5.406645e+01
5.417040e+01
5.427441e+01
5.437826e+01
5.448214e+01
5.458613e+01
5.469011e+01
5.479403e+01
5.489796e+01
5.500205e+01
5.510608e+01
5.521005e+01
5.531417e+01
5.541823e+01
5.552229e+01
5.562629e+01
5.573026e+01
5.583418e+01
5.593813e+01
5.604210e+01
5.614601e+01
5.624971e+01
5.635372e+01
5.645759e+01
5.656153e+01
5.666553e+01
5.676939e+01
5.687327e+01
5.697702e+01
5.708088e+01
5.718475e+01
5.728851e+01
5.739223e+01
5.749609e+01
5.759984e+01
5.770359e+01
5.780719e+01
5.791096e+01
5.801467e+01
5.811841e+01
5.822220e+01
5.832602e+01
5.842976e+01
5.853350e+01
5.863726e+01
5.874110e+01
5.884485e+01
5.894873e+01
5.905246e+01
5.915619e+01
5.926006e+01
5.936392e+01
5.946771e+01
5.957153e+01
5.967527e+01
5.977914e+01
5.988290e+01
5.998649e+01
6.009023e+01
6.019397e+01
6.029772e+01
6.040133e+01
6.050506e+01
6.060869e+01
6.071243e+01
6.081618e+01
6.091990e+01
6.102352e+01
6.112728e+01
6.123100e+01
6.133474e+01
6.143848e+01
6.154223e+01
6.164654e+01
6.174971e+01
6.185348e+01
6.195721e+01
6.206095e+01
6.216470e+01
6.226855e+01
6.237231e+01
6.247614e+01
6.257989e+01
6.268376e+01
6.278751e+01
6.289123e+01
6.299497e+01
6.309874e+01
6.320245e+01
6.330632e+01
6.341018e+01
6.351392e+01
6.361779e+01
6.372153e+01
6.382542e+01
6.392931e+01
6.403315e+01
6.413687e+01
6.424075e+01
6.434459e+01
6.444834e+01
6.455220e+01
6.465607e+01
6.475994e+01
6.486380e+01
6.496754e+01
6.507153e+01
6.517527e+01
6.527913e+01
6.538300e+01
6.548687e+01
6.559061e+01
6.569435e+01
6.579810e+01
6.590196e+01
6.600569e+01
6.610945e+01
6.621330e+01
6.631730e+01
6.642068e+01
6.652442e+01
6.662816e+01
6.673188e+01
6.683562e+01
6.693925e+01
6.704312e+01
6.714686e+01
6.725058e+01
6.735444e+01
6.745806e+01
6.756180e+01
6.766567e+01
6.776943e+01
6.787343e+01
6.797702e+01
6.808075e+01
6.818459e+01
6.828826e+01
6.839197e+01
6.849586e+01
6.859945e+01
6.870319e+01
6.880695e+01
6.891068e+01
6.901442e+01
6.911816e+01
6.922190e+01
6.932564e+01
6.942938e+01
6.953320e+01
6.963711e+01
6.974065e+01
6.984435e+01
6.994809e+01
7.005182e+01
7.015556e+01
7.025930e+01
7.036305e+01
7.046666e+01
7.057039e+01
7.067414e+01
7.077788e+01
7.088162e+01
7.098535e+01
7.108912e+01
7.119286e+01
7.129662e+01
7.140044e+01
7.150431e+01
7.160807e+01
7.171194e+01
7.181578e+01
7.191967e+01
7.202351e+01
7.212738e+01
7.223139e+01
7.233523e+01
7.243912e+01
7.254298e+01
7.264687e+01
7.275072e+01
7.285456e+01
7.295843e+01
7.306229e+01
7.316621e+01
7.327002e+01
7.337389e+01
7.347777e+01
7.358164e+01
7.368562e+01
7.378948e+01
7.389334e+01
7.399721e+01
7.410107e+01
7.420493e+01
7.430881e+01
7.441254e+01
7.451645e+01
7.462017e+01
7.472389e+01
7.482777e+01
7.493150e+01
7.503524e+01
7.513898e+01
7.524272e+01
7.534658e+01
7.545032e+01
7.555421e+01
7.565793e+01
7.576182e+01
7.586566e+01
7.596940e+01
7.607317e+01
7.617701e+01
7.628075e+01
7.638450e+01
7.648846e+01
7.659222e+01
7.669613e+01
7.679983e+01
7.690372e+01
7.700747e+01
7.711130e+01
7.721529e+01
7.731916e+01
7.742302e+01
7.752690e+01
7.763077e+01
7.773462e+01
7.783854e+01
7.794235e+01
7.804621e+01
7.815021e+01
7.825407e+01
7.835797e+01
7.846192e+01
7.856581e+01
7.866954e+01
7.877323e+01
7.887688e+01
7.898065e+01
7.908426e+01
7.918788e+01
7.929160e+01
7.939524e+01
7.949885e+01
7.960261e+01
7.970621e+01
7.980993e+01
7.991369e+01
8.001751e+01
8.012102e+01
8.022476e+01
8.032851e+01
8.043212e+01
8.053599e+01
8.063972e+01
8.074347e+01
8.084721e+01
8.095097e+01
8.105475e+01
8.115842e+01
8.126236e+01
8.136616e+01
8.147003e+01
8.157376e+01
8.167763e+01
8.178152e+01
8.188538e+01
8.198923e+01
8.209309e+01
8.219696e+01
8.230070e+01
8.240456e+01
8.250831e+01
8.261217e+01
8.271604e+01
8.281990e+01
8.292364e+01
8.302751e+01
8.313137e+01
8.323512e+01
8.333897e+01
8.344272e+01
8.354646e+01
8.365020e+01
8.375399e+01
8.385768e+01
8.396142e+01
8.406516e+01
8.416890e+01
8.427264e+01
8.437660e+01
8.448013e+01
8.458386e+01
8.468760e+01
8.479135e+01
8.489521e+01
8.499902e+01
8.510282e+01
8.520668e+01
8.531048e+01
8.541429e+01
8.551806e+01
8.562189e+01
8.572565e+01
8.582960e+01
8.593335e+01
8.603716e+01
8.614097e+01
8.624488e+01
8.634857e+01
8.645244e+01
8.655620e+01
8.665992e+01
8.676380e+01
8.686766e+01
8.697140e+01
8.707536e+01
8.717900e+01
8.728287e+01
8.738673e+01
8.749047e+01
8.759421e+01
8.769796e+01
8.780169e+01
8.790544e+01
8.800918e+01
8.811291e+01
8.821666e+01
8.832039e+01
8.842413e+01
8.852788e+01
8.863179e+01
8.873549e+01
8.883923e+01
8.894311e+01
8.904683e+01
8.915057e+01
8.925431e+01
8.935807e+01
8.946194e+01
8.956566e+01
8.966943e+01
8.977329e+01
8.987715e+01
8.998089e+01
9.008476e+01
9.018847e+01
9.029234e+01
9.039610e+01
9.049995e+01
9.060368e+01
9.070743e+01
9.081117e+01
9.091491e+01
9.101877e+01
9.112251e+01
9.122626e+01
9.133013e+01
9.143386e+01
9.153773e+01
9.164147e+01
9.174538e+01
9.184922e+01
9.195294e+01
9.205680e+01
9.216064e+01
9.226443e+01
9.236817e+01
9.247189e+01
9.257575e+01
9.267950e+01
9.278324e+01
9.288698e+01
9.299072e+01
9.309446e+01
9.319820e+01
9.330203e+01
9.340587e+01
9.350943e+01
9.361303e+01
9.371694e+01
9.382053e+01
9.392426e+01
9.402800e+01
9.413171e+01
9.423577e+01
9.433911e+01
9.444286e+01
9.454647e+01
9.465020e+01
9.475395e+01
9.485782e+01
9.496165e+01
9.506537e+01
9.516903e+01
9.527291e+01
9.537668e+01
9.548050e+01
9.558424e+01
9.568809e+01
9.579214e+01
9.589592e+01
9.599982e+01
9.610345e+01
9.620757e+01
9.631139e+01
9.641511e+01
9.651866e+01
9.662250e+01
9.672637e+01
9.683012e+01
9.693387e+01
9.703759e+01
9.714145e+01
9.724520e+01
9.734906e+01
9.745294e+01
9.755667e+01
9.766053e+01
9.776430e+01
9.786802e+01
9.797176e+01
9.807562e+01
9.817936e+01
9.828310e+01
9.838684e+01
9.849058e+01
9.859432e+01
9.869807e+01
9.880182e+01
9.890555e+01
9.900931e+01
9.911304e+01
9.921690e+01
9.932064e+01
9.942452e+01
9.952827e+01
9.963199e+01
9.973573e+01
9.983946e+01
9.994308e+01
1.000468e+02
1.001506e+02
1.002543e+02
1.003579e+02
1.004617e+02
1.005653e+02
1.006690e+02
1.007728e+02
1.008765e+02
1.009802e+02
1.010841e+02
1.011878e+02
1.012916e+02
1.013953e+02
1.014991e+02
1.016028e+02
1.017067e+02
1.018104e+02
1.019141e+02
1.020179e+02
1.021216e+02
1.022254e+02
1.023292e+02
1.024330e+02
1.025367e+02
1.026405e+02
1.027443e+02
1.028481e+02
1.029519e+02
1.030557e+02
1.031595e+02
1.032634e+02
1.033673e+02
1.034711e+02
1.035750e+02
1.036789e+02
1.037826e+02
1.038865e+02
1.039903e+02
1.040941e+02
1.041978e+02
1.043017e+02
1.044054e+02
1.045093e+02
1.046130e+02
1.047169e+02
1.048206e+02
1.049245e+02
1.050282e+02
1.051320e+02
1.052359e+02
1.053396e+02
1.054433e+02
1.055472e+02
1.056509e+02
1.057547e+02
1.058584e+02
1.059622e+02
1.060660e+02
1.061698e+02
1.062735e+02
1.063772e+02
1.064810e+02
1.065847e+02
1.066885e+02
1.067921e+02
1.068958e+02
1.069997e+02
1.071034e+02
1.072072e+02
1.073109e+02
1.074146e+02
1.075185e+02
1.076223e+02
1.077260e+02
1.078297e+02
1.079335e+02
1.080373e+02
1.081411e+02
1.082448e+02
1.083492e+02
1.084533e+02
1.085563e+02
1.086600e+02
1.087638e+02
1.088676e+02
1.089714e+02
1.090751e+02
1.091789e+02
1.092827e+02
1.093865e+02
1.094902e+02
1.095939e+02
1.096977e+02
1.098014e+02
1.099052e+02
1.100089e+02
1.101126e+02
1.102164e+02
1.103201e+02
1.104241e+02
1.105277e+02
1.106314e+02
1.107351e+02
1.108390e+02
1.109427e+02
1.110464e+02
1.111503e+02
1.112542e+02
1.113579e+02
1.114616e+02
1.115655e+02
1.116693e+02
1.117731e+02
1.118769e+02
1.119807e+02
1.120846e+02
1.121883e+02
1.122922e+02
1.123962e+02
1.125001e+02
1.126039e+02
1.127078e+02
1.128115e+02
1.129154e+02
1.130191e+02
1.131229e+02
1.132266e+02
1.133305e+02
1.134342e+02
1.135380e+02
1.136417e+02
1.137454e+02
1.138493e+02
1.139531e+02
1.140568e+02
1.141605e+02
1.142644e+02
1.143683e+02
1.144720e+02
1.145757e+02
1.146795e+02
1.147832e+02
1.148871e+02
1.149908e+02
1.150945e+02
1.151982e+02
1.153021e+02
1.154058e+02
1.155095e+02
1.156133e+02
1.157169e+02
1.158206e+02
1.159244e+02
1.160281e+02
1.161318e+02
1.162357e+02
1.163395e+02
1.164432e+02
1.165470e+02
1.166508e+02
1.167546e+02
1.168583e+02
1.169620e+02
1.170658e+02
1.171695e+02
1.172732e+02
1.173770e+02
1.174807e+02
1.175845e+02
1.176881e+02
1.177919e+02
1.178956e+02
1.179992e+02
1.181030e+02
1.182068e+02
1.183105e+02
1.184143e+02
1.185181e+02
1.186219e+02
1.187257e+02
1.188295e+02
1.189332e+02
1.190371e+02
1.191408e+02
1.192447e+02
1.193483e+02
1.194521e+02
1.195559e+02
1.196597e+02
1.197634e+02
1.198671e+02
1.199709e+02
1.200747e+02
1.201785e+02
1.202822e+02
1.203860e+02
1.204898e+02
1.205937e+02
1.206974e+02
1.208012e+02
1.209049e+02
1.210088e+02
1.211126e+02
1.212163e+02
1.213201e+02
1.214239e+02
1.215277e+02
1.216314e+02
1.217352e+02
1.218390e+02
1.219428e+02
1.220465e+02
1.221503e+02
1.222541e+02
1.223579e+02
1.224617e+02
1.225655e+02
1.226694e+02
1.227731e+02
1.228770e+02
1.229808e+02
1.230846e+02
1.231884e+02
1.232923e+02
1.233961e+02
1.234999e+02
1.236037e+02
1.237074e+02
1.238111e+02
1.239149e+02
1.240186e+02
1.241224e+02
1.242261e+02
1.243298e+02
1.244335e+02
1.245373e+02
1.246411e+02
1.247449e+02
1.248487e+02
1.249526e+02
1.250563e+02
1.251600e+02
1.252638e+02
1.253675e+02
1.254713e+02
1.255751e+02
1.256788e+02
1.257826e+02
1.258863e+02
1.259902e+02
1.260939e+02
1.261977e+02
1.263015e+02
1.264052e+02
1.265089e+02
1.266126e+02
1.267164e+02
1.268201e+02
1.269239e+02
1.270277e+02
1.271315e+02
1.272354e+02
1.273391e+02
1.274429e+02
1.275467e+02
1.276505e+02
1.277543e+02
1.278581e+02
1.279619e+02
1.280657e+02
1.281696e+02
1.282735e+02
1.283773e+02
1.284811e+02
1.285848e+02
1.286886e+02
1.287924e+02
1.288962e+02
1.290001e+02
1.291038e+02
1.292075e+02
1.293113e+02
1.294150e+02
1.295187e+02
1.296224e+02
1.297261e+02
1.298298e+02
1.299335e+02
1.300372e+02
1.301409e+02
1.302445e+02
1.303480e+02
1.304518e+02
1.305554e+02
1.306592e+02
1.307629e+02
1.308666e+02
1.309704e+02
1.310742e+02
1.311780e+02
1.312817e+02
1.313854e+02
1.314892e+02
1.315929e+02
1.316965e+02
1.318003e+02
1.319040e+02
1.320079e+02
1.321115e+02
1.322152e+02
1.323190e+02
1.324229e+02
1.325266e+02
1.326304e+02
1.327341e+02
1.328377e+02
1.329414e+02
1.330452e+02
1.331489e+02
1.332527e+02
1.333564e+02
1.334602e+02
1.335639e+02
1.336677e+02
1.337715e+02
1.338752e+02
1.339788e+02
1.340826e+02
1.341864e+02
1.342902e+02
1.343940e+02
1.344978e+02
1.346015e+02
1.347054e+02
1.348091e+02
1.349129e+02
1.350166e+02
1.351204e+02
1.352242e+02
1.353280e+02
1.354316e+02
1.355353e+02
1.356391e+02
1.357428e+02
1.358465e+02
1.359503e+02
1.360541e+02
1.361578e+02
1.362615e+02
1.363652e+02
1.364690e+02
1.365726e+02
1.366763e+02
1.367801e+02
1.368838e+02
1.369877e+02
1.370914e+02
1.371952e+02
1.372990e+02
1.374028e+02
1.375066e+02
1.376104e+02
1.377142e+02
1.378181e+02
1.379218e+02
1.380257e+02
1.381295e+02
1.382333e+02
1.383372e+02
1.384410e+02
1.385449e+02
1.386487e+02
1.387525e+02
1.388563e+02
1.389601e+02
1.390640e+02
1.391677e+02
1.392715e+02
1.393752e+02
1.394791e+02
1.395828e+02
1.396866e+02
1.397904e+02
1.398942e+02
1.399979e+02
1.401016e+02
1.402055e+02
1.403092e+02
1.404130e+02
1.405167e+02
1.406205e+02
1.407243e+02
1.408281e+02
1.409319e+02
1.410357e+02
1.411394e+02
1.412432e+02
1.413471e+02
1.414508e+02
1.415545e+02
1.416583e+02
1.417620e+02
1.418657e+02
1.419695e+02
1.420731e+02
1.421768e+02
1.422806e+02
1.423843e+02
1.424881e+02
1.425918e+02
1.426961e+02
1.427993e+02
1.429030e+02
1.430069e+02
1.431105e+02
1.432142e+02
1.433180e+02
1.434217e+02
1.435252e+02
1.436289e+02
1.437326e+02
1.438377e+02
1.439399e+02
1.440435e+02
1.441473e+02
1.442510e+02
1.443546e+02
1.444584e+02
1.445621e+02
1.446659e+02
1.447697e+02
1.448734e+02
1.449771e+02
1.450808e+02
1.451847e+02
1.452883e+02
1.453919e+02
1.454958e+02
1.455995e+02
1.457032e+02
1.458069e+02
1.459107e+02
1.460147e+02
1.461184e+02
1.462220e+02
1.463257e+02
1.464295e+02
1.465333e+02
1.466371e+02
1.467409e+02
1.468447e+02
1.469485e+02
1.470523e+02
1.471561e+02
1.472599e+02
1.473638e+02
1.474676e+02
1.475715e+02
1.476756e+02
1.477791e+02
1.478829e+02
1.479868e+02
1.480905e+02
1.481943e+02
1.482982e+02
1.484019e+02
1.485057e+02
1.486095e+02
1.487133e+02
1.488171e+02
1.489210e+02
1.490247e+02
1.491286e+02
1.492324e+02
1.493362e+02
1.494399e+02
1.495438e+02
1.496475e+02
1.497514e+02
1.498552e+02
1.499590e+02
1.500628e+02
1.501663e+02
1.502702e+02
1.503738e+02
1.504776e+02
1.505813e+02
1.506849e+02
1.507887e+02
1.508924e+02
1.509963e+02
1.511000e+02
1.512037e+02
1.513075e+02
1.514112e+02
1.515150e+02
1.516187e+02
1.517225e+02
1.518262e+02
1.519299e+02
1.520337e+02
1.521373e+02
1.522410e+02
1.523448e+02
1.524485e+02
1.525524e+02
1.526561e+02
1.527600e+02
1.528637e+02
1.529675e+02
1.530712e+02
1.531749e+02
1.532788e+02
1.533825e+02
1.534863e+02
1.535900e+02
1.536938e+02
1.537975e+02
1.539013e+02
1.540050e+02
1.541087e+02
1.542126e+02
1.543163e+02
1.544201e+02
1.545238e+02
1.546276e+02
1.547313e+02
1.548350e+02
1.549388e+02
1.550425e+02
1.551463e+02
1.552500e+02
1.553537e+02
1.554575e+02
1.555612e+02
1.556650e+02
1.557687e+02
1.558724e+02
1.559761e+02
1.560798e+02
1.561835e+02
1.562873e+02
1.563910e+02
1.564949e+02
1.565985e+02
1.567022e+02
1.568059e+02
1.569096e+02
1.570133e+02
1.571172e+02
1.572210e+02
1.573247e+02
1.574284e+02
1.575322e+02
1.576359e+02
1.577397e+02
1.578434e+02
1.579473e+02
1.580510e+02
1.581548e+02
1.582585e+02
1.583622e+02
1.584658e+02
1.585697e+02
1.586735e+02
1.587772e+02
1.588809e+02
1.589847e+02
1.590885e+02
1.591923e+02
1.592960e+02
1.593997e+02
1.595035e+02
1.596072e+02
1.597110e+02
1.598147e+02
1.599185e+02
1.600222e+02
1.601259e+02
1.602297e+02
1.603334e+02
1.604372e+02
1.605409e+02
1.606446e+02
1.607485e+02
1.608522e+02
1.609560e+02
1.610596e+02
1.611635e+02
1.612672e+02
1.613711e+02
1.614749e+02
1.615788e+02
1.616827e+02
1.617867e+02
1.618905e+02
1.619944e+02
1.620983e+02
1.622021e+02
1.623061e+02
1.624098e+02
1.625137e+02
1.626176e+02
1.627213e+02
1.628251e+02
1.629288e+02
1.630325e+02
1.631363e+02
1.632400e+02
1.633438e+02
1.634474e+02
1.635510e+02
1.636548e+02
1.637583e+02
1.638621e+02
1.639658e+02
1.640696e+02
1.641733e+02
1.642771e+02
1.643808e+02
1.644845e+02
1.645883e+02
1.646920e+02
1.647958e+02
1.648994e+02
1.650031e+02
1.651069e+02
1.652106e+02
1.653143e+02
1.654181e+02
1.655218e+02
1.656256e+02
1.657294e+02
1.658332e+02
1.659381e+02
1.660406e+02
1.661444e+02
1.662480e+02
1.663517e+02
1.664556e+02
1.665592e+02
1.666630e+02
1.667667e+02
1.668704e+02
1.669742e+02
1.670779e+02
1.671815e+02
1.672853e+02
1.673890e+02
1.674928e+02
1.675966e+02
1.677004e+02
1.678041e+02
1.679079e+02
1.680117e+02
1.681155e+02
1.682192e+02
1.683229e+02
1.684267e+02
1.685305e+02
1.686343e+02
1.687380e+02
1.688418e+02
1.689456e+02
1.690492e+02
1.691530e+02
1.692568e+02
1.693605e+02
1.694642e+02
1.695680e+02
1.696717e+02
1.697754e+02
1.698792e+02
1.699830e+02
1.700868e+02
1.701905e+02
1.702943e+02
1.703980e+02
1.705017e+02
1.706056e+02
1.707093e+02
1.708131e+02
1.709167e+02
1.710204e+02
1.711242e+02
1.712279e+02
1.713317e+02
1.714354e+02
1.715392e+02
1.716428e+02
1.717465e+02
1.718502e+02
1.719538e+02
1.720576e+02
1.721613e+02
1.722651e+02
1.723688e+02
1.724724e+02
1.725762e+02
1.726800e+02
1.727838e+02
1.728875e+02
1.729913e+02
1.730951e+02
1.731989e+02
1.733027e+02
1.734066e+02
1.735103e+02
1.736141e+02
1.737178e+02
1.738215e+02
1.739253e+02
1.740290e+02
1.741329e+02
1.742366e+02
1.743404e+02
1.744441e+02
1.745479e+02
1.746516e+02
1.747553e+02
1.748591e+02
1.749629e+02
1.750667e+02
1.751704e+02
1.752743e+02
1.753780e+02
1.754819e+02
1.755856e+02
1.756894e+02
1.757932e+02
1.758970e+02
1.760007e+02
1.761045e+02
1.762082e+02
1.763119e+02
1.764156e+02
1.765193e+02
1.766231e+02
1.767268e+02
1.768305e+02
1.769344e+02
1.770381e+02
1.771419e+02
1.772456e+02
1.773493e+02
1.774531e+02
1.775568e+02
1.776606e+02
1.777645e+02
1.778682e+02
1.779719e+02
1.780757e+02
1.781795e+02
1.782833e+02
1.783870e+02
1.784908e+02
1.785945e+02
1.786982e+02
1.788020e+02
1.789057e+02
1.790095e+02
1.791133e+02
1.792171e+02
1.793208e+02
1.794245e+02
1.795283e+02
1.796320e+02
1.797358e+02
1.798396e+02
1.799434e+02
1.800471e+02
1.801508e+02
1.802546e+02
1.803583e+02
1.804621e+02
1.805658e+02
1.806695e+02
1.807733e+02
1.808770e+02
1.809809e+02
1.810846e+02
1.811884e+02
1.812921e+02
1.813959e+02
1.814996e+02
1.816034e+02
1.817072e+02
1.818110e+02
1.819147e+02
1.820186e+02
1.821223e+02
1.822261e+02
1.823298e+02
1.824335e+02
1.825373e+02
1.826411e+02
1.827449e+02
1.828486e+02
1.829523e+02
1.830561e+02
1.831598e+02
1.832637e+02
1.833674e+02
1.834712e+02
1.835749e+02
1.836786e+02
1.837825e+02
1.838863e+02
1.839900e+02
1.840939e+02
1.841975e+02
1.843013e+02
1.844051e+02
1.845088e+02
1.846126e+02
1.847163e+02
1.848200e+02
1.849238e+02
1.850275e+02
1.851313e+02
1.852350e+02
1.853387e+02
1.854425e+02
1.855464e+02
1.856501e+02
1.857538e+02
1.858577e+02
1.859615e+02
1.860652e+02
1.861689e+02
1.862728e+02
1.863765e+02
1.864803e+02
1.865842e+02
1.866879e+02
1.867916e+02
