0.000000e+00
1.036224e-01
2.072604e-01
3.108547e-01
4.144700e-01
5.181379e-01
6.218460e-01
7.254403e-01
8.290529e-01
9.327965e-01
1.036410e+00
1.140146e+00
1.243893e+00
1.347633e+00
1.451467e+00
1.555049e+00
1.658740e+00
1.762493e+00
1.866087e+00
1.969822e+00
2.073441e+00
2.177466e+00
2.280793e+00
2.384403e+00
2.488171e+00
2.591766e+00
2.695399e+00
2.799118e+00
2.902737e+00
3.006479e+00
3.110092e+00
3.213852e+00
3.317446e+00
3.421187e+00
3.524813e+00
3.628438e+00
3.732159e+00
3.835776e+00
3.939388e+00
4.043123e+00
4.146767e+00
4.250364e+00
4.354099e+00
4.457740e+00
4.561344e+00
4.665074e+00
4.768697e+00
4.872306e+00
4.975941e+00
5.079536e+00
5.183153e+00
5.286640e+00
5.390260e+00
5.493876e+00
5.597511e+00
5.701105e+00
5.804593e+00
5.908232e+00
6.011828e+00
6.115337e+00
6.218930e+00
6.322443e+00
6.425914e+00
6.529402e+00
6.632892e+00
6.736384e+00
6.839997e+00
6.943489e+00
7.047127e+00
7.150722e+00
7.254433e+00
7.357859e+00
7.461356e+00
7.564938e+00
7.668559e+00
7.772271e+00
7.875781e+00
7.979281e+00
8.082890e+00
8.186505e+00
8.290010e+00
8.393526e+00
8.497097e+00
8.600661e+00
8.704206e+00
8.807696e+00
8.911185e+00
9.014696e+00
9.118308e+00
9.221785e+00
9.325275e+00
9.428764e+00
9.532398e+00
9.635868e+00
9.739361e+00
9.842972e+00
9.946465e+00
1.005008e+01
1.015357e+01
1.025708e+01
1.036068e+01
1.046419e+01
1.056778e+01
1.067142e+01
1.077489e+01
1.087850e+01
1.098200e+01
1.108561e+01
1.118910e+01
1.129274e+01
1.139633e+01
1.149995e+01
1.160357e+01
1.170718e+01
1.181067e+01
1.191431e+01
1.201790e+01
1.212142e+01
1.222503e+01
1.232864e+01
1.243211e+01
1.253594e+01
1.263938e+01
1.274284e+01
1.284647e+01
1.294999e+01
1.305355e+01
1.315717e+01
1.326066e+01
1.336428e+01
1.346777e+01
1.357126e+01
1.367489e+01
1.377836e+01
1.388198e+01
1.398547e+01
1.408908e+01
1.419260e+01
1.429619e+01
1.439982e+01
1.450330e+01
1.460691e+01
1.471053e+01
1.481427e+01
1.491789e+01
1.502150e+01
1.512525e+01
1.522890e+01
1.533260e+01
1.543621e+01
1.553983e+01
1.564358e+01
1.574718e+01
1.585094e+01
1.595454e+01
1.605816e+01
1.616177e+01
1.626554e+01
1.636914e+01
1.647275e+01
1.657651e+01
1.668023e+01
1.678389e+01
1.688746e+01
1.699108e+01
1.709469e+01
1.719844e+01
1.730205e+01
1.740568e+01
1.750928e+01
1.761303e+01
1.771664e+01
1.782025e+01
1.792387e+01
1.802748e+01
1.813111e+01
1.823459e+01
1.833820e+01
1.844184e+01
1.854543e+01
1.864902e+01
1.875254e+01
1.885615e+01
1.895970e+01
1.906326e+01
1.916682e+01
1.927037e+01
1.937406e+01
1.947738e+01
1.958096e+01
1.968455e+01
1.978794e+01
1.989195e+01
1.999508e+01
2.009858e+01
2.020224e+01
2.030569e+01
2.040926e+01
2.051297e+01
2.061652e+01
2.072011e+01
2.082373e+01
2.092734e+01
2.103096e+01
2.113457e+01
2.123821e+01
2.134181e+01
2.144542e+01
2.154904e+01
2.165267e+01
2.175639e+01
2.186001e+01
2.196362e+01
2.206724e+01
2.217086e+01
2.227447e+01
2.237808e+01
2.248158e+01
2.258519e+01
2.268868e+01
2.279217e+01
2.289579e+01
2.299927e+01
2.310278e+01
2.320626e+01
2.330964e+01
2.341312e+01
2.351662e+01
2.362022e+01
2.372371e+01
2.382720e+01
2.393069e+01
2.403421e+01
2.413780e+01
2.424144e+01
2.434503e+01
2.444852e+01
2.455214e+01
2.465581e+01
2.475936e+01
2.486286e+01
2.496647e+01
2.507010e+01
2.517359e+01
2.527722e+01
2.538069e+01
2.548418e+01
2.558767e+01
2.569119e+01
2.579465e+01
2.589814e+01
2.600150e+01
2.610500e+01
2.620836e+01
2.631183e+01
2.641524e+01
2.651858e+01
2.662207e+01
2.672543e+01
2.682893e+01
2.693232e+01
2.703579e+01
2.713915e+01
2.724264e+01
2.734601e+01
2.744950e+01
2.755299e+01
2.765638e+01
2.775984e+01
2.786321e+01
2.796670e+01
2.807006e+01
2.817358e+01
2.827692e+01
2.838041e+01
2.848378e+01
2.858729e+01
2.869064e+01
2.879402e+01
2.889749e+01
2.900088e+01
2.910434e+01
2.920771e+01
2.931110e+01
2.941459e+01
2.951793e+01
2.962142e+01
2.972479e+01
2.982830e+01
2.993178e+01
3.003513e+01
3.013852e+01
3.024199e+01
3.034535e+01
3.044885e+01
3.055221e+01
3.065569e+01
3.075907e+01
3.086256e+01
3.096607e+01
3.106942e+01
3.117293e+01
3.127651e+01
3.137989e+01
3.148328e+01
3.158675e+01
3.169024e+01
3.179363e+01
3.189711e+01
3.200047e+01
3.210403e+01
3.220731e+01
3.231082e+01
3.241416e+01
3.251765e+01
3.262102e+01
3.272451e+01
3.282787e+01
3.293138e+01
3.303486e+01
3.313822e+01
3.324173e+01
3.334508e+01
3.344856e+01
3.355195e+01
3.365542e+01
3.375879e+01
3.386229e+01
3.396565e+01
3.406914e+01
3.417252e+01
3.427599e+01
3.437948e+01
3.448285e+01
3.458634e+01
3.468983e+01
3.479322e+01
3.489670e+01
3.500006e+01
3.510354e+01
3.520691e+01
3.531040e+01
3.541392e+01
3.551735e+01
3.562075e+01
3.572411e+01
3.582747e+01
3.593086e+01
3.603433e+01
3.613770e+01
3.624108e+01
3.634443e+01
3.644792e+01
3.655128e+01
3.665465e+01
3.675801e+01
3.686249e+01
3.696501e+01
3.706824e+01
3.717177e+01
3.727510e+01
3.737847e+01
3.748193e+01
3.758546e+01
3.768857e+01
3.779193e+01
3.789532e+01
3.799854e+01
3.810193e+01
3.820526e+01
3.830863e+01
3.841200e+01
3.851539e+01
3.861875e+01
3.872209e+01
3.882545e+01
3.892882e+01
3.903219e+01
3.913555e+01
3.923894e+01
3.934238e+01
3.944567e+01
3.954902e+01
3.965248e+01
3.975577e+01
3.985911e+01
3.996263e+01
4.006597e+01
4.016934e+01
4.027270e+01
4.037607e+01
4.047943e+01
4.058292e+01
4.068631e+01
4.078965e+01
4.089314e+01
4.099651e+01
4.109987e+01
4.120325e+01
4.130674e+01
4.141009e+01
4.151348e+01
4.161697e+01
4.172042e+01
4.182374e+01
4.192722e+01
4.203057e+01
4.213402e+01
4.223740e+01
4.234089e+01
4.244426e+01
4.254761e+01
4.265111e+01
4.275449e+01
4.285799e+01
4.296133e+01
4.306482e+01
4.316818e+01
4.327168e+01
4.337519e+01
4.347854e+01
4.358190e+01
4.368539e+01
4.378888e+01
4.389236e+01
4.399576e+01
4.409923e+01
4.420272e+01
4.430621e+01
4.440970e+01
4.451319e+01
4.461658e+01
4.472004e+01
4.482353e+01
4.492702e+01
4.503039e+01
4.513388e+01
4.523737e+01
4.534086e+01
4.544435e+01
4.554785e+01
4.565133e+01
4.575482e+01
4.585831e+01
4.596183e+01
4.606532e+01
4.616878e+01
4.627228e+01
4.637579e+01
4.647926e+01
4.658275e+01
4.668624e+01
4.678988e+01
4.689334e+01
4.699684e+01
4.710033e+01
4.720382e+01
4.730731e+01
4.741082e+01
4.751446e+01
4.761790e+01
4.772139e+01
4.782488e+01
4.792840e+01
4.803317e+01
4.813548e+01
4.823897e+01
4.834255e+01
4.844604e+01
4.854944e+01
4.865311e+01
4.875648e+01
4.885995e+01
4.896344e+01
4.906695e+01
4.917042e+01
4.927394e+01
4.937737e+01
4.948181e+01
4.958425e+01
4.968772e+01
4.979109e+01
4.989457e+01
4.999808e+01
5.010156e+01
5.020505e+01
5.030854e+01
5.041203e+01
5.051552e+01
5.061900e+01
5.072251e+01
5.082592e+01
5.092936e+01
5.103284e+01
5.113623e+01
5.123971e+01
5.134306e+01
5.144655e+01
5.155006e+01
5.165340e+01
5.175691e+01
5.186026e+01
5.196365e+01
5.206712e+01
5.217049e+01
5.227411e+01
5.237734e+01
5.248084e+01
5.258420e+01
5.268769e+01
5.279106e+01
5.289442e+01
5.299792e+01
5.310128e+01
5.320464e+01
5.330814e+01
5.341150e+01
5.351499e+01
5.361835e+01
5.372185e+01
5.382521e+01
5.392870e+01
5.403221e+01
5.413560e+01
5.423905e+01
5.434241e+01
5.444590e+01
5.454927e+01
5.465276e+01
5.475627e+01
5.485962e+01
5.496312e+01
5.506660e+01
5.516996e+01
5.527346e+01
5.537694e+01
5.548043e+01
5.558393e+01
5.568741e+01
5.579091e+01
5.589440e+01
5.599793e+01
5.610138e+01
5.620487e+01
5.630836e+01
5.641187e+01
5.651534e+01
5.661884e+01
5.672232e+01
5.682581e+01
5.692930e+01
5.703279e+01
5.713618e+01
5.723965e+01
5.734301e+01
5.744652e+01
5.754999e+01
5.765336e+01
5.775685e+01
5.786021e+01
5.796371e+01
5.806707e+01
5.817060e+01
5.827392e+01
5.837730e+01
5.848081e+01
5.858416e+01
5.868768e+01
5.879120e+01
5.889460e+01
5.899788e+01
5.910174e+01
5.920484e+01
5.930833e+01
5.941173e+01
5.951518e+01
5.961868e+01
5.972205e+01
5.982554e+01
5.992902e+01
6.003252e+01
6.013591e+01
6.023938e+01
6.034287e+01
6.044625e+01
6.054972e+01
6.065321e+01
6.075670e+01
6.086019e+01
6.096368e+01
6.106717e+01
6.117063e+01
6.127412e+01
6.137796e+01
6.148102e+01
6.158443e+01
6.168787e+01
6.179152e+01
6.189485e+01
6.199835e+01
6.210183e+01
6.220520e+01
6.230871e+01
6.241207e+01
6.251556e+01
6.261905e+01
6.272241e+01
6.282589e+01
6.292928e+01
6.303275e+01
6.313626e+01
6.323974e+01
6.334322e+01
6.344670e+01
6.355019e+01
6.365356e+01
6.375705e+01
6.386054e+01
6.396403e+01
6.406752e+01
6.417088e+01
6.427438e+01
6.437787e+01
6.448136e+01
6.458485e+01
6.468840e+01
6.479183e+01
6.489519e+01
6.499870e+01
6.510205e+01
6.520542e+01
6.530878e+01
6.541228e+01
6.551564e+01
6.561900e+01
6.572249e+01
6.582586e+01
6.592935e+01
6.603272e+01
6.613620e+01
6.623959e+01
6.634306e+01
6.644643e+01
6.654992e+01
6.665341e+01
6.675690e+01
6.686040e+01
6.696390e+01
6.706737e+01
6.717099e+01
6.727450e+01
6.737797e+01
6.748146e+01
6.758495e+01
6.768846e+01
6.779193e+01
6.789544e+01
6.799904e+01
6.810252e+01
6.820601e+01
6.830957e+01
6.841301e+01
6.851649e+01
6.862001e+01
6.872347e+01
6.882699e+01
6.893045e+01
6.903395e+01
6.913743e+01
6.924093e+01
6.934442e+01
6.944781e+01
6.955127e+01
6.965477e+01
6.975825e+01
6.986162e+01
6.996511e+01
7.006860e+01
7.017196e+01
7.027536e+01
7.037882e+01
7.048219e+01
7.058569e+01
7.068907e+01
7.079241e+01
7.089590e+01
7.099929e+01
7.110276e+01
7.120612e+01
7.130949e+01
7.141298e+01
7.151637e+01
7.161971e+01
7.172341e+01
7.182650e+01
7.192982e+01
7.203319e+01
7.213662e+01
7.223992e+01
7.234341e+01
7.244686e+01
7.255012e+01
7.265361e+01
7.275702e+01
7.286047e+01
7.296437e+01
7.306734e+01
7.317069e+01
7.327418e+01
7.337771e+01
7.348106e+01
7.358453e+01
7.368882e+01
7.379155e+01
7.389499e+01
7.399851e+01
7.410185e+01
7.420534e+01
7.430884e+01
7.441233e+01
7.451581e+01
7.461930e+01
7.472267e+01
7.482628e+01
7.492967e+01
7.503314e+01
7.513676e+01
7.524025e+01
7.534374e+01
7.544713e+01
7.555072e+01
7.565422e+01
7.575770e+01
7.586109e+01
7.596456e+01
7.606805e+01
7.617154e+01
7.627536e+01
7.637855e+01
7.648202e+01
7.658565e+01
7.668912e+01
7.679261e+01
7.689610e+01
7.699947e+01
7.710298e+01
7.720645e+01
7.730994e+01
7.741343e+01
7.751692e+01
7.762041e+01
7.772378e+01
7.782729e+01
7.793076e+01
7.803427e+01
7.813774e+01
7.824123e+01
7.834476e+01
7.844821e+01
7.855157e+01
7.865509e+01
7.875857e+01
7.886192e+01
7.896541e+01
7.906890e+01
7.917239e+01
7.927576e+01
7.937925e+01
7.948274e+01
7.958625e+01
7.968985e+01
7.979333e+01
7.989683e+01
8.000032e+01
8.010394e+01
8.020742e+01
8.031091e+01
8.041441e+01
8.051790e+01
8.062139e+01
8.072487e+01
8.082839e+01
8.093198e+01
8.103547e+01
8.113896e+01
8.124259e+01
8.134607e+01
8.144968e+01
8.155318e+01
8.165679e+01
8.176031e+01
8.186390e+01
8.196739e+01
8.207105e+01
8.217450e+01
8.227811e+01
8.238162e+01
8.248521e+01
8.258873e+01
8.269220e+01
8.279582e+01
8.289930e+01
8.300279e+01
8.310628e+01
8.320990e+01
8.331339e+01
8.341689e+01
8.352037e+01
8.362389e+01
8.372748e+01
8.383098e+01
8.393460e+01
8.403795e+01
8.414157e+01
8.424506e+01
8.434869e+01
8.445218e+01
8.455579e+01
8.465927e+01
8.476278e+01
8.486654e+01
8.496986e+01
8.507337e+01
8.517684e+01
8.528033e+01
8.538385e+01
8.548731e+01
8.559081e+01
8.569430e+01
8.579791e+01
8.590145e+01
8.600489e+01
8.610838e+01
8.621187e+01
8.631537e+01
8.641886e+01
8.652234e+01
8.662584e+01
8.672933e+01
8.683269e+01
8.693621e+01
8.703968e+01
8.714319e+01
8.724665e+01
8.735015e+01
8.745364e+01
8.755715e+01
8.766074e+01
8.776423e+01
8.786772e+01
8.797121e+01
8.807483e+01
8.817832e+01
8.828195e+01
8.838543e+01
8.848905e+01
8.859253e+01
8.869602e+01
8.879951e+01
8.890313e+01
8.900662e+01
8.911011e+01
8.921360e+01
8.931709e+01
8.942058e+01
8.952407e+01
8.962758e+01
8.973106e+01
8.983454e+01
8.993805e+01
9.004152e+01
9.014504e+01
9.024851e+01
9.035202e+01
9.045548e+01
9.055910e+01
9.066259e+01
9.076608e+01
9.086969e+01
9.097321e+01
9.107680e+01
9.118030e+01
9.128380e+01
9.138741e+01
9.149089e+01
9.159438e+01
9.169790e+01
9.180149e+01
9.190498e+01
9.200849e+01
9.211196e+01
9.221545e+01
9.231894e+01
9.242243e+01
9.252592e+01
9.262956e+01
9.273303e+01
9.283652e+01
9.294001e+01
9.304363e+01
9.314712e+01
9.325073e+01
9.335422e+01
9.345772e+01
9.356133e+01
9.366484e+01
9.376844e+01
9.387192e+01
9.397554e+01
9.407903e+01
9.418266e+01
9.428643e+01
9.438977e+01
9.449325e+01
9.459688e+01
9.470047e+01
9.480411e+01
9.490758e+01
9.501107e+01
9.511471e+01
9.521818e+01
9.532179e+01
9.542562e+01
9.552878e+01
9.563239e+01
9.573588e+01
9.583938e+01
9.594286e+01
9.604647e+01
9.614999e+01
9.625346e+01
9.635695e+01
9.646126e+01
9.656404e+01
9.666766e+01
9.677116e+01
9.687465e+01
9.697826e+01
9.708177e+01
9.718527e+01
9.728886e+01
9.739235e+01
9.749586e+01
9.759948e+01
9.770297e+01
9.780644e+01
9.791005e+01
9.801355e+01
9.811704e+01
9.822053e+01
9.832405e+01
9.842763e+01
9.853113e+01
9.863464e+01
9.873810e+01
9.884162e+01
9.894521e+01
9.904870e+01
9.915232e+01
9.925581e+01
9.935932e+01
9.946294e+01
9.956640e+01
9.966990e+01
9.977351e+01
9.987700e+01
9.998049e+01
1.000841e+02
1.001876e+02
1.002911e+02
1.003948e+02
1.004981e+02
1.006017e+02
1.007052e+02
1.008087e+02
1.009122e+02
1.010165e+02
1.011194e+02
1.012228e+02
1.013262e+02
1.014299e+02
1.015334e+02
1.016369e+02
1.017402e+02
1.018437e+02
1.019472e+02
1.020507e+02
1.021542e+02
1.022588e+02
1.023612e+02
1.024654e+02
1.025680e+02
1.026715e+02
1.027750e+02
1.028785e+02
1.029821e+02
1.030855e+02
1.031890e+02
1.032924e+02
1.033959e+02
1.034994e+02
1.036029e+02
1.037064e+02
1.038099e+02
1.039134e+02
1.040169e+02
1.041204e+02
1.042239e+02
1.043273e+02
1.044308e+02
1.045343e+02
1.046378e+02
1.047413e+02
1.048448e+02
1.049483e+02
1.050519e+02
1.051553e+02
1.052589e+02
1.053624e+02
1.054659e+02
1.055694e+02
1.056728e+02
1.057763e+02
1.058798e+02
1.059833e+02
1.060868e+02
1.061903e+02
1.062938e+02
1.063974e+02
1.065009e+02
1.066044e+02
1.067080e+02
1.068115e+02
1.069150e+02
1.070185e+02
1.071220e+02
1.072255e+02
1.073290e+02
1.074326e+02
1.075359e+02
1.076395e+02
1.077431e+02
1.078465e+02
1.079500e+02
1.080535e+02
1.081570e+02
1.082605e+02
1.083640e+02
1.084675e+02
1.085710e+02
1.086744e+02
1.087779e+02
1.088814e+02
1.089848e+02
1.090883e+02
1.091918e+02
1.092953e+02
1.093988e+02
1.095022e+02
1.096056e+02
1.097091e+02
1.098126e+02
1.099160e+02
1.100194e+02
1.101229e+02
1.102264e+02
1.103299e+02
1.104333e+02
1.105368e+02
1.106403e+02
1.107438e+02
1.108473e+02
1.109508e+02
1.110543e+02
1.111579e+02
1.112614e+02
1.113648e+02
1.114683e+02
1.115718e+02
1.116753e+02
1.117788e+02
1.118823e+02
1.119858e+02
1.120894e+02
1.121929e+02
1.122964e+02
1.123999e+02
1.125034e+02
1.126070e+02
1.127104e+02
1.128139e+02
1.129174e+02
1.130209e+02
1.131245e+02
1.132280e+02
1.133315e+02
1.134350e+02
1.135385e+02
1.136420e+02
1.137456e+02
1.138491e+02
1.139526e+02
1.140562e+02
1.141597e+02
1.142633e+02
1.143668e+02
1.144703e+02
1.145739e+02
1.146774e+02
1.147809e+02
1.148845e+02
1.149880e+02
1.150915e+02
1.151950e+02
1.152985e+02
1.154020e+02
1.155056e+02
1.156091e+02
1.157126e+02
1.158162e+02
1.159197e+02
1.160232e+02
1.161267e+02
1.162303e+02
1.163337e+02
1.164372e+02
1.165409e+02
1.166443e+02
1.167478e+02
1.168514e+02
1.169550e+02
1.170585e+02
1.171619e+02
1.172654e+02
1.173689e+02
1.174725e+02
1.175760e+02
1.176795e+02
1.177830e+02
1.178865e+02
1.179900e+02
1.180935e+02
1.181969e+02
1.183004e+02
1.184039e+02
1.185074e+02
1.186108e+02
1.187143e+02
1.188178e+02
1.189213e+02
1.190247e+02
1.191284e+02
1.192319e+02
1.193353e+02
1.194389e+02
1.195423e+02
1.196459e+02
1.197494e+02
1.198529e+02
1.199565e+02
1.200600e+02
1.201635e+02
1.202672e+02
1.203706e+02
1.204742e+02
1.205777e+02
1.206812e+02
1.207847e+02
1.208883e+02
1.209918e+02
1.210953e+02
1.211988e+02
1.213023e+02
1.214058e+02
1.215093e+02
1.216128e+02
1.217163e+02
1.218197e+02
1.219232e+02
1.220267e+02
1.221302e+02
1.222337e+02
1.223372e+02
1.224407e+02
1.225442e+02
1.226477e+02
1.227513e+02
1.228548e+02
1.229583e+02
1.230618e+02
1.231652e+02
1.232687e+02
1.233722e+02
1.234757e+02
1.235792e+02
1.236827e+02
1.237862e+02
1.238906e+02
1.239933e+02
1.240967e+02
1.242003e+02
1.243038e+02
1.244073e+02
1.245108e+02
1.246142e+02
1.247178e+02
1.248214e+02
1.249248e+02
1.250282e+02
1.251317e+02
1.252352e+02
1.253385e+02
1.254421e+02
1.255455e+02
1.256489e+02
1.257524e+02
1.258559e+02
1.259594e+02
1.260629e+02
1.261663e+02
1.262698e+02
1.263733e+02
1.264769e+02
1.265804e+02
1.266839e+02
1.267876e+02
1.268910e+02
1.269945e+02
1.270981e+02
1.272017e+02
1.273051e+02
1.274086e+02
1.275121e+02
1.276156e+02
1.277190e+02
1.278225e+02
1.279259e+02
1.280293e+02
1.281328e+02
1.282363e+02
1.283398e+02
1.284433e+02
1.285468e+02
1.286502e+02
1.287537e+02
1.288572e+02
1.289606e+02
1.290641e+02
1.291674e+02
1.292708e+02
1.293743e+02
1.294777e+02
1.295811e+02
1.296845e+02
1.297879e+02
1.298913e+02
1.299946e+02
1.300988e+02
1.302015e+02
1.303050e+02
1.304085e+02
1.305120e+02
1.306153e+02
1.307188e+02
1.308222e+02
1.309257e+02
1.310290e+02
1.311324e+02
1.312359e+02
1.313393e+02
1.314427e+02
1.315462e+02
1.316496e+02
1.317531e+02
1.318565e+02
1.319600e+02
1.320633e+02
1.321668e+02
1.322703e+02
1.323737e+02
1.324771e+02
1.325805e+02
1.326840e+02
1.327874e+02
1.328909e+02
1.329942e+02
1.330976e+02
1.332011e+02
1.333044e+02
1.334078e+02
1.335113e+02
1.336147e+02
1.337182e+02
1.338215e+02
1.339249e+02
1.340282e+02
1.341317e+02
1.342351e+02
1.343385e+02
1.344419e+02
1.345453e+02
1.346487e+02
1.347521e+02
1.348556e+02
1.349589e+02
1.350624e+02
1.351658e+02
1.352693e+02
1.353726e+02
1.354760e+02
1.355795e+02
1.356829e+02
1.357863e+02
1.358897e+02
1.359932e+02
1.360966e+02
1.362001e+02
1.363034e+02
1.364069e+02
1.365103e+02
1.366138e+02
1.367173e+02
1.368207e+02
1.369242e+02
1.370277e+02
1.371312e+02
1.372347e+02
1.373381e+02
1.374416e+02
1.375451e+02
1.376484e+02
1.377519e+02
1.378553e+02
1.379588e+02
1.380623e+02
1.381656e+02
1.382691e+02
1.383725e+02
1.384759e+02
1.385793e+02
1.386827e+02
1.387861e+02
1.388894e+02
1.389929e+02
1.390963e+02
1.391997e+02
1.393031e+02
1.394066e+02
1.395100e+02
1.396135e+02
1.397170e+02
1.398205e+02
1.399238e+02
1.400274e+02
1.401308e+02
1.402343e+02
1.403378e+02
1.404413e+02
1.405448e+02
1.406483e+02
1.407516e+02
1.408551e+02
1.409586e+02
1.410621e+02
1.411655e+02
1.412690e+02
1.413725e+02
1.414758e+02
1.415793e+02
1.416828e+02
1.417862e+02
1.418897e+02
1.419932e+02
1.420966e+02
1.422000e+02
1.423035e+02
1.424070e+02
1.425105e+02
1.426138e+02
1.427174e+02
1.428207e+02
1.429242e+02
1.430277e+02
1.431310e+02
1.432345e+02
1.433380e+02
1.434415e+02
1.435450e+02
1.436485e+02
1.437519e+02
1.438554e+02
1.439589e+02
1.440622e+02
1.441657e+02
1.442692e+02
1.443726e+02
1.444760e+02
1.445795e+02
1.446829e+02
1.447864e+02
1.448898e+02
1.449933e+02
1.450966e+02
1.452000e+02
1.453035e+02
1.454068e+02
1.455103e+02
1.456137e+02
1.457172e+02
1.458206e+02
1.459240e+02
1.460274e+02
1.461309e+02
1.462343e+02
1.463376e+02
1.464410e+02
1.465444e+02
1.466479e+02
1.467512e+02
1.468547e+02
1.469581e+02
1.470616e+02
1.471649e+02
1.472684e+02
1.473718e+02
1.474753e+02
1.475788e+02
1.476821e+02
1.477856e+02
1.478891e+02
1.479926e+02
1.480961e+02
1.481996e+02
1.483031e+02
1.484066e+02
1.485101e+02
1.486135e+02
1.487170e+02
1.488205e+02
1.489240e+02
1.490275e+02
1.491310e+02
1.492345e+02
1.493380e+02
1.494416e+02
1.495451e+02
1.496486e+02
1.497521e+02
1.498554e+02
1.499589e+02
1.500624e+02
1.501659e+02
1.502694e+02
1.503729e+02
1.504764e+02
1.505799e+02
1.506834e+02
1.507869e+02
1.508903e+02
1.509937e+02
1.510972e+02
1.512007e+02
1.513042e+02
1.514077e+02
1.515110e+02
1.516149e+02
1.517180e+02
1.518215e+02
1.519250e+02
1.520284e+02
1.521318e+02
1.522353e+02
1.523387e+02
1.524422e+02
1.525457e+02
1.526491e+02
1.527526e+02
1.528561e+02
1.529595e+02
1.530630e+02
1.531665e+02
1.532700e+02
1.533735e+02
1.534770e+02
1.535803e+02
1.536839e+02
1.537873e+02
1.538907e+02
1.539942e+02
1.540977e+02
1.542012e+02
1.543045e+02
1.544080e+02
1.545115e+02
1.546149e+02
1.547184e+02
1.548219e+02
1.549254e+02
1.550287e+02
1.551323e+02
1.552357e+02
1.553391e+02
1.554426e+02
1.555460e+02
1.556495e+02
1.557531e+02
1.558565e+02
1.559600e+02
1.560634e+02
1.561669e+02
1.562704e+02
1.563739e+02
1.564774e+02
1.565808e+02
1.566843e+02
1.567877e+02
1.568913e+02
1.569947e+02
1.570982e+02
1.572017e+02
1.573051e+02
1.574086e+02
1.575121e+02
1.576156e+02
1.577191e+02
1.578226e+02
1.579261e+02
1.580296e+02
1.581330e+02
1.582365e+02
1.583401e+02
1.584435e+02
1.585470e+02
1.586505e+02
1.587540e+02
1.588575e+02
1.589611e+02
1.590646e+02
1.591681e+02
1.592716e+02
1.593751e+02
1.594786e+02
1.595820e+02
1.596857e+02
1.597892e+02
1.598926e+02
1.599961e+02
1.600996e+02
1.602031e+02
1.603066e+02
1.604101e+02
1.605135e+02
1.606169e+02
1.607206e+02
1.608238e+02
1.609273e+02
1.610308e+02
1.611343e+02
1.612378e+02
1.613411e+02
1.614446e+02
1.615481e+02
1.616516e+02
1.617551e+02
1.618586e+02
1.619621e+02
1.620656e+02
1.621691e+02
1.622725e+02
1.623760e+02
1.624796e+02
1.625829e+02
1.626864e+02
1.627899e+02
1.628934e+02
1.629969e+02
1.631004e+02
1.632040e+02
1.633075e+02
1.634109e+02
1.635144e+02
1.636180e+02
1.637215e+02
1.638250e+02
1.639285e+02
1.640320e+02
1.641356e+02
1.642391e+02
1.643426e+02
1.644460e+02
1.645496e+02
1.646531e+02
1.647566e+02
1.648599e+02
1.649634e+02
1.650670e+02
1.651705e+02
1.652740e+02
1.653775e+02
1.654810e+02
1.655845e+02
1.656880e+02
1.657915e+02
1.658950e+02
1.659985e+02
1.661019e+02
1.662054e+02
1.663089e+02
1.664123e+02
1.665158e+02
1.666193e+02
1.667228e+02
1.668261e+02
1.669296e+02
1.670331e+02
1.671366e+02
1.672400e+02
1.673435e+02
1.674470e+02
1.675504e+02
1.676538e+02
1.677573e+02
1.678607e+02
1.679641e+02
1.680675e+02
1.681710e+02
1.682744e+02
1.683779e+02
1.684814e+02
1.685848e+02
1.686882e+02
1.687917e+02
1.688951e+02
1.689986e+02
1.691021e+02
1.692055e+02
1.693090e+02
1.694127e+02
1.695159e+02
1.696194e+02
1.697227e+02
1.698262e+02
1.699296e+02
1.700331e+02
1.701365e+02
1.702398e+02
1.703433e+02
1.704467e+02
1.705502e+02
1.706535e+02
1.707569e+02
1.708604e+02
1.709638e+02
1.710673e+02
1.711706e+02
1.712741e+02
1.713775e+02
1.714808e+02
1.715843e+02
1.716877e+02
1.717912e+02
1.718945e+02
1.719980e+02
1.721014e+02
1.722049e+02
1.723083e+02
1.724116e+02
1.725151e+02
1.726186e+02
1.727220e+02
1.728255e+02
1.729290e+02
1.730324e+02
1.731359e+02
1.732393e+02
1.733428e+02
1.734461e+02
1.735496e+02
1.736530e+02
1.737565e+02
1.738600e+02
1.739634e+02
1.740668e+02
1.741703e+02
1.742738e+02
1.743772e+02
1.744807e+02
1.745842e+02
1.746877e+02
1.747910e+02
1.748945e+02
1.749980e+02
1.751015e+02
1.752050e+02
1.753084e+02
1.754118e+02
1.755154e+02
1.756188e+02
1.757223e+02
1.758258e+02
1.759293e+02
1.760328e+02
1.761363e+02
1.762398e+02
1.763433e+02
1.764466e+02
1.765501e+02
1.766535e+02
1.767570e+02
1.768605e+02
1.769639e+02
1.770673e+02
1.771708e+02
1.772743e+02
1.773778e+02
1.774812e+02
1.775846e+02
1.776880e+02
1.777915e+02
1.778949e+02
1.779984e+02
1.781017e+02
1.782052e+02
1.783087e+02
1.784122e+02
1.785157e+02
1.786191e+02
1.787225e+02
1.788259e+02
1.789294e+02
1.790328e+02
1.791362e+02
1.792396e+02
1.793431e+02
1.794466e+02
1.795500e+02
1.796535e+02
1.797570e+02
1.798605e+02
1.799647e+02
1.800673e+02
1.801708e+02
1.802742e+02
1.803776e+02
1.804810e+02
1.805844e+02
1.806879e+02
1.807912e+02
1.808947e+02
1.809982e+02
1.811016e+02
1.812051e+02
1.813086e+02
1.814119e+02
1.815154e+02
1.816190e+02
1.817224e+02
1.818259e+02
1.819294e+02
1.820330e+02
1.821368e+02
1.822398e+02
1.823432e+02
1.824467e+02
1.825501e+02
1.826536e+02
1.827571e+02
1.828605e+02
1.829640e+02
1.830675e+02
1.831710e+02
1.832746e+02
1.833781e+02
1.834816e+02
1.835851e+02
1.836886e+02
1.837921e+02
1.838956e+02
1.839991e+02
1.841026e+02
1.842060e+02
1.843095e+02
1.844131e+02
1.845166e+02
1.846201e+02
1.847236e+02
1.848272e+02
1.849307e+02
1.850342e+02
1.851377e+02
1.852413e+02
1.853448e+02
1.854483e+02
1.855519e+02
1.856554e+02
1.857589e+02
1.858625e+02
1.859660e+02
1.860695e+02
1.861730e+02
1.862766e+02
1.863801e+02
1.864838e+02
1.865871e+02
1.866906e+02
1.867941e+02
1.868977e+02
1.870012e+02
1.871047e+02
1.872083e+02
1.873118e+02
1.874152e+02
1.875188e+02
1.876222e+02
1.877257e+02
1.878292e+02
1.879327e+02
1.880362e+02
1.881397e+02
1.882432e+02
1.883465e+02
1.884502e+02
1.885536e+02
1.886571e+02
1.887606e+02
1.888641e+02
1.889676e+02
1.890711e+02
1.891745e+02
1.892780e+02
1.893814e+02
1.894849e+02
1.895884e+02
1.896918e+02
1.897953e+02
1.898988e+02
1.900023e+02
1.901058e+02
1.902093e+02
1.903128e+02
1.904163e+02
1.905197e+02
1.906232e+02
1.907267e+02
1.908302e+02
1.909337e+02
1.910372e+02
1.911407e+02
1.912442e+02
1.913477e+02
1.914511e+02
1.915546e+02
1.916582e+02
1.917617e+02
1.918654e+02
1.919688e+02
1.920724e+02
1.921759e+02
1.922796e+02
1.923831e+02
1.924867e+02
1.925901e+02
1.926936e+02
1.927973e+02
1.929007e+02
1.930042e+02
1.931077e+02
1.932112e+02
1.933147e+02
1.934183e+02
1.935218e+02
1.936253e+02
1.937289e+02
1.938324e+02
1.939359e+02
1.940395e+02
1.941431e+02
1.942466e+02
1.943502e+02
1.944538e+02
1.945573e+02
1.946608e+02
1.947645e+02
1.948679e+02
1.949714e+02
1.950749e+02
1.951784e+02
1.952819e+02
1.953854e+02
1.954890e+02
1.955925e+02
1.956960e+02
1.957995e+02
1.959030e+02
1.960066e+02
1.961101e+02
1.962136e+02
1.963171e+02
1.964211e+02
1.965242e+02
1.966277e+02
1.967312e+02
1.968347e+02
1.969381e+02
1.970416e+02
1.971451e+02
1.972486e+02
1.973521e+02
1.974555e+02
1.975589e+02
1.976624e+02
1.977658e+02
1.978693e+02
1.979728e+02
1.980763e+02
1.981798e+02
1.982833e+02
1.983866e+02
1.984901e+02
1.985936e+02
1.986970e+02
1.988005e+02
1.989039e+02
1.990073e+02
1.991108e+02
1.992143e+02
1.993178e+02
1.994212e+02
1.995246e+02
1.996280e+02
1.997318e+02
1.998350e+02
1.999384e+02
2.000419e+02
2.001452e+02
2.002487e+02
2.003522e+02
2.004557e+02
2.005590e+02
2.006625e+02
2.007660e+02
2.008694e+02
2.009729e+02
2.010764e+02
2.011799e+02
2.012833e+02
2.013867e+02
2.014902e+02
2.015936e+02
2.016971e+02
2.018004e+02
2.019039e+02
2.020074e+02
2.021109e+02
2.022144e+02
2.023178e+02
2.024212e+02
2.025248e+02
2.026282e+02
2.027317e+02
2.028352e+02
2.029387e+02
2.030422e+02
2.031457e+02
2.032492e+02
2.033527e+02
2.034563e+02
2.035598e+02
2.036633e+02
2.037668e+02
2.038703e+02
2.039738e+02
2.040773e+02
2.041810e+02
2.042844e+02
2.043879e+02
2.044915e+02
2.045949e+02
2.046985e+02
2.048021e+02
2.049057e+02
2.050091e+02
2.051128e+02
2.052162e+02
2.053199e+02
2.054234e+02
2.055269e+02
2.056303e+02
2.057338e+02
2.058373e+02
2.059408e+02
2.060444e+02
2.061479e+02
2.062514e+02
2.063549e+02
2.064584e+02
2.065620e+02
2.066655e+02
2.067690e+02
2.068725e+02
2.069761e+02
2.070796e+02
2.071831e+02
2.072867e+02
2.073902e+02
2.074937e+02
2.075972e+02
2.077008e+02
2.078043e+02
2.079077e+02
2.080112e+02
2.081147e+02
2.082182e+02
2.083217e+02
2.084252e+02
2.085288e+02
2.086323e+02
2.087358e+02
2.088393e+02
2.089429e+02
2.090464e+02
2.091500e+02
2.092535e+02
2.093571e+02
2.094608e+02
2.095642e+02
2.096678e+02
2.097713e+02
2.098749e+02
2.099784e+02
2.100821e+02
2.101855e+02
2.102891e+02
2.103927e+02
2.104961e+02
2.105996e+02
2.107033e+02
2.108067e+02
2.109102e+02
2.110137e+02
2.111172e+02
2.112207e+02
2.113242e+02
2.114278e+02
2.115313e+02
2.116348e+02
2.117383e+02
2.118419e+02
2.119454e+02
2.120490e+02
2.121525e+02
2.122560e+02
2.123596e+02
2.124631e+02
2.125666e+02
2.126701e+02
2.127737e+02
2.128772e+02
2.129808e+02
2.130843e+02
2.131878e+02
2.132913e+02
2.133949e+02
2.134984e+02
2.136020e+02
2.137055e+02
2.138091e+02
2.139126e+02
2.140162e+02
2.141198e+02
2.142234e+02
2.143270e+02
2.144305e+02
2.145341e+02
2.146378e+02
2.147414e+02
2.148449e+02
2.149485e+02
2.150521e+02
2.151559e+02
2.152593e+02
2.153629e+02
2.154665e+02
2.155704e+02
2.156737e+02
2.157771e+02
2.158809e+02
2.159844e+02
2.160879e+02
2.161915e+02
2.162953e+02
2.163986e+02
2.165021e+02
2.166056e+02
2.167091e+02
2.168126e+02
2.169162e+02
2.170197e+02
2.171232e+02
2.172268e+02
2.173303e+02
2.174339e+02
2.175374e+02
2.176409e+02
2.177445e+02
2.178481e+02
2.179516e+02
2.180553e+02
2.181588e+02
2.182623e+02
2.183659e+02
2.184694e+02
2.185729e+02
2.186764e+02
2.187800e+02
2.188835e+02
2.189870e+02
2.190905e+02
2.191941e+02
2.192976e+02
2.194012e+02
2.195049e+02
2.196083e+02
2.197119e+02
2.198155e+02
2.199190e+02
2.200226e+02
2.201261e+02
2.202296e+02
2.203333e+02
2.204368e+02
2.205403e+02
2.206440e+02
2.207476e+02
2.208512e+02
2.209547e+02
2.210583e+02
2.211619e+02
2.212655e+02
2.213691e+02
2.214727e+02
2.215762e+02
2.216799e+02
2.217835e+02
2.218871e+02
2.219907e+02
2.220942e+02
2.221978e+02
2.223014e+02
2.224050e+02
2.225086e+02
2.226122e+02
2.227156e+02
2.228193e+02
2.229228e+02
2.230262e+02
2.231297e+02
2.232333e+02
2.233368e+02
2.234404e+02
2.235439e+02
2.236474e+02
2.237509e+02
2.238544e+02
2.239587e+02
2.240616e+02
2.241651e+02
2.242686e+02
2.243722e+02
2.244757e+02
2.245792e+02
2.246827e+02
2.247863e+02
2.248898e+02
2.249933e+02
2.250969e+02
2.252018e+02
2.253039e+02
2.254075e+02
2.255110e+02
2.256146e+02
2.257181e+02
2.258217e+02
2.259252e+02
2.260288e+02
2.261323e+02
2.262359e+02
2.263395e+02
2.264431e+02
2.265466e+02
2.266502e+02
2.267537e+02
2.268571e+02
2.269608e+02
2.270644e+02
2.271679e+02
2.272715e+02
2.273751e+02
2.274787e+02
2.275823e+02
2.276859e+02
2.277894e+02
2.278930e+02
2.279966e+02
2.281002e+02
2.282037e+02
2.283071e+02
2.284108e+02
2.285142e+02
2.286188e+02
2.287214e+02
2.288250e+02
2.289286e+02
2.290322e+02
2.291357e+02
2.292394e+02
2.293429e+02
2.294465e+02
2.295502e+02
2.296537e+02
2.297573e+02
2.298609e+02
2.299645e+02
2.300681e+02
2.301727e+02
2.302752e+02
2.303789e+02
2.304833e+02
2.305859e+02
2.306896e+02
2.307932e+02
2.308968e+02
2.310004e+02
2.311041e+02
2.312076e+02
2.313112e+02
2.314149e+02
2.315185e+02
2.316221e+02
2.317258e+02
2.318293e+02
2.319329e+02
2.320365e+02
2.321400e+02
2.322437e+02
2.323473e+02
2.324509e+02
2.325545e+02
2.326580e+02
2.327616e+02
2.328652e+02
2.329687e+02
2.330723e+02
2.331759e+02
2.332794e+02
2.333831e+02
2.334867e+02
2.335903e+02
2.336939e+02
2.337975e+02
2.339011e+02
2.340046e+02
2.341082e+02
2.342119e+02
2.343154e+02
2.344190e+02
2.345226e+02
2.346261e+02
2.347297e+02
2.348332e+02
2.349368e+02
2.350404e+02
2.351439e+02
2.352475e+02
2.353511e+02
2.354547e+02
2.355583e+02
2.356618e+02
2.357654e+02
2.358691e+02
2.359727e+02
2.360762e+02
2.361798e+02
2.362834e+02
2.363870e+02
2.364905e+02
2.365941e+02
2.366977e+02
2.368014e+02
2.369050e+02
2.370086e+02
2.371122e+02
2.372157e+02
2.373193e+02
2.374228e+02
2.375264e+02
2.376299e+02
2.377335e+02
2.378372e+02
2.379408e+02
2.380442e+02
2.381479e+02
2.382515e+02
2.383550e+02
2.384586e+02
2.385622e+02
2.386657e+02
2.387693e+02
2.388729e+02
2.389764e+02
2.390800e+02
2.391836e+02
2.392871e+02
2.393907e+02
2.394944e+02
2.395978e+02
2.397015e+02
2.398051e+02
2.399087e+02
2.400122e+02
2.401158e+02
2.402194e+02
2.403230e+02
2.404267e+02
2.405302e+02
2.406338e+02
2.407374e+02
2.408410e+02
2.409446e+02
2.410481e+02
2.411517e+02
2.412553e+02
2.413590e+02
2.414624e+02
2.415659e+02
2.416696e+02
2.417730e+02
2.418765e+02
2.419801e+02
2.420836e+02
2.421872e+02
2.422909e+02
2.423945e+02
2.424981e+02
2.426016e+02
2.427052e+02
2.428088e+02
2.429125e+02
2.430160e+02
2.431195e+02
2.432231e+02
2.433266e+02
2.434303e+02
2.435339e+02
2.436374e+02
2.437410e+02
2.438446e+02
2.439481e+02
2.440516e+02
2.441551e+02
2.442587e+02
2.443622e+02
2.444657e+02
2.445693e+02
2.446728e+02
2.447763e+02
2.448797e+02
2.449833e+02
2.450868e+02
2.451903e+02
2.452940e+02
2.453974e+02
2.455011e+02
2.456046e+02
2.457082e+02
2.458117e+02
2.459153e+02
2.460189e+02
2.461224e+02
2.462260e+02
2.463295e+02
2.464331e+02
2.465367e+02
2.466402e+02
2.467438e+02
2.468474e+02
2.469509e+02
2.470545e+02
2.471582e+02
2.472618e+02
2.473654e+02
2.474690e+02
2.475725e+02
2.476761e+02
2.477797e+02
2.478832e+02
2.479868e+02
2.480904e+02
2.481941e+02
2.482977e+02
2.484013e+02
2.485048e+02
2.486084e+02
2.487120e+02
2.488155e+02
2.489191e+02
2.490226e+02
2.491262e+02
2.492298e+02
2.493333e+02
2.494368e+02
2.495404e+02
2.496439e+02
2.497475e+02
2.498512e+02
2.499546e+02
2.500583e+02
2.501618e+02
2.502654e+02
2.503689e+02
2.504725e+02
2.505760e+02
2.506795e+02
2.507831e+02
2.508866e+02
2.509901e+02
2.510935e+02
2.511972e+02
2.513007e+02
2.514042e+02
2.515078e+02
2.516113e+02
2.517147e+02
2.518183e+02
2.519218e+02
2.520254e+02
2.521288e+02
2.522324e+02
2.523360e+02
2.524394e+02
2.525429e+02
2.526464e+02
2.527500e+02
2.528535e+02
2.529571e+02
2.530606e+02
2.531643e+02
2.532677e+02
2.533714e+02
2.534748e+02
2.535785e+02
2.536825e+02
2.537856e+02
2.538892e+02
2.539927e+02
2.540963e+02
2.541999e+02
2.543040e+02
2.544071e+02
2.545106e+02
2.546141e+02
2.547183e+02
2.548219e+02
2.549250e+02
2.550285e+02
2.551321e+02
2.552357e+02
2.553393e+02
2.554433e+02
2.555464e+02
2.556501e+02
2.557537e+02
2.558571e+02
2.559607e+02
2.560658e+02
2.561678e+02
2.562714e+02
2.563748e+02
2.564784e+02
2.565820e+02
2.566857e+02
2.567892e+02
2.568928e+02
2.569964e+02
2.570999e+02
2.572035e+02
2.573071e+02
2.574107e+02
2.575144e+02
2.576180e+02
2.577216e+02
2.578251e+02
2.579287e+02
2.580323e+02
2.581358e+02
2.582394e+02
2.583430e+02
2.584466e+02
2.585502e+02
2.586537e+02
2.587574e+02
2.588610e+02
2.589645e+02
2.590681e+02
2.591717e+02
2.592752e+02
2.593788e+02
2.594822e+02
2.595858e+02
2.596893e+02
2.597929e+02
2.598964e+02
2.599999e+02
2.601035e+02
2.602070e+02
2.603106e+02
2.604141e+02
2.605177e+02
2.606213e+02
2.607248e+02
2.608284e+02
2.609320e+02
2.610357e+02
2.611393e+02
2.612429e+02
2.613465e+02
2.614500e+02
2.615536e+02
2.616572e+02
2.617608e+02
2.618643e+02
2.619680e+02
2.620716e+02
2.621752e+02
2.622788e+02
2.623823e+02
2.624859e+02
2.625908e+02
2.626940e+02
2.627968e+02
2.629005e+02
2.630041e+02
2.631075e+02
2.632111e+02
2.633147e+02
2.634183e+02
2.635218e+02
2.636254e+02
2.637290e+02
2.638326e+02
2.639361e+02
2.640398e+02
2.641434e+02
2.642470e+02
2.643507e+02
2.644544e+02
2.645581e+02
2.646616e+02
2.647652e+02
2.648689e+02
2.649725e+02
2.650761e+02
2.651798e+02
2.652834e+02
2.653870e+02
2.654909e+02
2.655943e+02
2.656981e+02
2.658015e+02
2.659051e+02
2.660087e+02
2.661123e+02
2.662159e+02
2.663195e+02
2.664232e+02
2.665268e+02
2.666303e+02
2.667339e+02
2.668375e+02
2.669411e+02
2.670446e+02
2.671482e+02
2.672517e+02
2.673554e+02
2.674589e+02
2.675626e+02
2.676662e+02
2.677697e+02
2.678733e+02
2.679769e+02
2.680804e+02
2.681840e+02
2.682876e+02
2.683912e+02
2.684947e+02
2.685985e+02
2.687021e+02
2.688057e+02
2.689093e+02
2.690129e+02
2.691165e+02
2.692200e+02
2.693236e+02
2.694273e+02
2.695309e+02
2.696345e+02
2.697381e+02
2.698416e+02
2.699452e+02
2.700488e+02
2.701523e+02
2.702560e+02
2.703595e+02
2.704632e+02
2.705668e+02
2.706704e+02
2.707740e+02
2.708776e+02
2.709811e+02
2.710847e+02
2.711883e+02
2.712920e+02
2.713956e+02
2.714991e+02
2.716027e+02
2.717063e+02
2.718098e+02
2.719134e+02
2.720169e+02
2.721205e+02
2.722240e+02
2.723276e+02
2.724312e+02
2.725348e+02
2.726383e+02
2.727418e+02
2.728454e+02
2.729491e+02
2.730525e+02
2.731562e+02
2.732598e+02
2.733633e+02
2.734669e+02
2.735706e+02
2.736742e+02
2.737779e+02
2.738815e+02
2.739851e+02
2.740887e+02
2.741923e+02
2.742962e+02
2.743996e+02
2.745032e+02
2.746068e+02
2.747105e+02
2.748141e+02
2.749177e+02
2.750214e+02
2.751252e+02
2.752287e+02
2.753323e+02
2.754360e+02
2.755396e+02
2.756432e+02
2.757469e+02
2.758505e+02
2.759542e+02
2.760578e+02
2.761614e+02
2.762650e+02
2.763686e+02
2.764722e+02
2.765757e+02
2.766793e+02
2.767830e+02
2.768864e+02
2.769902e+02
2.770937e+02
2.771973e+02
2.773009e+02
2.774046e+02
2.775081e+02
2.776116e+02
2.777152e+02
2.778189e+02
2.779225e+02
2.780261e+02
2.781297e+02
2.782332e+02
2.783368e+02
2.784404e+02
2.785441e+02
2.786477e+02
2.787512e+02
2.788548e+02
2.789584e+02
2.790620e+02
2.791656e+02
2.792692e+02
2.793727e+02
2.794764e+02
2.795800e+02
2.796834e+02
2.797871e+02
2.798907e+02
2.799943e+02
2.800979e+02
2.802015e+02
2.803051e+02
2.804088e+02
2.805124e+02
2.806160e+02
2.807196e+02
2.808233e+02
2.809267e+02
2.810303e+02
2.811339e+02
2.812374e+02
2.813411e+02
2.814447e+02
2.815482e+02
