0.000000e+00
1.037550e-01
2.073550e-01
3.109083e-01
4.144831e-01
5.181198e-01
6.217144e-01
7.252150e-01
8.289182e-01
9.325018e-01
1.036104e+00
1.139865e+00
1.243510e+00
1.347350e+00
1.451124e+00
1.555101e+00
1.659233e+00
1.762893e+00
1.867090e+00
1.970961e+00
2.076388e+00
2.179116e+00
2.283102e+00
2.387073e+00
2.491106e+00
2.595229e+00
2.699213e+00
2.803189e+00
2.907234e+00
3.011247e+00
3.115221e+00
3.219570e+00
3.323567e+00
3.427467e+00
3.531593e+00
3.635476e+00
3.742035e+00
3.843522e+00
3.947360e+00
4.051384e+00
4.155286e+00
4.259272e+00
4.363183e+00
4.467802e+00
4.571450e+00
4.676366e+00
4.778763e+00
4.882642e+00
4.986477e+00
5.090371e+00
5.194245e+00
5.298151e+00
5.401997e+00
5.505885e+00
5.609757e+00
5.713619e+00
5.817477e+00
5.921350e+00
6.025285e+00
6.129103e+00
6.233134e+00
6.336918e+00
6.441106e+00
6.545512e+00
6.648730e+00
6.752638e+00
6.856505e+00
6.960403e+00
7.064308e+00
7.168161e+00
7.271858e+00
7.375748e+00
7.479481e+00
7.583886e+00
7.687027e+00
7.790766e+00
7.894618e+00
7.998481e+00
8.102397e+00
8.206229e+00
8.310112e+00
8.413979e+00
8.517862e+00
8.621720e+00
8.725744e+00
8.829907e+00
8.933548e+00
9.038033e+00
9.141108e+00
9.244879e+00
9.348782e+00
9.452542e+00
9.556318e+00
9.659968e+00
9.764859e+00
9.869005e+00
9.971133e+00
1.007493e+01
1.017863e+01
1.028236e+01
1.038618e+01
1.048986e+01
1.059363e+01
1.069740e+01
1.080111e+01
1.090498e+01
1.100877e+01
1.111248e+01
1.121624e+01
1.132004e+01
1.142378e+01
1.152765e+01
1.163142e+01
1.173513e+01
1.183905e+01
1.194296e+01
1.204627e+01
1.214986e+01
1.225360e+01
1.235736e+01
1.246099e+01
1.256474e+01
1.266839e+01
1.277211e+01
1.287573e+01
1.297949e+01
1.308311e+01
1.318686e+01
1.329073e+01
1.339422e+01
1.349801e+01
1.360173e+01
1.370551e+01
1.380923e+01
1.391290e+01
1.401665e+01
1.412027e+01
1.422450e+01
1.432763e+01
1.443126e+01
1.453838e+01
1.463863e+01
1.474239e+01
1.484612e+01
1.495000e+01
1.505374e+01
1.515749e+01
1.526124e+01
1.536503e+01
1.546885e+01
1.557268e+01
1.567651e+01
1.578037e+01
1.588410e+01
1.598800e+01
1.609190e+01
1.619570e+01
1.629950e+01
1.640337e+01
1.650726e+01
1.661111e+01
1.671499e+01
1.681885e+01
1.692275e+01
1.702673e+01
1.713054e+01
1.723425e+01
1.733811e+01
1.744238e+01
1.754579e+01
1.764936e+01
1.775312e+01
1.785705e+01
1.796053e+01
1.806414e+01
1.816789e+01
1.827164e+01
1.837542e+01
1.847910e+01
1.858290e+01
1.868662e+01
1.879026e+01
1.889408e+01
1.899778e+01
1.910151e+01
1.920527e+01
1.930914e+01
1.941289e+01
1.951661e+01
1.962050e+01
1.972573e+01
1.982825e+01
1.993200e+01
2.003595e+01
2.013977e+01
2.024355e+01
2.034736e+01
2.045130e+01
2.055501e+01
2.065875e+01
2.076270e+01
2.086859e+01
2.097000e+01
2.107400e+01
2.117762e+01
2.128180e+01
2.138501e+01
2.148876e+01
2.159249e+01
2.169684e+01
2.179999e+01
2.190366e+01
2.200742e+01
2.211113e+01
2.221499e+01
2.231874e+01
2.242259e+01
2.252637e+01
2.263013e+01
2.273592e+01
2.283789e+01
2.294174e+01
2.304576e+01
2.314982e+01
2.325362e+01
2.335762e+01
2.346162e+01
2.356552e+01
2.366949e+01
2.377343e+01
2.387725e+01
2.398124e+01
2.408512e+01
2.418899e+01
2.429287e+01
2.439661e+01
2.450050e+01
2.460424e+01
2.470812e+01
2.481187e+01
2.491562e+01
2.501937e+01
2.512312e+01
2.522687e+01
2.533050e+01
2.543425e+01
2.553787e+01
2.564164e+01
2.574537e+01
2.584899e+01
2.595276e+01
2.605649e+01
2.616024e+01
2.626402e+01
2.636774e+01
2.647149e+01
2.657526e+01
2.667901e+01
2.678286e+01
2.688664e+01
2.699051e+01
2.709436e+01
2.719824e+01
2.730214e+01
2.740599e+01
2.750994e+01
2.761365e+01
2.771750e+01
2.782125e+01
2.792502e+01
2.802875e+01
2.813263e+01
2.823653e+01
2.834005e+01
2.844375e+01
2.854750e+01
2.865115e+01
2.875498e+01
2.885856e+01
2.896231e+01
2.906591e+01
2.916963e+01
2.927328e+01
2.937690e+01
2.948064e+01
2.958441e+01
2.968805e+01
2.979176e+01
2.989550e+01
2.999928e+01
3.010288e+01
3.020674e+01
3.031046e+01
3.041418e+01
3.051790e+01
3.062190e+01
3.072544e+01
3.082918e+01
3.093290e+01
3.103669e+01
3.114038e+01
3.124413e+01
3.134787e+01
3.145171e+01
3.155540e+01
3.165917e+01
3.176289e+01
3.186662e+01
3.197040e+01
3.207579e+01
3.217781e+01
3.228141e+01
3.238517e+01
3.248878e+01
3.259254e+01
3.269616e+01
3.279993e+01
3.290355e+01
3.300725e+01
3.311090e+01
3.321475e+01
3.331844e+01
3.342200e+01
3.352577e+01
3.362937e+01
3.373312e+01
3.383686e+01
3.394091e+01
3.404485e+01
3.414788e+01
3.425163e+01
3.435538e+01
3.445914e+01
3.456302e+01
3.466681e+01
3.477040e+01
3.487418e+01
3.497790e+01
3.508176e+01
3.518551e+01
3.528926e+01
3.539308e+01
3.549688e+01
3.560066e+01
3.570439e+01
3.580813e+01
3.591188e+01
3.601563e+01
3.611938e+01
3.622324e+01
3.632682e+01
3.643069e+01
3.653441e+01
3.663814e+01
3.674200e+01
3.684583e+01
3.694959e+01
3.705335e+01
3.715703e+01
3.726077e+01
3.736451e+01
3.746826e+01
3.757200e+01
3.767575e+01
3.777975e+01
3.788431e+01
3.798718e+01
3.809097e+01
3.819463e+01
3.829828e+01
3.840201e+01
3.850575e+01
3.860973e+01
3.871330e+01
3.881707e+01
3.892077e+01
3.902468e+01
3.912841e+01
3.923213e+01
3.933593e+01
3.943971e+01
3.954357e+01
3.964730e+01
3.975116e+01
3.985490e+01
3.995867e+01
4.006332e+01
4.016616e+01
4.027004e+01
4.037377e+01
4.047782e+01
4.058135e+01
4.068504e+01
4.078880e+01
4.089254e+01
4.099629e+01
4.110014e+01
4.120395e+01
4.130763e+01
4.141154e+01
4.151543e+01
4.161917e+01
4.172310e+01
4.182680e+01
4.193055e+01
4.203443e+01
4.213818e+01
4.224188e+01
4.234576e+01
4.244970e+01
4.255387e+01
4.265705e+01
4.276091e+01
4.286465e+01
4.296842e+01
4.307213e+01
4.317610e+01
4.327975e+01
4.338352e+01
4.348727e+01
4.359117e+01
4.369479e+01
4.379846e+01
4.390217e+01
4.400589e+01
4.410961e+01
4.421330e+01
4.431692e+01
4.442179e+01
4.452429e+01
4.462802e+01
4.473196e+01
4.483567e+01
4.494027e+01
4.504306e+01
4.514848e+01
4.525054e+01
4.535434e+01
4.545805e+01
4.556177e+01
4.566552e+01
4.576926e+01
4.587302e+01
4.597664e+01
4.608069e+01
4.618426e+01
4.628779e+01
4.639146e+01
4.649521e+01
4.659892e+01
4.670265e+01
4.680640e+01
4.691014e+01
4.701390e+01
4.711766e+01
4.722165e+01
4.732551e+01
4.742922e+01
4.753292e+01
4.763682e+01
4.774058e+01
4.784447e+01
4.794827e+01
4.805215e+01
4.815601e+01
4.825993e+01
4.836433e+01
4.846757e+01
4.857142e+01
4.867520e+01
4.877896e+01
4.888265e+01
4.898644e+01
4.909015e+01
4.919376e+01
4.929755e+01
4.940117e+01
4.950490e+01
4.960864e+01
4.971227e+01
4.981601e+01
4.991964e+01
5.002327e+01
5.012701e+01
5.023076e+01
5.033451e+01
5.043829e+01
5.054201e+01
5.064590e+01
5.074977e+01
5.085364e+01
5.095739e+01
5.106127e+01
5.116514e+01
5.126891e+01
5.137264e+01
5.147639e+01
5.158014e+01
5.168389e+01
5.178764e+01
5.189129e+01
5.199501e+01
5.209877e+01
5.220239e+01
5.230614e+01
5.241002e+01
5.251390e+01
5.261777e+01
5.272164e+01
5.282564e+01
5.292952e+01
5.303327e+01
5.313702e+01
5.324064e+01
5.334439e+01
5.344802e+01
5.355178e+01
5.365539e+01
5.375902e+01
5.386264e+01
5.396627e+01
5.406989e+01
5.417352e+01
5.427714e+01
5.438077e+01
5.448440e+01
5.458802e+01
5.469164e+01
5.479539e+01
5.489902e+01
5.500277e+01
5.510652e+01
5.521027e+01
5.531414e+01
5.541802e+01
5.552202e+01
5.562602e+01
5.573005e+01
5.583414e+01
5.593827e+01
5.604227e+01
5.614640e+01
5.625054e+01
5.635452e+01
5.645852e+01
5.656253e+01
5.666639e+01
5.677039e+01
5.687427e+01
5.697815e+01
5.708189e+01
5.718578e+01
5.728952e+01
5.739327e+01
5.749702e+01
5.760064e+01
5.770442e+01
5.780802e+01
5.791164e+01
5.801542e+01
5.811902e+01
5.822277e+01
5.832653e+01
5.843027e+01
5.853402e+01
5.863790e+01
5.874165e+01
5.884540e+01
5.894915e+01
5.905290e+01
5.915665e+01
5.926053e+01
5.936427e+01
5.946803e+01
5.957177e+01
5.967553e+01
5.977940e+01
5.988315e+01
5.998702e+01
6.009078e+01
6.019466e+01
6.029840e+01
6.040227e+01
6.050606e+01
6.060993e+01
6.071381e+01
6.081754e+01
6.092130e+01
6.102527e+01
6.112899e+01
6.123272e+01
6.133650e+01
6.144015e+01
6.154393e+01
6.164780e+01
6.175164e+01
6.185529e+01
6.195905e+01
6.206280e+01
6.216662e+01
6.227035e+01
6.237404e+01
6.247781e+01
6.258155e+01
6.268533e+01
6.278904e+01
6.289278e+01
6.299662e+01
6.310039e+01
6.320396e+01
6.330771e+01
6.341142e+01
6.351527e+01
6.361882e+01
6.372254e+01
6.382616e+01
6.392991e+01
6.403359e+01
6.413729e+01
6.424103e+01
6.434477e+01
6.444861e+01
6.455238e+01
6.465623e+01
6.475995e+01
6.486372e+01
6.496745e+01
6.507121e+01
6.517492e+01
6.527891e+01
6.538243e+01
6.548612e+01
6.558979e+01
6.569356e+01
6.579731e+01
6.590104e+01
6.600480e+01
6.610853e+01
6.621216e+01
6.631595e+01
6.641970e+01
6.652335e+01
6.662705e+01
6.673079e+01
6.683459e+01
6.693830e+01
6.704203e+01
6.714589e+01
6.724958e+01
6.735346e+01
6.745725e+01
6.756105e+01
6.766492e+01
6.776921e+01
6.787284e+01
6.797667e+01
6.808071e+01
6.818468e+01
6.828867e+01
6.839267e+01
6.849667e+01
6.860054e+01
6.870454e+01
6.880842e+01
6.891219e+01
6.901604e+01
6.911982e+01
6.922367e+01
6.932742e+01
6.943129e+01
6.953503e+01
6.963891e+01
6.974246e+01
6.984621e+01
6.995011e+01
7.005387e+01
7.015743e+01
7.026120e+01
7.036497e+01
7.046857e+01
7.057236e+01
7.067596e+01
7.077967e+01
7.088330e+01
7.098704e+01
7.109066e+01
7.119440e+01
7.129824e+01
7.140199e+01
7.150572e+01
7.160945e+01
7.171337e+01
7.181705e+01
7.192092e+01
7.202467e+01
7.212829e+01
7.223206e+01
7.233568e+01
7.243944e+01
7.254309e+01
7.264670e+01
7.275044e+01
7.285405e+01
7.295766e+01
7.306145e+01
7.316520e+01
7.326893e+01
7.337269e+01
7.347641e+01
7.358027e+01
7.368394e+01
7.378775e+01
7.389155e+01
7.399531e+01
7.409904e+01
7.420279e+01
7.430654e+01
7.441037e+01
7.451417e+01
7.461785e+01
7.472147e+01
7.482518e+01
7.492895e+01
7.503264e+01
7.513631e+01
7.524009e+01
7.534368e+01
7.544746e+01
7.555107e+01
7.565469e+01
7.575845e+01
7.586220e+01
7.596581e+01
7.606954e+01
7.617316e+01
7.627699e+01
7.638060e+01
7.648435e+01
7.658810e+01
7.669175e+01
7.679532e+01
7.689907e+01
7.700280e+01
7.710642e+01
7.721016e+01
7.731383e+01
7.741744e+01
7.752117e+01
7.762488e+01
7.772849e+01
7.783214e+01
7.793570e+01
7.803935e+01
7.814293e+01
7.824667e+01
7.835030e+01
7.845402e+01
7.855785e+01
7.866145e+01
7.876563e+01
7.886880e+01
7.897243e+01
7.908178e+01
7.917992e+01
7.928357e+01
7.938733e+01
7.949108e+01
7.959492e+01
7.969857e+01
7.980233e+01
7.990613e+01
8.000979e+01
8.011343e+01
8.021717e+01
8.032102e+01
8.042474e+01
8.052844e+01
8.063223e+01
8.073585e+01
8.083959e+01
8.094353e+01
8.104713e+01
8.115083e+01
8.125455e+01
8.135835e+01
8.146206e+01
8.156586e+01
8.166962e+01
8.177337e+01
8.187695e+01
8.198068e+01
8.208444e+01
8.218818e+01
8.229179e+01
8.239564e+01
8.249934e+01
8.260306e+01
8.270691e+01
8.281045e+01
8.291421e+01
8.301801e+01
8.312172e+01
8.322546e+01
8.332921e+01
8.343293e+01
8.353678e+01
8.364043e+01
8.374418e+01
8.384793e+01
8.395167e+01
8.405558e+01
8.415919e+01
8.426285e+01
8.436657e+01
8.447030e+01
8.457414e+01
8.467795e+01
8.478178e+01
8.488545e+01
8.498950e+01
8.509305e+01
8.519677e+01
8.530039e+01
8.540410e+01
8.550785e+01
8.561143e+01
8.571520e+01
8.581893e+01
8.592270e+01
8.602632e+01
8.613011e+01
8.623384e+01
8.633758e+01
8.644131e+01
8.654501e+01
8.664871e+01
8.675231e+01
8.685606e+01
8.695981e+01
8.706346e+01
8.716719e+01
8.727081e+01
8.737456e+01
8.747821e+01
8.758181e+01
8.768555e+01
8.778917e+01
8.789293e+01
8.799668e+01
8.810030e+01
8.820405e+01
8.830780e+01
8.841143e+01
8.851506e+01
8.861882e+01
8.872243e+01
8.882618e+01
8.892994e+01
8.903368e+01
8.913743e+01
8.924105e+01
8.934481e+01
8.944855e+01
8.955222e+01
8.965580e+01
8.975957e+01
8.986320e+01
8.996695e+01
9.007069e+01
9.017432e+01
9.027805e+01
9.038184e+01
9.048555e+01
9.058930e+01
9.069307e+01
9.079680e+01
9.090055e+01
9.100430e+01
9.110806e+01
9.121168e+01
9.131545e+01
9.141918e+01
9.152293e+01
9.162668e+01
9.173030e+01
9.183406e+01
9.193781e+01
9.204155e+01
9.214531e+01
9.224918e+01
9.235295e+01
9.245680e+01
9.256056e+01
9.266443e+01
9.276832e+01
9.287210e+01
9.297593e+01
9.307968e+01
9.318356e+01
9.328743e+01
9.339132e+01
9.349518e+01
9.359895e+01
9.370282e+01
9.380668e+01
9.391043e+01
9.401431e+01
9.411806e+01
9.422193e+01
9.432569e+01
9.442956e+01
9.453331e+01
9.463721e+01
9.474106e+01
9.484493e+01
9.494881e+01
9.505269e+01
9.515655e+01
9.526056e+01
9.536443e+01
9.546832e+01
9.557231e+01
9.567618e+01
9.578018e+01
9.588406e+01
9.598806e+01
9.609206e+01
9.619606e+01
9.630006e+01
9.640419e+01
9.650831e+01
9.661244e+01
9.671658e+01
9.682081e+01
9.692494e+01
9.702906e+01
9.713319e+01
9.723731e+01
9.734144e+01
9.744544e+01
9.754948e+01
9.765356e+01
9.775756e+01
9.786159e+01
9.796544e+01
9.806933e+01
9.817306e+01
9.827683e+01
9.838056e+01
9.848419e+01
9.858781e+01
9.869156e+01
9.879531e+01
9.889908e+01
9.900281e+01
9.910656e+01
9.921031e+01
9.931419e+01
9.941817e+01
9.952216e+01
9.962616e+01
9.973007e+01
9.983408e+01
9.993807e+01
1.000421e+02
1.001461e+02
1.002501e+02
1.003541e+02
1.004581e+02
1.005621e+02
1.006660e+02
1.007700e+02
1.008738e+02
1.009776e+02
1.010813e+02
1.011849e+02
1.012887e+02
1.013923e+02
1.014961e+02
1.015998e+02
1.017034e+02
1.018072e+02
1.019109e+02
1.020147e+02
1.021185e+02
1.022222e+02
1.023261e+02
1.024298e+02
1.025336e+02
1.026374e+02
1.027412e+02
1.028450e+02
1.029487e+02
1.030524e+02
1.031562e+02
1.032599e+02
1.033636e+02
1.034673e+02
1.035711e+02
1.036747e+02
1.037784e+02
1.038822e+02
1.039859e+02
1.040896e+02
1.041932e+02
1.042969e+02
1.044006e+02
1.045043e+02
1.046081e+02
1.047117e+02
1.048154e+02
1.049192e+02
1.050229e+02
1.051266e+02
1.052304e+02
1.053342e+02
1.054379e+02
1.055417e+02
1.056454e+02
1.057492e+02
1.058532e+02
1.059567e+02
1.060605e+02
1.061642e+02
1.062679e+02
1.063717e+02
1.064755e+02
1.065792e+02
1.066830e+02
1.067868e+02
1.068906e+02
1.069943e+02
1.070981e+02
1.072018e+02
1.073057e+02
1.074092e+02
1.075129e+02
1.076167e+02
1.077207e+02
1.078243e+02
1.079278e+02
1.080316e+02
1.081353e+02
1.082389e+02
1.083427e+02
1.084464e+02
1.085502e+02
1.086540e+02
1.087578e+02
1.088615e+02
1.089653e+02
1.090692e+02
1.091731e+02
1.092767e+02
1.093805e+02
1.094843e+02
1.095880e+02
1.096917e+02
1.097954e+02
1.099003e+02
1.100030e+02
1.101067e+02
1.102106e+02
1.103144e+02
1.104181e+02
1.105219e+02
1.106256e+02
1.107295e+02
1.108332e+02
1.109371e+02
1.110411e+02
1.111448e+02
1.112485e+02
1.113523e+02
1.114562e+02
1.115600e+02
1.116637e+02
1.117675e+02
1.118712e+02
1.119749e+02
1.120786e+02
1.121823e+02
1.122881e+02
1.123899e+02
1.124936e+02
1.125973e+02
1.127011e+02
1.128049e+02
1.129086e+02
1.130125e+02
1.131163e+02
1.132200e+02
1.133238e+02
1.134276e+02
1.135314e+02
1.136353e+02
1.137391e+02
1.138430e+02
1.139468e+02
1.140507e+02
1.141547e+02
1.142587e+02
1.143628e+02
1.144670e+02
1.145712e+02
1.146754e+02
1.147797e+02
1.148839e+02
1.149881e+02
1.150922e+02
1.151965e+02
1.153007e+02
1.154048e+02
1.155095e+02
1.156131e+02
1.157172e+02
1.158211e+02
1.159252e+02
1.160294e+02
1.161331e+02
1.162383e+02
1.163410e+02
1.164449e+02
1.165486e+02
1.166524e+02
1.167561e+02
1.168597e+02
1.169634e+02
1.170670e+02
1.171706e+02
1.172743e+02
1.173779e+02
1.174816e+02
1.175852e+02
1.176890e+02
1.177925e+02
1.178961e+02
1.179996e+02
1.181032e+02
1.182070e+02
1.183106e+02
1.184143e+02
1.185180e+02
1.186217e+02
1.187255e+02
1.188291e+02
1.189328e+02
1.190367e+02
1.191405e+02
1.192442e+02
1.193478e+02
1.194516e+02
1.195553e+02
1.196591e+02
1.197627e+02
1.198665e+02
1.199701e+02
1.200737e+02
1.201775e+02
1.202811e+02
1.203848e+02
1.204885e+02
1.205922e+02
1.206958e+02
1.207995e+02
1.209032e+02
1.210067e+02
1.211105e+02
1.212141e+02
1.213178e+02
1.214216e+02
1.215253e+02
1.216291e+02
1.217328e+02
1.218366e+02
1.219403e+02
1.220441e+02
1.221478e+02
1.222516e+02
1.223553e+02
1.224592e+02
1.225630e+02
1.226668e+02
1.227707e+02
1.228746e+02
1.229785e+02
1.230824e+02
1.231862e+02
1.232900e+02
1.233938e+02
1.234976e+02
1.236015e+02
1.237053e+02
1.238091e+02
1.239130e+02
1.240167e+02
1.241205e+02
1.242244e+02
1.243281e+02
1.244319e+02
1.245356e+02
1.246393e+02
1.247431e+02
1.248468e+02
1.249506e+02
1.250543e+02
1.251582e+02
1.252620e+02
1.253657e+02
1.254694e+02
1.255731e+02
1.256768e+02
1.257806e+02
1.258842e+02
1.259880e+02
1.260917e+02
1.261955e+02
1.262992e+02
1.264030e+02
1.265066e+02
1.266103e+02
1.267141e+02
1.268178e+02
1.269216e+02
1.270252e+02
1.271290e+02
1.272327e+02
1.273365e+02
1.274401e+02
1.275439e+02
1.276476e+02
1.277512e+02
1.278550e+02
1.279586e+02
1.280622e+02
1.281660e+02
1.282697e+02
1.283733e+02
1.284771e+02
1.285807e+02
1.286845e+02
1.287882e+02
1.288918e+02
1.289955e+02
1.290991e+02
1.292028e+02
1.293066e+02
1.294103e+02
1.295141e+02
1.296178e+02
1.297216e+02
1.298253e+02
1.299291e+02
1.300327e+02
1.301365e+02
1.302402e+02
1.303438e+02
1.304476e+02
1.305513e+02
1.306550e+02
1.307587e+02
1.308625e+02
1.309661e+02
1.310700e+02
1.311737e+02
1.312775e+02
1.313811e+02
1.314848e+02
1.315885e+02
1.316922e+02
1.317960e+02
1.318996e+02
1.320033e+02
1.321070e+02
1.322106e+02
1.323144e+02
1.324180e+02
1.325217e+02
1.326255e+02
1.327291e+02
1.328328e+02
1.329365e+02
1.330401e+02
1.331437e+02
1.332475e+02
1.333511e+02
1.334548e+02
1.335586e+02
1.336622e+02
1.337660e+02
1.338697e+02
1.339733e+02
1.340771e+02
1.341808e+02
1.342845e+02
1.343882e+02
1.344919e+02
1.345956e+02
1.346993e+02
1.348031e+02
1.349069e+02
1.350106e+02
1.351143e+02
1.352181e+02
1.353220e+02
1.354257e+02
1.355295e+02
1.356331e+02
1.357369e+02
1.358406e+02
1.359442e+02
1.360478e+02
1.361516e+02
1.362552e+02
1.363590e+02
1.364627e+02
1.365665e+02
1.366702e+02
1.367740e+02
1.368777e+02
1.369814e+02
1.370851e+02
1.371887e+02
1.372925e+02
1.373962e+02
1.375000e+02
1.376036e+02
1.377074e+02
1.378110e+02
1.379147e+02
1.380184e+02
1.381221e+02
1.382259e+02
1.383296e+02
1.384334e+02
1.385371e+02
1.386410e+02
1.387447e+02
1.388485e+02
1.389522e+02
1.390560e+02
1.391597e+02
1.392636e+02
1.393674e+02
1.394711e+02
1.395749e+02
1.396785e+02
1.397822e+02
1.398860e+02
1.399897e+02
1.400935e+02
1.401971e+02
1.403009e+02
1.404046e+02
1.405082e+02
1.406120e+02
1.407156e+02
1.408194e+02
1.409231e+02
1.410267e+02
1.411305e+02
1.412342e+02
1.413380e+02
1.414417e+02
1.415455e+02
1.416491e+02
1.417529e+02
1.418566e+02
1.419602e+02
1.420640e+02
1.421677e+02
1.422715e+02
1.423754e+02
1.424791e+02
1.425827e+02
1.426865e+02
1.427901e+02
1.428937e+02
1.429975e+02
1.431011e+02
1.432047e+02
1.433085e+02
1.434121e+02
1.435159e+02
1.436196e+02
1.437233e+02
1.438270e+02
1.439306e+02
1.440344e+02
1.441380e+02
1.442417e+02
1.443454e+02
1.444491e+02
1.445527e+02
1.446565e+02
1.447602e+02
1.448640e+02
1.449679e+02
1.450716e+02
1.451754e+02
1.452791e+02
1.453829e+02
1.454866e+02
1.455904e+02
1.456940e+02
1.457977e+02
1.459014e+02
1.460051e+02
1.461088e+02
1.462125e+02
1.463161e+02
1.464199e+02
1.465235e+02
1.466272e+02
1.467309e+02
1.468346e+02
1.469384e+02
1.470420e+02
1.471457e+02
1.472494e+02
1.473531e+02
1.474569e+02
1.475606e+02
1.476643e+02
1.477680e+02
1.478718e+02
1.479755e+02
1.480792e+02
1.481830e+02
1.482867e+02
1.483904e+02
1.484941e+02
1.485979e+02
1.487016e+02
1.488054e+02
1.489090e+02
1.490128e+02
1.491164e+02
1.492201e+02
1.493239e+02
1.494275e+02
1.495312e+02
1.496349e+02
1.497386e+02
1.498424e+02
1.499461e+02
1.500497e+02
1.501535e+02
1.502572e+02
1.503610e+02
1.504647e+02
1.505684e+02
1.506721e+02
1.507757e+02
1.508795e+02
1.509831e+02
1.510869e+02
1.511905e+02
1.512942e+02
1.513980e+02
1.515018e+02
1.516055e+02
1.517091e+02
1.518130e+02
1.519166e+02
1.520204e+02
1.521241e+02
1.522279e+02
1.523315e+02
1.524352e+02
1.525389e+02
1.526426e+02
1.527462e+02
1.528499e+02
1.529535e+02
1.530572e+02
1.531609e+02
1.532645e+02
1.533682e+02
1.534720e+02
1.535756e+02
1.536794e+02
1.537831e+02
1.538867e+02
1.539905e+02
1.540942e+02
1.541980e+02
1.543016e+02
1.544055e+02
1.545093e+02
1.546130e+02
1.547169e+02
1.548207e+02
1.549247e+02
1.550286e+02
1.551326e+02
1.552366e+02
1.553406e+02
1.554448e+02
1.555489e+02
1.556530e+02
1.557572e+02
1.558614e+02
1.559655e+02
1.560696e+02
1.561737e+02
1.562779e+02
1.563820e+02
1.564861e+02
1.565902e+02
1.566945e+02
1.567986e+02
1.569028e+02
1.570069e+02
1.571109e+02
1.572149e+02
1.573189e+02
1.574227e+02
1.575266e+02
1.576305e+02
1.577345e+02
1.578382e+02
1.579421e+02
1.580459e+02
1.581497e+02
1.582535e+02
1.583574e+02
1.584611e+02
1.585649e+02
1.586686e+02
1.587724e+02
1.588761e+02
1.589797e+02
1.590835e+02
1.591871e+02
1.592909e+02
1.593945e+02
1.594981e+02
1.596017e+02
1.597052e+02
1.598089e+02
1.599125e+02
1.600161e+02
1.601198e+02
1.602234e+02
1.603270e+02
1.604305e+02
1.605341e+02
1.606379e+02
1.607415e+02
1.608452e+02
1.609489e+02
1.610526e+02
1.611564e+02
1.612601e+02
1.613637e+02
1.614675e+02
1.615713e+02
1.616750e+02
1.617788e+02
1.618825e+02
1.619862e+02
1.620899e+02
1.621936e+02
1.622972e+02
1.624010e+02
1.625046e+02
1.626084e+02
1.627121e+02
1.628159e+02
1.629195e+02
1.630233e+02
1.631270e+02
1.632308e+02
1.633345e+02
1.634383e+02
1.635420e+02
1.636458e+02
1.637495e+02
1.638533e+02
1.639569e+02
1.640606e+02
1.641644e+02
1.642681e+02
1.643719e+02
1.644756e+02
1.645793e+02
1.646830e+02
1.647867e+02
1.648905e+02
1.649944e+02
