0.000000e+00
1.036735e-01
2.073994e-01
3.110421e-01
4.147687e-01
5.185618e-01
6.222756e-01
7.259009e-01
8.296497e-01
9.334161e-01
1.037151e+00
1.140922e+00
1.244652e+00
1.348401e+00
1.452147e+00
1.555903e+00
1.659755e+00
1.763526e+00
1.867301e+00
1.971048e+00
2.074651e+00
2.178401e+00
2.282171e+00
2.385778e+00
2.489524e+00
2.593150e+00
2.696923e+00
2.800655e+00
2.904399e+00
3.008148e+00
3.112026e+00
3.215778e+00
3.319527e+00
3.423277e+00
3.527028e+00
3.630776e+00
3.734526e+00
3.838297e+00
3.942026e+00
4.045905e+00
4.149777e+00
4.253779e+00
4.357779e+00
4.461781e+00
4.565786e+00
4.669779e+00
4.773678e+00
4.877653e+00
4.981530e+00
5.085528e+00
5.189280e+00
5.293155e+00
5.396906e+00
5.500658e+00
5.604428e+00
5.708157e+00
5.811903e+00
5.915527e+00
6.019301e+00
6.122907e+00
6.226694e+00
6.330301e+00
6.434043e+00
6.537781e+00
6.641407e+00
6.745157e+00
6.848782e+00
6.952413e+00
7.056028e+00
7.159812e+00
7.263530e+00
7.367155e+00
7.470926e+00
7.574658e+00
7.678408e+00
7.782155e+00
7.885784e+00
7.989571e+00
8.093287e+00
8.197037e+00
8.300782e+00
8.404536e+00
8.508283e+00
8.612034e+00
8.715784e+00
8.819408e+00
8.923159e+00
9.026912e+00
9.130679e+00
9.234287e+00
9.338052e+00
9.441786e+00
9.545660e+00
9.649412e+00
9.753251e+00
9.856912e+00
9.960677e+00
1.006453e+01
1.016831e+01
1.027206e+01
1.037579e+01
1.047968e+01
1.058343e+01
1.068718e+01
1.079091e+01
1.089466e+01
1.099829e+01
1.110203e+01
1.120579e+01
1.130954e+01
1.141316e+01
1.151691e+01
1.162054e+01
1.172429e+01
1.182791e+01
1.193168e+01
1.203543e+01
1.213904e+01
1.224284e+01
1.234654e+01
1.245017e+01
1.255406e+01
1.265770e+01
1.276142e+01
1.286517e+01
1.296892e+01
1.307319e+01
1.317619e+01
1.327994e+01
1.338355e+01
1.348734e+01
1.359105e+01
1.369492e+01
1.379857e+01
1.390229e+01
1.400603e+01
1.410988e+01
1.421370e+01
1.431758e+01
1.442154e+01
1.452553e+01
1.462964e+01
1.473366e+01
1.483756e+01
1.494156e+01
1.504553e+01
1.514957e+01
1.525357e+01
1.535745e+01
1.546133e+01
1.556519e+01
1.566895e+01
1.577257e+01
1.587631e+01
1.598006e+01
1.608369e+01
1.618750e+01
1.629116e+01
1.639486e+01
1.649865e+01
1.660217e+01
1.670592e+01
1.680955e+01
1.691341e+01
1.701709e+01
1.712066e+01
1.722505e+01
1.732807e+01
1.743180e+01
1.753543e+01
1.763918e+01
1.774281e+01
1.784645e+01
1.795016e+01
1.805418e+01
1.815764e+01
1.826124e+01
1.836493e+01
1.846859e+01
1.857230e+01
1.867598e+01
1.877958e+01
1.888322e+01
1.898696e+01
1.909067e+01
1.919423e+01
1.929795e+01
1.940168e+01
1.950529e+01
1.960916e+01
1.971269e+01
1.981650e+01
1.992013e+01
2.002384e+01
2.012743e+01
2.023116e+01
2.033491e+01
2.043857e+01
2.054235e+01
2.064597e+01
2.074959e+01
2.085333e+01
2.095702e+01
2.106072e+01
2.116442e+01
2.126819e+01
2.137376e+01
2.147604e+01
2.157948e+01
2.168318e+01
2.178694e+01
2.189098e+01
2.199447e+01
2.209829e+01
2.220202e+01
2.230564e+01
2.240938e+01
2.251315e+01
2.261690e+01
2.272060e+01
2.282438e+01
2.292792e+01
2.303167e+01
2.313542e+01
2.323917e+01
2.334289e+01
2.344657e+01
2.355030e+01
2.365427e+01
2.375779e+01
2.386154e+01
2.396531e+01
2.406895e+01
2.417269e+01
2.427645e+01
2.438011e+01
2.448390e+01
2.458755e+01
2.469143e+01
2.479514e+01
2.489954e+01
2.500232e+01
2.510593e+01
2.520967e+01
2.531340e+01
2.541708e+01
2.552068e+01
2.562443e+01
2.572819e+01
2.583312e+01
2.593605e+01
2.603933e+01
2.614308e+01
2.624683e+01
2.635056e+01
2.645432e+01
2.655885e+01
2.666234e+01
2.676546e+01
2.686920e+01
2.697285e+01
2.707673e+01
2.718046e+01
2.728423e+01
2.738794e+01
2.749169e+01
2.759544e+01
2.769931e+01
2.780306e+01
2.790680e+01
2.801066e+01
2.811449e+01
2.821822e+01
2.832195e+01
2.842562e+01
2.852930e+01
2.863292e+01
2.873672e+01
2.884044e+01
2.894408e+01
2.904805e+01
2.915145e+01
2.925518e+01
2.935882e+01
2.946256e+01
2.956618e+01
2.966982e+01
2.977355e+01
2.987730e+01
2.998105e+01
3.008469e+01
3.018844e+01
3.029214e+01
3.039585e+01
3.049957e+01
3.060456e+01
3.070708e+01
3.081082e+01
3.091461e+01
3.101834e+01
3.112197e+01
3.122571e+01
3.132946e+01
3.143312e+01
3.153684e+01
3.164043e+01
3.174420e+01
3.184896e+01
3.195231e+01
3.205522e+01
3.215883e+01
3.226261e+01
3.236635e+01
3.246994e+01
3.257372e+01
3.267756e+01
3.278131e+01
3.288513e+01
3.298884e+01
3.309271e+01
3.319644e+01
3.330017e+01
3.340395e+01
3.350756e+01
3.361176e+01
3.371514e+01
3.381882e+01
3.392262e+01
3.402622e+01
3.412995e+01
3.423369e+01
3.433732e+01
3.444137e+01
3.454486e+01
3.464846e+01
3.475224e+01
3.485612e+01
3.495981e+01
3.506371e+01
3.516734e+01
3.527109e+01
3.537484e+01
3.547844e+01
3.558220e+01
3.568601e+01
3.578958e+01
3.589332e+01
3.599712e+01
3.610070e+01
3.620476e+01
3.630796e+01
3.641178e+01
3.651553e+01
3.661924e+01
3.672297e+01
3.682673e+01
3.693035e+01
3.703394e+01
3.713745e+01
3.724107e+01
3.734471e+01
3.744835e+01
3.755232e+01
3.765579e+01
3.775938e+01
3.786295e+01
3.796656e+01
3.807033e+01
3.817445e+01
3.827775e+01
3.838134e+01
3.848497e+01
3.858872e+01
3.869232e+01
3.879607e+01
3.889970e+01
3.900344e+01
3.910708e+01
3.921082e+01
3.931444e+01
3.941808e+01
3.952196e+01
3.962577e+01
3.972935e+01
3.983297e+01
3.993673e+01
4.004046e+01
4.014441e+01
4.024812e+01
4.035185e+01
4.045557e+01
4.055944e+01
4.066320e+01
4.076706e+01
4.087078e+01
4.097447e+01
4.107821e+01
4.118197e+01
4.128585e+01
4.138984e+01
4.149345e+01
4.159718e+01
4.170141e+01
4.180546e+01
4.190918e+01
4.201309e+01
4.211734e+01
4.222521e+01
4.232516e+01
4.242898e+01
4.253298e+01
4.263689e+01
4.274085e+01
4.284474e+01
4.294866e+01
4.305237e+01
4.315892e+01
4.326023e+01
4.336409e+01
4.346981e+01
4.357174e+01
4.367561e+01
4.377935e+01
4.388325e+01
4.398698e+01
4.409062e+01
4.419437e+01
4.429810e+01
4.440173e+01
4.450544e+01
4.460906e+01
4.471285e+01
4.481648e+01
4.492009e+01
4.502370e+01
4.512736e+01
4.523108e+01
4.533471e+01
4.543835e+01
4.554209e+01
4.564573e+01
4.574932e+01
4.585296e+01
4.595670e+01
4.606105e+01
4.616407e+01
4.626770e+01
4.637132e+01
4.647507e+01
4.657869e+01
4.668231e+01
4.678607e+01
4.688982e+01
4.699344e+01
4.709719e+01
4.720094e+01
4.730457e+01
4.740832e+01
4.751195e+01
4.761569e+01
4.771946e+01
4.782307e+01
4.792682e+01
4.803057e+01
4.813434e+01
4.823809e+01
4.834182e+01
4.844557e+01
4.854944e+01
4.865320e+01
4.875695e+01
4.886070e+01
4.896457e+01
4.906832e+01
4.917207e+01
4.927584e+01
4.937957e+01
4.948334e+01
4.958694e+01
4.969070e+01
4.979432e+01
4.989794e+01
5.000170e+01
5.010545e+01
5.020907e+01
5.031284e+01
5.041659e+01
5.052032e+01
5.062397e+01
5.072770e+01
5.083145e+01
5.093521e+01
5.103895e+01
5.114270e+01
5.124633e+01
5.135007e+01
5.145370e+01
5.155745e+01
5.166121e+01
5.176482e+01
5.186859e+01
5.197220e+01
5.207595e+01
5.217957e+01
5.228332e+01
5.238707e+01
5.249070e+01
5.259445e+01
5.269820e+01
5.280182e+01
5.290557e+01
5.300922e+01
5.311295e+01
5.321657e+01
5.332033e+01
5.342395e+01
5.352770e+01
5.363145e+01
5.373507e+01
5.383885e+01
5.394257e+01
5.404632e+01
5.415007e+01
5.425370e+01
5.435745e+01
5.446121e+01
5.456482e+01
5.466858e+01
5.477232e+01
5.487607e+01
5.497982e+01
5.508357e+01
5.518732e+01
5.529107e+01
5.539470e+01
5.549845e+01
5.560220e+01
5.570583e+01
5.580970e+01
5.591345e+01
5.601733e+01
5.612120e+01
5.622520e+01
5.632908e+01
5.643320e+01
5.653720e+01
5.664132e+01
5.674533e+01
5.684945e+01
5.695347e+01
5.705757e+01
5.716172e+01
5.726583e+01
5.736996e+01
5.747398e+01
5.757808e+01
5.768208e+01
5.778618e+01
5.789008e+01
5.799408e+01
5.809806e+01
5.820205e+01
5.830596e+01
5.840995e+01
5.851393e+01
5.861795e+01
5.872197e+01
5.882595e+01
5.892983e+01
5.903383e+01
5.913772e+01
5.924158e+01
5.934545e+01
5.944921e+01
5.955283e+01
5.965648e+01
5.975995e+01
5.986333e+01
5.996683e+01
6.007033e+01
6.017383e+01
6.027734e+01
6.038070e+01
6.048420e+01
6.058785e+01
6.069133e+01
6.079496e+01
6.089845e+01
6.100211e+01
6.110571e+01
6.120920e+01
6.131283e+01
6.141648e+01
6.152008e+01
6.162371e+01
6.172734e+01
6.183108e+01
6.193471e+01
6.203833e+01
6.214208e+01
6.224570e+01
6.234947e+01
6.245310e+01
6.255685e+01
6.266046e+01
6.276421e+01
6.286785e+01
6.297146e+01
6.307508e+01
6.317858e+01
6.328208e+01
6.338571e+01
6.348933e+01
6.359308e+01
6.369697e+01
6.380071e+01
6.390446e+01
6.400810e+01
6.411171e+01
6.421536e+01
6.431896e+01
6.442259e+01
6.452621e+01
6.462996e+01
6.473358e+01
6.483735e+01
6.494096e+01
6.504471e+01
6.514846e+01
6.525219e+01
6.535584e+01
6.545969e+01
6.556344e+01
6.566721e+01
6.577096e+01
6.587471e+01
6.597860e+01
6.608233e+01
6.618621e+01
6.629008e+01
6.639397e+01
6.649792e+01
6.660184e+01
6.670569e+01
6.680954e+01
6.691349e+01
6.701736e+01
6.712146e+01
6.722556e+01
6.732965e+01
6.743364e+01
6.753759e+01
6.764165e+01
6.774560e+01
6.784962e+01
6.795347e+01
6.805775e+01
6.816216e+01
6.826512e+01
6.836911e+01
6.847285e+01
6.857672e+01
6.868048e+01
6.878421e+01
6.888797e+01
6.899171e+01
6.909547e+01
6.919922e+01
6.930296e+01
6.940671e+01
6.951034e+01
6.961411e+01
6.971784e+01
6.982159e+01
6.992534e+01
7.002909e+01
7.013284e+01
7.023659e+01
7.034034e+01
7.044419e+01
7.054784e+01
7.065147e+01
7.075509e+01
7.085894e+01
7.096261e+01
7.106633e+01
7.116999e+01
7.127359e+01
7.137734e+01
7.148111e+01
7.158482e+01
7.168847e+01
7.179220e+01
7.189584e+01
7.199961e+01
7.210322e+01
7.220697e+01
7.231059e+01
7.241434e+01
7.251797e+01
7.262172e+01
7.272547e+01
7.282922e+01
7.293297e+01
7.303672e+01
7.314034e+01
7.324397e+01
7.334747e+01
7.345109e+01
7.355474e+01
7.365834e+01
7.376209e+01
7.386586e+01
7.396947e+01
7.407329e+01
7.417697e+01
7.428065e+01
7.438422e+01
7.448784e+01
7.459168e+01
7.469535e+01
7.479909e+01
7.490285e+01
7.500660e+01
7.511036e+01
7.521410e+01
7.531772e+01
7.542147e+01
7.552522e+01
7.562897e+01
7.573272e+01
7.583649e+01
7.594009e+01
7.604385e+01
7.614761e+01
7.625129e+01
7.635498e+01
7.645866e+01
7.656235e+01
7.666597e+01
7.676959e+01
7.687334e+01
7.697699e+01
7.708060e+01
7.718435e+01
7.728798e+01
7.739173e+01
7.749550e+01
7.759918e+01
7.770296e+01
7.780669e+01
7.791036e+01
7.801400e+01
7.811768e+01
7.822165e+01
7.832504e+01
7.842873e+01
7.853235e+01
7.863618e+01
7.873974e+01
7.884336e+01
7.894711e+01
7.905072e+01
7.915460e+01
7.925822e+01
7.936189e+01
7.946565e+01
7.956923e+01
7.967300e+01
7.977676e+01
7.988059e+01
7.998484e+01
8.008787e+01
8.019160e+01
8.029526e+01
8.039899e+01
8.050392e+01
8.060637e+01
8.071109e+01
8.081366e+01
8.091739e+01
8.102099e+01
8.112476e+01
8.122850e+01
8.133226e+01
8.143587e+01
8.153961e+01
8.164329e+01
8.174711e+01
8.185063e+01
8.195444e+01
8.205820e+01
8.216177e+01
8.226550e+01
8.236927e+01
8.247303e+01
8.257661e+01
8.268035e+01
8.278415e+01
8.288777e+01
8.299154e+01
8.309516e+01
8.319886e+01
8.330248e+01
8.340624e+01
8.350986e+01
8.361361e+01
8.371725e+01
8.382103e+01
8.392475e+01
8.402873e+01
8.413213e+01
8.423598e+01
8.433978e+01
8.444339e+01
8.454712e+01
8.465089e+01
8.475464e+01
8.485840e+01
8.496212e+01
8.506590e+01
8.516962e+01
8.527342e+01
8.537712e+01
8.548098e+01
8.558474e+01
8.568854e+01
8.579212e+01
8.589586e+01
8.599968e+01
8.610340e+01
8.620690e+01
8.631058e+01
8.641417e+01
8.651791e+01
8.662152e+01
8.672525e+01
8.682888e+01
8.693248e+01
8.703628e+01
8.714001e+01
8.724440e+01
8.734738e+01
8.745114e+01
8.755498e+01
8.765848e+01
8.776466e+01
8.786602e+01
8.796977e+01
8.807353e+01
8.817727e+01
8.828098e+01
8.838476e+01
8.848836e+01
8.859213e+01
8.869589e+01
8.879949e+01
8.890326e+01
8.900705e+01
8.911089e+01
8.921456e+01
8.931826e+01
8.942190e+01
8.952561e+01
8.962937e+01
8.973317e+01
8.983681e+01
8.994049e+01
9.004413e+01
9.014791e+01
9.025152e+01
9.035527e+01
9.045888e+01
9.056252e+01
9.066625e+01
9.076989e+01
9.087362e+01
9.097726e+01
9.108092e+01
9.118463e+01
9.128830e+01
9.139187e+01
9.149555e+01
9.159923e+01
9.170286e+01
9.180668e+01
9.191031e+01
9.201402e+01
9.211773e+01
9.222138e+01
9.232516e+01
9.242877e+01
9.253248e+01
9.263624e+01
9.273990e+01
9.284364e+01
9.294725e+01
9.305098e+01
9.315476e+01
9.325844e+01
9.336200e+01
9.346573e+01
9.356937e+01
9.367317e+01
9.377676e+01
9.388037e+01
9.398398e+01
9.408774e+01
9.419184e+01
9.429503e+01
9.439884e+01
9.450239e+01
9.460611e+01
9.470988e+01
9.481351e+01
9.491730e+01
9.502088e+01
9.512449e+01
9.522824e+01
9.533190e+01
9.543570e+01
