0.000000e+00
1.038630e-01
2.076042e-01
3.113809e-01
4.151030e-01
5.188291e-01
6.226535e-01
7.264299e-01
8.301923e-01
9.339221e-01
1.038357e+00
1.141497e+00
1.245140e+00
1.348879e+00
1.452641e+00
1.556368e+00
1.660103e+00
1.763843e+00
1.867579e+00
1.971321e+00
2.075068e+00
2.178802e+00
2.282563e+00
2.386284e+00
2.490055e+00
2.593766e+00
2.697502e+00
2.801245e+00
2.904859e+00
3.008622e+00
3.112339e+00
3.216080e+00
3.319815e+00
3.423566e+00
3.527306e+00
3.631050e+00
3.734786e+00
3.838534e+00
3.942142e+00
4.045876e+00
4.149590e+00
4.253109e+00
4.356873e+00
4.460494e+00
4.564228e+00
4.667948e+00
4.771565e+00
4.875321e+00
4.978920e+00
5.082685e+00
5.186400e+00
5.290164e+00
5.393911e+00
5.497751e+00
5.601532e+00
5.705106e+00
5.808867e+00
5.912708e+00
6.016448e+00
6.120192e+00
6.223931e+00
6.327671e+00
6.431415e+00
6.535274e+00
6.638892e+00
6.742634e+00
6.846498e+00
6.950259e+00
7.053977e+00
7.157722e+00
7.261587e+00
7.365350e+00
7.469083e+00
7.572934e+00
7.676816e+00
7.780685e+00
7.884405e+00
7.988289e+00
8.092138e+00
8.196032e+00
8.299764e+00
8.403608e+00
8.507348e+00
8.611111e+00
8.714952e+00
8.818820e+00
8.923100e+00
9.026472e+00
9.130253e+00
9.234122e+00
9.337863e+00
9.441529e+00
9.545398e+00
9.649673e+00
9.753092e+00
9.856741e+00
9.960605e+00
1.006434e+01
1.016807e+01
1.027182e+01
1.037567e+01
1.047941e+01
1.058317e+01
1.068689e+01
1.079067e+01
1.089442e+01
1.099811e+01
1.110187e+01
1.120563e+01
1.130936e+01
1.141310e+01
1.151684e+01
1.162091e+01
1.172444e+01
1.182814e+01
1.193178e+01
1.203561e+01
1.213926e+01
1.224300e+01
1.234676e+01
1.245052e+01
1.255435e+01
1.265809e+01
1.276183e+01
1.286560e+01
1.296952e+01
1.307306e+01
1.317679e+01
1.328053e+01
1.338427e+01
1.348801e+01
1.359163e+01
1.369551e+01
1.379939e+01
1.390298e+01
1.400671e+01
1.411046e+01
1.421408e+01
1.431781e+01
1.442156e+01
1.452530e+01
1.462904e+01
1.473282e+01
1.483651e+01
1.494014e+01
1.504390e+01
1.514771e+01
1.525128e+01
1.535503e+01
1.545880e+01
1.556253e+01
1.566619e+01
1.576996e+01
1.587377e+01
1.597742e+01
1.608122e+01
1.618523e+01
1.628866e+01
1.639253e+01
1.649639e+01
1.660047e+01
1.670382e+01
1.680746e+01
1.691120e+01
1.701511e+01
1.711883e+01
1.722261e+01
1.732641e+01
1.743015e+01
1.753390e+01
1.763764e+01
1.774137e+01
1.784515e+01
1.794886e+01
1.805247e+01
1.815643e+01
1.825999e+01
1.836372e+01
1.846739e+01
1.857111e+01
1.867486e+01
1.877842e+01
1.888214e+01
1.898576e+01
1.908953e+01
1.919331e+01
1.929699e+01
1.940074e+01
1.950447e+01
1.960822e+01
1.971197e+01
1.981570e+01
1.991948e+01
2.002318e+01
2.012690e+01
2.023064e+01
2.033453e+01
2.043825e+01
2.054201e+01
2.064573e+01
2.074951e+01
2.085336e+01
2.095710e+01
2.106094e+01
2.116475e+01
2.126847e+01
2.137231e+01
2.147603e+01
2.157998e+01
2.168343e+01
2.178715e+01
2.189074e+01
2.199448e+01
2.209812e+01
2.220159e+01
2.230508e+01
2.240861e+01
2.251196e+01
2.261542e+01
2.271893e+01
2.282253e+01
2.292616e+01
2.302976e+01
2.313339e+01
2.323713e+01
2.334075e+01
2.344450e+01
2.354823e+01
2.365195e+01
2.375559e+01
2.385932e+01
2.396299e+01
2.406667e+01
2.417042e+01
2.427404e+01
2.437778e+01
2.448153e+01
2.458526e+01
2.468923e+01
2.479291e+01
2.489671e+01
2.500092e+01
2.510435e+01
2.520828e+01
2.531214e+01
2.541614e+01
2.552028e+01
2.562413e+01
2.572802e+01
2.583214e+01
2.593612e+01
2.604058e+01
2.614440e+01
2.624822e+01
2.635221e+01
2.645621e+01
2.656019e+01
2.666420e+01
2.676817e+01
2.687205e+01
2.697590e+01
2.707989e+01
2.718378e+01
2.728762e+01
2.739149e+01
2.749535e+01
2.759911e+01
2.770295e+01
2.780672e+01
2.791031e+01
2.801418e+01
2.811792e+01
2.822166e+01
2.832540e+01
2.842919e+01
2.853275e+01
2.863649e+01
2.874015e+01
2.884387e+01
2.894759e+01
2.905133e+01
2.915508e+01
2.925882e+01
2.936258e+01
2.946630e+01
2.957004e+01
2.967378e+01
2.977765e+01
2.988138e+01
2.998513e+01
3.008901e+01
3.019273e+01
3.029647e+01
3.040021e+01
3.050395e+01
3.060782e+01
3.071158e+01
3.081530e+01
3.091891e+01
3.102268e+01
3.112640e+01
3.123014e+01
3.133375e+01
3.143751e+01
3.154123e+01
3.164484e+01
3.174846e+01
3.185234e+01
3.195637e+01
3.205981e+01
3.216342e+01
3.226729e+01
3.237094e+01
3.247478e+01
3.257861e+01
3.268238e+01
3.278636e+01
3.289011e+01
3.299410e+01
3.309809e+01
3.320208e+01
3.330607e+01
3.341019e+01
3.351443e+01
3.361854e+01
3.372278e+01
3.382702e+01
3.393128e+01
3.403537e+01
3.413950e+01
3.424361e+01
3.434760e+01
3.445159e+01
3.455560e+01
3.465945e+01
3.476331e+01
3.486719e+01
3.497092e+01
3.507453e+01
3.517817e+01
3.528176e+01
3.538538e+01
3.548900e+01
3.559249e+01
3.569610e+01
3.579959e+01
3.590310e+01
3.600645e+01
3.610996e+01
3.621343e+01
3.631704e+01
3.642056e+01
3.652415e+01
3.662776e+01
3.673139e+01
3.683512e+01
3.693886e+01
3.704248e+01
3.714622e+01
3.724996e+01
3.735370e+01
3.745744e+01
3.756118e+01
3.766492e+01
3.776868e+01
3.787250e+01
3.797616e+01
3.807988e+01
3.818363e+01
3.828726e+01
3.839103e+01
3.849460e+01
3.859834e+01
3.870208e+01
3.880582e+01
3.890957e+01
3.901332e+01
3.911703e+01
3.922079e+01
3.932465e+01
3.942834e+01
3.953202e+01
3.963576e+01
3.973949e+01
3.984322e+01
3.994696e+01
4.005070e+01
4.015445e+01
4.025819e+01
4.036193e+01
4.046566e+01
4.056944e+01
4.067316e+01
4.077693e+01
4.088065e+01
4.098425e+01
4.108799e+01
4.119173e+01
4.129536e+01
4.139908e+01
4.150282e+01
4.160644e+01
4.171018e+01
4.181379e+01
4.191741e+01
4.202117e+01
4.212488e+01
4.222862e+01
4.233226e+01
4.243598e+01
4.253975e+01
4.264346e+01
4.274726e+01
4.285097e+01
4.295469e+01
4.305849e+01
4.316217e+01
4.326587e+01
4.336963e+01
4.347327e+01
4.357697e+01
4.368072e+01
4.378437e+01
4.388807e+01
4.399172e+01
4.409534e+01
4.419895e+01
4.430269e+01
4.440646e+01
4.451006e+01
4.461379e+01
4.471741e+01
4.482117e+01
4.492495e+01
4.502873e+01
4.513236e+01
4.523598e+01
4.533972e+01
4.544346e+01
4.554722e+01
4.565094e+01
4.575468e+01
4.585843e+01
4.596216e+01
4.606603e+01
4.616992e+01
4.627364e+01
4.637759e+01
4.648137e+01
4.658524e+01
4.668912e+01
4.679312e+01
4.689671e+01
4.700047e+01
4.710421e+01
4.720780e+01
4.731154e+01
4.741537e+01
4.751902e+01
4.762279e+01
4.772644e+01
4.783012e+01
4.793386e+01
4.803762e+01
4.814134e+01
4.824508e+01
4.834882e+01
4.845256e+01
4.855635e+01
4.866004e+01
4.876379e+01
4.886765e+01
4.897152e+01
4.907538e+01
4.917912e+01
4.928299e+01
4.938686e+01
4.949084e+01
4.959471e+01
4.969872e+01
4.980268e+01
4.990656e+01
5.001054e+01
5.011441e+01
5.021842e+01
5.032227e+01
5.042613e+01
5.053012e+01
5.063413e+01
5.073808e+01
5.084206e+01
5.094597e+01
5.104984e+01
5.115383e+01
5.125770e+01
5.136156e+01
5.146544e+01
5.156942e+01
5.167325e+01
5.177703e+01
5.188083e+01
5.198449e+01
5.208811e+01
5.219172e+01
5.229521e+01
5.239870e+01
5.250219e+01
5.260581e+01
5.270930e+01
5.281279e+01
5.291628e+01
5.301990e+01
5.312338e+01
5.322700e+01
5.333062e+01
5.343423e+01
5.353799e+01
5.364159e+01
5.374534e+01
5.384894e+01
5.395256e+01
5.405630e+01
5.415992e+01
5.426366e+01
5.436727e+01
5.447101e+01
5.457475e+01
5.467837e+01
5.478213e+01
5.488587e+01
5.498959e+01
5.509333e+01
5.519695e+01
5.530069e+01
5.540443e+01
5.550819e+01
5.561191e+01
5.571567e+01
5.581939e+01
5.592313e+01
5.602687e+01
5.613061e+01
5.623435e+01
5.633809e+01
5.644170e+01
5.654545e+01
5.664919e+01
5.675295e+01
5.685667e+01
5.696041e+01
5.706417e+01
5.716809e+01
5.727176e+01
5.737550e+01
5.747924e+01
5.758298e+01
5.768672e+01
5.779046e+01
5.789420e+01
5.799796e+01
5.810170e+01
5.820539e+01
5.830905e+01
5.841278e+01
5.851651e+01
5.862013e+01
5.872387e+01
5.882751e+01
5.893125e+01
5.903507e+01
5.913873e+01
5.924239e+01
5.934606e+01
5.944991e+01
5.955342e+01
5.965716e+01
5.976090e+01
5.986452e+01
5.996826e+01
6.007202e+01
6.017574e+01
6.027938e+01
6.038309e+01
6.048696e+01
6.059057e+01
6.069431e+01
6.079807e+01
6.090179e+01
6.100541e+01
6.110915e+01
6.121289e+01
6.131665e+01
6.142037e+01
6.152412e+01
6.162785e+01
6.173159e+01
6.183548e+01
6.193920e+01
6.204294e+01
6.214681e+01
6.225067e+01
6.235441e+01
6.245830e+01
6.256214e+01
6.266601e+01
6.276989e+01
6.287361e+01
6.297750e+01
6.308122e+01
6.318509e+01
6.328883e+01
6.339259e+01
6.349618e+01
6.359992e+01
6.370354e+01
6.380735e+01
6.391091e+01
6.401453e+01
6.411813e+01
6.422174e+01
6.432523e+01
6.442884e+01
6.453233e+01
6.463582e+01
6.473932e+01
6.484281e+01
6.494642e+01
6.504991e+01
6.515340e+01
6.525702e+01
6.536051e+01
6.546414e+01
6.556761e+01
6.567125e+01
6.577485e+01
6.587846e+01
6.598222e+01
6.608594e+01
6.618954e+01
6.629329e+01
6.639690e+01
6.650066e+01
6.660438e+01
6.670813e+01
6.681194e+01
6.691573e+01
6.701960e+01
6.712347e+01
6.722747e+01
6.733149e+01
6.743558e+01
6.753958e+01
6.764367e+01
6.774766e+01
6.785165e+01
6.795567e+01
6.805963e+01
6.816367e+01
6.826771e+01
6.837174e+01
6.847578e+01
6.857971e+01
6.868370e+01
6.878781e+01
6.889193e+01
6.899598e+01
6.910005e+01
6.920390e+01
6.930789e+01
6.941175e+01
6.951575e+01
6.961969e+01
6.972363e+01
6.982748e+01
6.993133e+01
7.003522e+01
7.013897e+01
7.024282e+01
7.034658e+01
7.045042e+01
7.055417e+01
7.065791e+01
7.076164e+01
7.086539e+01
7.096913e+01
7.107287e+01
7.117663e+01
7.128022e+01
7.138401e+01
7.148770e+01
7.159132e+01
7.169505e+01
7.179880e+01
7.190242e+01
7.200628e+01
7.211002e+01
7.221363e+01
7.231742e+01
7.242112e+01
7.252473e+01
7.262849e+01
7.273222e+01
7.283585e+01
7.293957e+01
7.304331e+01
7.314707e+01
7.325079e+01
7.335453e+01
7.345827e+01
7.356189e+01
7.366565e+01
7.376937e+01
7.387311e+01
7.397685e+01
7.408061e+01
7.418433e+01
7.428797e+01
7.439194e+01
7.449581e+01
7.459909e+01
7.470273e+01
7.480661e+01
7.491010e+01
7.501373e+01
7.511740e+01
7.522100e+01
7.532506e+01
7.542863e+01
7.553247e+01
7.563630e+01
7.574021e+01
7.584420e+01
7.594822e+01
7.605219e+01
7.615616e+01
7.626002e+01
7.636401e+01
7.646797e+01
7.657173e+01
7.667573e+01
7.677959e+01
7.688356e+01
7.698733e+01
7.709119e+01
7.719505e+01
7.729892e+01
7.740279e+01
7.750653e+01
7.761039e+01
7.771426e+01
7.781812e+01
7.792199e+01
7.802598e+01
7.812985e+01
7.823388e+01
7.833785e+01
7.844182e+01
7.854583e+01
7.864967e+01
7.875370e+01
7.885771e+01
7.896164e+01
7.906563e+01
7.916977e+01
7.927386e+01
7.937785e+01
7.948197e+01
7.958596e+01
7.969005e+01
7.979405e+01
7.989793e+01
8.000193e+01
8.010579e+01
8.020971e+01
8.031360e+01
8.041740e+01
8.052123e+01
8.062487e+01
8.072848e+01
8.083222e+01
8.093583e+01
8.103945e+01
8.114309e+01
8.124656e+01
8.135004e+01
8.145354e+01
8.155703e+01
8.166052e+01
8.176414e+01
8.186763e+01
8.197124e+01
8.207486e+01
8.217847e+01
8.228222e+01
8.238583e+01
8.248945e+01
8.259308e+01
8.269680e+01
8.280054e+01
8.290428e+01
8.300802e+01
8.311176e+01
8.321550e+01
8.331939e+01
8.342298e+01
8.352673e+01
8.363048e+01
8.373423e+01
8.383799e+01
8.394169e+01
8.404553e+01
8.414917e+01
8.425304e+01
8.435677e+01
8.446051e+01
8.456425e+01
8.466816e+01
8.477186e+01
8.487560e+01
8.497934e+01
8.508331e+01
8.518696e+01
8.529069e+01
8.539454e+01
8.549838e+01
8.560216e+01
8.570567e+01
8.580941e+01
8.591349e+01
8.601735e+01
8.612049e+01
8.622423e+01
8.632785e+01
8.643160e+01
8.653520e+01
8.663884e+01
8.674255e+01
8.684630e+01
8.695003e+01
8.705368e+01
8.715739e+01
8.726130e+01
8.736475e+01
8.746850e+01
8.757228e+01
8.767596e+01
8.777958e+01
8.788332e+01
8.798709e+01
8.809081e+01
8.819464e+01
8.829834e+01
8.840215e+01
8.850589e+01
8.860965e+01
8.871337e+01
8.881724e+01
8.892098e+01
8.902484e+01
8.912871e+01
8.923258e+01
8.933644e+01
8.944030e+01
8.954417e+01
8.964806e+01
8.975191e+01
8.985588e+01
8.995963e+01
9.006361e+01
9.016737e+01
9.027125e+01
9.037497e+01
9.047871e+01
9.058262e+01
9.068632e+01
9.079006e+01
9.089380e+01
9.099741e+01
9.110129e+01
9.120491e+01
9.130864e+01
9.141240e+01
9.151612e+01
9.162001e+01
9.172372e+01
9.182734e+01
9.193108e+01
9.203482e+01
9.213856e+01
9.224220e+01
9.234592e+01
9.244956e+01
9.255315e+01
9.265666e+01
9.276026e+01
9.286374e+01
9.296723e+01
9.307072e+01
9.317436e+01
9.327783e+01
9.338174e+01
9.348520e+01
9.358895e+01
9.369254e+01
9.379628e+01
9.389989e+01
9.400365e+01
9.410727e+01
9.421101e+01
9.431466e+01
9.441841e+01
9.452198e+01
9.462558e+01
9.472919e+01
9.483295e+01
9.493655e+01
9.504019e+01
9.514390e+01
9.524752e+01
9.535128e+01
9.545491e+01
9.555862e+01
9.566285e+01
9.576610e+01
9.586974e+01
9.597358e+01
9.607732e+01
9.618121e+01
9.628493e+01
9.638867e+01
9.649241e+01
9.659603e+01
9.669977e+01
9.680351e+01
9.690724e+01
9.701086e+01
9.711460e+01
9.721834e+01
9.732196e+01
9.742570e+01
9.752932e+01
9.763360e+01
9.773676e+01
9.784031e+01
9.794391e+01
9.804767e+01
9.815136e+01
9.825487e+01
9.835861e+01
9.846223e+01
9.856588e+01
9.866952e+01
9.877322e+01
9.887688e+01
9.898056e+01
9.908417e+01
9.918797e+01
9.929201e+01
9.939539e+01
9.949902e+01
9.960303e+01
9.970655e+01
9.981025e+01
9.991402e+01
1.000177e+02
1.001215e+02
1.002252e+02
1.003290e+02
1.004327e+02
1.005364e+02
1.006402e+02
1.007439e+02
1.008475e+02
1.009513e+02
1.010551e+02
1.011586e+02
1.012622e+02
1.013660e+02
1.014697e+02
1.015734e+02
1.016772e+02
1.017808e+02
1.018845e+02
1.019883e+02
1.020920e+02
1.021956e+02
1.022994e+02
1.024030e+02
1.025068e+02
1.026104e+02
1.027140e+02
1.028177e+02
1.029213e+02
1.030249e+02
1.031287e+02
1.032324e+02
1.033360e+02
1.034398e+02
1.035435e+02
1.036473e+02
1.037510e+02
1.038548e+02
1.039585e+02
1.040624e+02
1.041661e+02
1.042698e+02
1.043736e+02
1.044773e+02
1.045810e+02
1.046848e+02
1.047885e+02
1.048923e+02
1.049959e+02
1.050996e+02
1.052034e+02
1.053070e+02
1.054107e+02
1.055145e+02
1.056182e+02
1.057218e+02
1.058256e+02
1.059293e+02
1.060330e+02
1.061366e+02
1.062404e+02
1.063440e+02
1.064478e+02
1.065515e+02
1.066552e+02
1.067588e+02
1.068626e+02
1.069663e+02
1.070699e+02
1.071737e+02
1.072774e+02
1.073812e+02
1.074849e+02
1.075885e+02
1.076923e+02
1.077960e+02
1.078996e+02
1.080034e+02
1.081071e+02
1.082110e+02
1.083147e+02
1.084184e+02
1.085222e+02
1.086259e+02
1.087298e+02
1.088341e+02
1.089374e+02
1.090415e+02
1.091450e+02
1.092487e+02
1.093529e+02
1.094562e+02
1.095600e+02
1.096639e+02
1.097675e+02
1.098712e+02
1.099752e+02
1.100787e+02
1.101824e+02
1.102860e+02
1.103897e+02
1.104933e+02
1.105970e+02
1.107008e+02
1.108046e+02
1.109084e+02
1.110122e+02
1.111161e+02
1.112198e+02
1.113235e+02
1.114274e+02
1.115312e+02
1.116349e+02
1.117386e+02
1.118424e+02
1.119461e+02
1.120499e+02
1.121535e+02
1.122572e+02
1.123610e+02
1.124646e+02
1.125683e+02
1.126721e+02
1.127758e+02
1.128794e+02
1.129832e+02
1.130868e+02
1.131905e+02
1.132942e+02
1.133979e+02
1.135016e+02
1.136053e+02
1.137091e+02
1.138128e+02
1.139164e+02
1.140202e+02
1.141239e+02
1.142273e+02
1.143309e+02
1.144344e+02
1.145381e+02
1.146418e+02
1.147455e+02
1.148493e+02
1.149528e+02
1.150565e+02
1.151602e+02
1.152640e+02
1.153677e+02
1.154713e+02
1.155750e+02
1.156788e+02
1.157825e+02
1.158861e+02
1.159899e+02
1.160935e+02
1.161972e+02
1.163008e+02
1.164046e+02
1.165084e+02
1.166119e+02
1.167157e+02
1.168194e+02
1.169230e+02
1.170268e+02
1.171304e+02
1.172340e+02
1.173378e+02
1.174414e+02
1.175450e+02
1.176487e+02
1.177523e+02
1.178561e+02
1.179597e+02
1.180634e+02
1.181671e+02
1.182708e+02
1.183744e+02
1.184782e+02
1.185819e+02
1.186856e+02
1.187893e+02
1.188930e+02
1.189967e+02
1.191004e+02
1.192041e+02
1.193081e+02
1.194122e+02
1.195156e+02
1.196195e+02
1.197232e+02
1.198269e+02
1.199308e+02
1.200344e+02
1.201381e+02
1.202419e+02
1.203457e+02
1.204495e+02
1.205532e+02
1.206568e+02
1.207606e+02
1.208642e+02
1.209679e+02
1.210716e+02
1.211753e+02
1.212789e+02
1.213826e+02
1.214864e+02
1.215900e+02
1.216937e+02
1.217973e+02
1.219011e+02
1.220047e+02
1.221084e+02
1.222122e+02
1.223158e+02
1.224196e+02
1.225233e+02
1.226270e+02
1.227308e+02
1.228345e+02
1.229382e+02
1.230420e+02
1.231457e+02
1.232494e+02
1.233531e+02
1.234567e+02
1.235604e+02
1.236640e+02
1.237678e+02
1.238715e+02
1.239753e+02
1.240789e+02
1.241826e+02
1.242864e+02
1.243900e+02
1.244937e+02
1.245975e+02
1.247012e+02
1.248052e+02
1.249084e+02
1.250122e+02
1.251158e+02
1.252196e+02
1.253231e+02
1.254267e+02
1.255302e+02
1.256338e+02
1.257375e+02
1.258412e+02
1.259447e+02
1.260482e+02
1.261519e+02
1.262554e+02
1.263592e+02
1.264627e+02
1.265663e+02
1.266700e+02
1.267738e+02
1.268774e+02
1.269811e+02
1.270848e+02
1.271885e+02
1.272921e+02
1.273958e+02
1.274996e+02
1.276033e+02
1.277070e+02
1.278107e+02
1.279143e+02
1.280181e+02
1.281217e+02
1.282257e+02
1.283291e+02
1.284333e+02
1.285366e+02
1.286406e+02
1.287440e+02
1.288477e+02
1.289513e+02
1.290551e+02
1.291588e+02
1.292626e+02
1.293664e+02
1.294701e+02
1.295738e+02
1.296775e+02
1.297811e+02
1.298849e+02
1.299886e+02
1.300924e+02
1.301961e+02
1.302997e+02
1.304034e+02
1.305072e+02
1.306108e+02
1.307145e+02
1.308183e+02
1.309219e+02
1.310255e+02
1.311292e+02
1.312329e+02
1.313366e+02
1.314404e+02
1.315441e+02
1.316478e+02
1.317517e+02
1.318554e+02
1.319592e+02
1.320629e+02
1.321666e+02
1.322703e+02
1.323741e+02
1.324777e+02
1.325814e+02
1.326851e+02
1.327888e+02
1.328926e+02
1.329963e+02
1.331001e+02
1.332037e+02
1.333074e+02
1.334110e+02
1.335148e+02
1.336185e+02
1.337222e+02
1.338259e+02
1.339295e+02
1.340331e+02
1.341369e+02
1.342404e+02
1.343442e+02
1.344480e+02
1.345516e+02
1.346553e+02
1.347590e+02
1.348626e+02
1.349663e+02
1.350701e+02
1.351737e+02
1.352774e+02
1.353811e+02
1.354847e+02
1.355885e+02
1.356922e+02
1.357958e+02
1.358996e+02
1.360033e+02
1.361071e+02
1.362108e+02
1.363145e+02
1.364183e+02
1.365219e+02
1.366256e+02
1.367293e+02
1.368331e+02
1.369369e+02
1.370406e+02
1.371442e+02
1.372479e+02
1.373517e+02
1.374554e+02
1.375592e+02
1.376629e+02
1.377665e+02
1.378703e+02
1.379741e+02
1.380779e+02
1.381817e+02
1.382855e+02
1.383892e+02
1.384929e+02
1.385967e+02
1.387003e+02
1.388040e+02
1.389078e+02
1.390114e+02
1.391151e+02
1.392189e+02
1.393226e+02
1.394263e+02
1.395301e+02
1.396338e+02
1.397376e+02
1.398414e+02
1.399452e+02
1.400489e+02
1.401527e+02
1.402565e+02
1.403603e+02
1.404640e+02
1.405677e+02
1.406714e+02
1.407751e+02
1.408788e+02
1.409826e+02
1.410863e+02
1.411899e+02
1.412937e+02
1.413974e+02
1.415012e+02
1.416048e+02
1.417085e+02
1.418123e+02
1.419160e+02
1.420197e+02
1.421234e+02
1.422271e+02
1.423307e+02
1.424343e+02
1.425381e+02
1.426418e+02
1.427454e+02
1.428492e+02
1.429528e+02
1.430565e+02
1.431601e+02
1.432639e+02
1.433675e+02
1.434711e+02
1.435747e+02
1.436785e+02
1.437822e+02
1.438859e+02
1.439897e+02
1.440935e+02
1.441972e+02
1.443009e+02
1.444048e+02
1.445086e+02
1.446123e+02
1.447161e+02
1.448199e+02
1.449236e+02
1.450273e+02
1.451311e+02
1.452349e+02
1.453386e+02
1.454423e+02
1.455460e+02
1.456498e+02
1.457535e+02
1.458573e+02
1.459610e+02
1.460647e+02
1.461684e+02
1.462721e+02
1.463758e+02
1.464795e+02
1.465832e+02
1.466869e+02
1.467907e+02
1.468944e+02
1.469982e+02
1.471019e+02
1.472056e+02
1.473094e+02
1.474131e+02
1.475170e+02
1.476207e+02
1.477245e+02
1.478282e+02
1.479319e+02
1.480357e+02
1.481394e+02
1.482430e+02
1.483468e+02
1.484505e+02
1.485543e+02
1.486580e+02
1.487616e+02
1.488654e+02
1.489690e+02
1.490726e+02
1.491765e+02
1.492801e+02
1.493838e+02
1.494874e+02
1.495912e+02
1.496949e+02
1.497985e+02
1.499023e+02
1.500060e+02
1.501096e+02
1.502135e+02
1.503172e+02
1.504209e+02
1.505247e+02
1.506283e+02
1.507320e+02
1.508357e+02
1.509394e+02
1.510432e+02
1.511469e+02
1.512506e+02
1.513543e+02
1.514580e+02
1.515618e+02
1.516656e+02
1.517693e+02
1.518731e+02
1.519770e+02
1.520807e+02
1.521845e+02
1.522882e+02
1.523919e+02
1.524955e+02
1.525993e+02
1.527029e+02
1.528066e+02
1.529104e+02
1.530141e+02
1.531179e+02
1.532216e+02
1.533252e+02
1.534289e+02
1.535327e+02
1.536364e+02
1.537404e+02
1.538440e+02
1.539475e+02
1.540511e+02
1.541554e+02
1.542584e+02
1.543620e+02
1.544657e+02
1.545692e+02
1.546735e+02
1.547764e+02
1.548801e+02
1.549837e+02
1.550873e+02
1.551910e+02
1.552945e+02
1.553984e+02
1.555017e+02
1.556061e+02
1.557092e+02
1.558127e+02
1.559165e+02
1.560202e+02
1.561240e+02
1.562276e+02
1.563313e+02
1.564350e+02
1.565388e+02
1.566425e+02
1.567461e+02
1.568499e+02
1.569536e+02
1.570574e+02
1.571611e+02
1.572648e+02
1.573686e+02
1.574722e+02
1.575761e+02
1.576797e+02
1.577835e+02
1.578872e+02
1.579908e+02
1.580945e+02
1.581983e+02
1.583020e+02
1.584056e+02
1.585094e+02
1.586131e+02
1.587168e+02
1.588207e+02
1.589243e+02
1.590285e+02
1.591318e+02
1.592357e+02
1.593393e+02
1.594431e+02
1.595467e+02
1.596508e+02
1.597542e+02
1.598580e+02
1.599618e+02
1.600659e+02
1.601692e+02
1.602728e+02
1.603766e+02
1.604803e+02
1.605840e+02
1.606878e+02
1.607916e+02
1.608954e+02
1.609991e+02
1.611027e+02
1.612064e+02
1.613102e+02
1.614138e+02
1.615176e+02
1.616213e+02
1.617250e+02
1.618287e+02
1.619323e+02
1.620360e+02
1.621398e+02
1.622435e+02
1.623472e+02
1.624511e+02
1.625549e+02
1.626587e+02
1.627626e+02
1.628665e+02
1.629705e+02
1.630743e+02
1.631783e+02
1.632823e+02
1.633863e+02
1.634903e+02
1.635943e+02
1.636983e+02
1.638023e+02
1.639063e+02
1.640104e+02
1.641143e+02
1.642183e+02
1.643223e+02
1.644262e+02
1.645301e+02
1.646341e+02
1.647379e+02
1.648418e+02
1.649457e+02
1.650494e+02
1.651532e+02
1.652571e+02
1.653608e+02
1.654644e+02
1.655681e+02
1.656718e+02
1.657754e+02
1.658792e+02
1.659829e+02
1.660863e+02
1.661898e+02
1.662934e+02
1.663969e+02
1.665004e+02
1.666040e+02
1.667076e+02
1.668112e+02
1.669147e+02
1.670183e+02
1.671218e+02
1.672254e+02
1.673292e+02
1.674328e+02
1.675364e+02
1.676401e+02
1.677439e+02
1.678476e+02
1.679513e+02
1.680550e+02
1.681587e+02
1.682625e+02
1.683663e+02
1.684701e+02
1.685738e+02
1.686775e+02
1.687813e+02
1.688851e+02
1.689889e+02
1.690927e+02
1.691965e+02
1.693002e+02
1.694040e+02
1.695077e+02
1.696115e+02
1.697152e+02
1.698189e+02
1.699227e+02
1.700264e+02
1.701300e+02
1.702337e+02
1.703374e+02
1.704410e+02
1.705446e+02
1.706482e+02
1.707519e+02
1.708555e+02
1.709592e+02
1.710628e+02
1.711666e+02
1.712702e+02
1.713739e+02
1.714777e+02
1.715813e+02
1.716850e+02
1.717886e+02
1.718924e+02
1.719960e+02
1.720997e+02
1.722035e+02
1.723071e+02
1.724108e+02
1.725146e+02
1.726183e+02
1.727220e+02
1.728257e+02
1.729294e+02
1.730330e+02
1.731368e+02
1.732404e+02
1.733440e+02
1.734477e+02
1.735514e+02
1.736550e+02
1.737586e+02
1.738622e+02
1.739658e+02
1.740696e+02
1.741732e+02
1.742769e+02
1.743805e+02
1.744842e+02
1.745881e+02
1.746915e+02
1.747951e+02
1.748987e+02
1.750024e+02
1.751060e+02
1.752097e+02
1.753133e+02
1.754170e+02
1.755206e+02
1.756246e+02
1.757280e+02
1.758318e+02
1.759355e+02
1.760392e+02
1.761430e+02
1.762467e+02
1.763507e+02
1.764542e+02
1.765581e+02
1.766618e+02
1.767656e+02
1.768694e+02
1.769733e+02
1.770770e+02
1.771808e+02
1.772846e+02
1.773884e+02
1.774922e+02
1.775961e+02
1.777000e+02
1.778039e+02
1.779077e+02
1.780116e+02
1.781155e+02
1.782193e+02
1.783233e+02
1.784271e+02
1.785309e+02
1.786346e+02
1.787384e+02
1.788421e+02
1.789459e+02
1.790496e+02
1.791534e+02
1.792571e+02
1.793608e+02
1.794644e+02
1.795682e+02
1.796720e+02
1.797758e+02
1.798794e+02
1.799832e+02
1.800871e+02
1.801905e+02
1.802942e+02
1.803979e+02
1.805018e+02
1.806054e+02
1.807089e+02
1.808126e+02
1.809162e+02
1.810198e+02
1.811236e+02
1.812273e+02
1.813310e+02
1.814346e+02
1.815384e+02
1.816421e+02
1.817458e+02
1.818496e+02
1.819532e+02
1.820569e+02
1.821607e+02
1.822644e+02
1.823682e+02
1.824719e+02
1.825755e+02
1.826793e+02
1.827830e+02
1.828866e+02
1.829904e+02
1.830941e+02
1.831977e+02
1.833015e+02
1.834052e+02
1.835088e+02
1.836125e+02
1.837162e+02
1.838199e+02
1.839237e+02
1.840274e+02
1.841310e+02
1.842350e+02
1.843385e+02
1.844422e+02
1.845459e+02
1.846496e+02
1.847534e+02
1.848571e+02
1.849608e+02
1.850645e+02
1.851682e+02
1.852719e+02
1.853756e+02
1.854794e+02
1.855831e+02
1.856869e+02
1.857905e+02
1.858942e+02
1.859980e+02
1.861017e+02
1.862054e+02
1.863091e+02
1.864128e+02
1.865164e+02
1.866202e+02
1.867238e+02
1.868275e+02
1.869311e+02
1.870349e+02
1.871385e+02
1.872421e+02
1.873457e+02
1.874495e+02
1.875531e+02
1.876567e+02
1.877605e+02
1.878642e+02
1.879678e+02
1.880715e+02
1.881753e+02
1.882790e+02
1.883826e+02
1.884864e+02
1.885901e+02
1.886938e+02
1.887976e+02
1.889012e+02
1.890049e+02
1.891086e+02
1.892126e+02
1.893161e+02
1.894197e+02
1.895234e+02
1.896270e+02
1.897309e+02
1.898345e+02
1.899382e+02
1.900420e+02
1.901456e+02
1.902493e+02
1.903531e+02
1.904568e+02
1.905605e+02
1.906643e+02
1.907680e+02
1.908716e+02
1.909754e+02
1.910790e+02
1.911827e+02
1.912864e+02
1.913901e+02
1.914937e+02
1.915974e+02
1.917012e+02
1.918049e+02
1.919086e+02
1.920123e+02
1.921160e+02
1.922197e+02
1.923234e+02
1.924270e+02
1.925307e+02
1.926344e+02
1.927381e+02
1.928418e+02
1.929454e+02
1.930492e+02
1.931530e+02
1.932567e+02
1.933604e+02
1.934640e+02
1.935678e+02
1.936715e+02
1.937752e+02
1.938789e+02
1.939827e+02
1.940864e+02
1.941900e+02
1.942937e+02
1.943974e+02
1.945011e+02
1.946049e+02
1.947086e+02
1.948123e+02
1.949159e+02
1.950195e+02
1.951233e+02
1.952269e+02
1.953306e+02
1.954342e+02
1.955379e+02
1.956416e+02
1.957453e+02
1.958489e+02
1.959527e+02
1.960563e+02
1.961600e+02
1.962636e+02
1.963673e+02
1.964710e+02
1.965746e+02
1.966784e+02
1.967821e+02
1.968857e+02
1.969895e+02
1.970932e+02
1.971969e+02
1.973006e+02
1.974043e+02
1.975079e+02
1.976117e+02
1.977153e+02
1.978189e+02
1.979226e+02
1.980262e+02
1.981300e+02
1.982337e+02
1.983374e+02
1.984411e+02
1.985448e+02
1.986485e+02
1.987522e+02
1.988559e+02
1.989597e+02
1.990633e+02
1.991670e+02
1.992706e+02
1.993742e+02
1.994780e+02
1.995816e+02
1.996852e+02
1.997889e+02
1.998927e+02
1.999964e+02
2.001002e+02
2.002039e+02
2.003077e+02
2.004114e+02
2.005150e+02
2.006187e+02
2.007225e+02
2.008262e+02
2.009299e+02
2.010336e+02
2.011373e+02
2.012410e+02
2.013449e+02
2.014483e+02
2.015519e+02
2.016557e+02
2.017593e+02
2.018630e+02
2.019667e+02
2.020705e+02
2.021741e+02
2.022779e+02
2.023816e+02
2.024852e+02
2.025890e+02
2.026926e+02
2.027963e+02
2.029000e+02
2.030036e+02
2.031074e+02
2.032111e+02
2.033147e+02
2.034184e+02
2.035221e+02
2.036257e+02
2.037294e+02
2.038329e+02
2.039367e+02
2.040403e+02
2.041439e+02
2.042477e+02
2.043513e+02
2.044551e+02
2.045586e+02
2.046623e+02
2.047660e+02
2.048697e+02
2.049735e+02
2.050768e+02
2.051806e+02
2.052842e+02
2.053879e+02
2.054915e+02
2.055952e+02
2.056988e+02
2.058025e+02
2.059061e+02
2.060099e+02
2.061136e+02
2.062173e+02
2.063210e+02
2.064246e+02
2.065283e+02
2.066319e+02
2.067357e+02
2.068394e+02
2.069430e+02
2.070468e+02
2.071504e+02
2.072541e+02
2.073579e+02
2.074616e+02
2.075652e+02
2.076690e+02
2.077726e+02
2.078763e+02
2.079799e+02
2.080837e+02
2.081873e+02
2.082911e+02
2.083948e+02
2.084985e+02
2.086023e+02
2.087060e+02
2.088097e+02
2.089135e+02
2.090171e+02
2.091208e+02
2.092246e+02
2.093283e+02
2.094321e+02
2.095357e+02
2.096394e+02
2.097432e+02
2.098468e+02
2.099505e+02
2.100542e+02
2.101580e+02
2.102618e+02
2.103654e+02
2.104691e+02
2.105728e+02
2.106767e+02
2.107805e+02
2.108842e+02
2.109879e+02
2.110917e+02
2.111954e+02
2.112992e+02
2.114029e+02
2.115066e+02
2.116103e+02
2.117140e+02
2.118176e+02
2.119213e+02
2.120250e+02
2.121286e+02
2.122323e+02
2.123361e+02
2.124397e+02
2.125433e+02
2.126471e+02
2.127506e+02
2.128544e+02
2.129580e+02
2.130616e+02
2.131654e+02
2.132690e+02
2.133727e+02
2.134763e+02
2.135801e+02
2.136838e+02
2.137875e+02
2.138913e+02
2.139950e+02
2.140988e+02
2.142025e+02
2.143062e+02
2.144100e+02
2.145136e+02
2.146174e+02
2.147211e+02
2.148248e+02
2.149286e+02
2.150322e+02
2.151359e+02
2.152397e+02
2.153434e+02
2.154470e+02
2.155507e+02
2.156545e+02
2.157582e+02
2.158620e+02
2.159657e+02
2.160695e+02
2.161731e+02
2.162768e+02
2.163806e+02
2.164843e+02
2.165879e+02
2.166916e+02
2.167954e+02
2.168991e+02
2.170029e+02
2.171066e+02
2.172104e+02
2.173141e+02
2.174177e+02
2.175215e+02
2.176252e+02
2.177289e+02
2.178327e+02
2.179364e+02
2.180401e+02
2.181438e+02
2.182474e+02
2.183511e+02
2.184547e+02
2.185583e+02
2.186620e+02
2.187656e+02
2.188691e+02
2.189727e+02
2.190762e+02
2.191797e+02
2.192832e+02
2.193867e+02
2.194903e+02
2.195938e+02
2.196974e+02
2.198009e+02
2.199045e+02
2.200081e+02
2.201118e+02
2.202153e+02
2.203189e+02
2.204227e+02
2.205262e+02
2.206299e+02
2.207335e+02
2.208372e+02
2.209410e+02
2.210447e+02
2.211486e+02
2.212524e+02
2.213563e+02
2.214602e+02
2.215642e+02
2.216682e+02
2.217722e+02
2.218763e+02
2.219805e+02
2.220847e+02
2.221889e+02
2.222931e+02
2.223972e+02
2.225015e+02
2.226056e+02
2.227096e+02
2.228136e+02
2.229176e+02
2.230214e+02
2.231253e+02
2.232292e+02
2.233329e+02
2.234367e+02
2.235404e+02
2.236441e+02
2.237479e+02
2.238516e+02
2.239554e+02
2.240591e+02
2.241630e+02
2.242666e+02
2.243703e+02
2.244741e+02
2.245777e+02
2.246814e+02
2.247852e+02
2.248888e+02
2.249925e+02
2.250963e+02
2.251999e+02
2.253036e+02
2.254073e+02
2.255111e+02
2.256148e+02
2.257186e+02
2.258224e+02
2.259264e+02
2.260302e+02
2.261339e+02
2.262374e+02
2.263412e+02
2.264448e+02
2.265486e+02
2.266522e+02
2.267560e+02
2.268597e+02
2.269633e+02
2.270671e+02
2.271708e+02
2.272744e+02
2.273782e+02
2.274818e+02
2.275854e+02
2.276890e+02
2.277928e+02
2.278964e+02
2.280000e+02
2.281037e+02
2.282075e+02
2.283111e+02
2.284148e+02
2.285184e+02
2.286222e+02
2.287259e+02
2.288295e+02
2.289333e+02
2.290370e+02
2.291406e+02
2.292444e+02
2.293480e+02
2.294517e+02
2.295555e+02
2.296592e+02
2.297629e+02
2.298666e+02
2.299703e+02
2.300740e+02
2.301778e+02
2.302814e+02
2.303852e+02
2.304889e+02
2.305926e+02
2.306963e+02
2.308000e+02
2.309037e+02
2.310075e+02
2.311112e+02
2.312149e+02
2.313186e+02
2.314223e+02
2.315259e+02
2.316297e+02
2.317333e+02
2.318370e+02
2.319406e+02
2.320444e+02
2.321480e+02
2.322517e+02
2.323555e+02
2.324591e+02
2.325628e+02
2.326664e+02
2.327702e+02
2.328739e+02
2.329775e+02
2.330813e+02
2.331850e+02
2.332886e+02
2.333924e+02
2.334960e+02
2.335996e+02
2.337033e+02
2.338072e+02
2.339108e+02
2.340151e+02
2.341180e+02
2.342216e+02
2.343254e+02
2.344290e+02
2.345325e+02
2.346362e+02
2.347399e+02
2.348437e+02
2.349473e+02
2.350510e+02
2.351546e+02
2.352584e+02
2.353621e+02
2.354659e+02
2.355697e+02
2.356736e+02
2.357774e+02
2.358812e+02
2.359849e+02
2.360886e+02
2.361924e+02
2.362960e+02
2.363997e+02
2.365033e+02
2.366071e+02
2.367109e+02
2.368144e+02
2.369182e+02
2.370219e+02
2.371255e+02
2.372291e+02
2.373329e+02
2.374365e+02
2.375402e+02
2.376440e+02
2.377477e+02
2.378515e+02
2.379552e+02
2.380589e+02
2.381626e+02
2.382665e+02
2.383700e+02
2.384738e+02
2.385774e+02
2.386811e+02
2.387849e+02
2.388885e+02
2.389922e+02
2.390960e+02
2.391997e+02
2.393035e+02
2.394071e+02
2.395108e+02
2.396145e+02
2.397183e+02
2.398220e+02
2.399257e+02
2.400294e+02
2.401331e+02
2.402367e+02
2.403405e+02
2.404441e+02
2.405478e+02
2.406516e+02
2.407553e+02
2.408591e+02
2.409628e+02
2.410666e+02
2.411703e+02
2.412740e+02
2.413778e+02
2.414814e+02
2.415851e+02
2.416889e+02
2.417926e+02
2.418964e+02
2.420001e+02
2.421038e+02
2.422076e+02
2.423112e+02
2.424149e+02
2.425185e+02
2.426221e+02
2.427258e+02
2.428294e+02
2.429330e+02
2.430367e+02
2.431403e+02
2.432441e+02
2.433477e+02
2.434513e+02
2.435551e+02
2.436587e+02
2.437624e+02
2.438662e+02
2.439699e+02
2.440737e+02
2.441775e+02
2.442812e+02
2.443850e+02
2.444887e+02
2.445923e+02
2.446961e+02
2.447998e+02
2.449034e+02
2.450073e+02
2.451110e+02
2.452149e+02
2.453184e+02
2.454221e+02
2.455259e+02
2.456296e+02
2.457332e+02
2.458370e+02
2.459407e+02
2.460445e+02
2.461482e+02
2.462519e+02
2.463555e+02
2.464593e+02
2.465632e+02
2.466670e+02
2.467708e+02
2.468745e+02
2.469783e+02
2.470821e+02
2.471858e+02
2.472896e+02
2.473933e+02
2.474969e+02
2.476007e+02
2.477043e+02
2.478080e+02
2.479116e+02
2.480153e+02
2.481190e+02
2.482228e+02
2.483264e+02
2.484301e+02
2.485339e+02
2.486376e+02
2.487415e+02
2.488452e+02
2.489487e+02
2.490523e+02
2.491560e+02
2.492597e+02
2.493633e+02
2.494670e+02
2.495708e+02
2.496745e+02
2.497782e+02
2.498820e+02
2.499857e+02
2.500894e+02
2.501932e+02
2.502969e+02
2.504007e+02
2.505044e+02
2.506080e+02
2.507119e+02
2.508156e+02
2.509194e+02
2.510231e+02
2.511268e+02
2.512306e+02
2.513343e+02
2.514382e+02
2.515419e+02
2.516457e+02
2.517494e+02
2.518530e+02
2.519568e+02
2.520605e+02
2.521643e+02
2.522680e+02
2.523717e+02
2.524754e+02
2.525791e+02
2.526829e+02
2.527866e+02
2.528903e+02
2.529941e+02
2.530977e+02
2.532014e+02
2.533050e+02
2.534086e+02
2.535123e+02
2.536160e+02
2.537196e+02
2.538234e+02
2.539270e+02
2.540306e+02
2.541343e+02
2.542381e+02
2.543417e+02
2.544455e+02
2.545491e+02
2.546528e+02
2.547564e+02
2.548601e+02
2.549638e+02
2.550675e+02
2.551712e+02
2.552750e+02
2.553786e+02
2.554823e+02
2.555861e+02
2.556897e+02
2.557934e+02
2.558970e+02
2.560008e+02
2.561045e+02
2.562083e+02
2.563120e+02
2.564156e+02
2.565194e+02
2.566231e+02
2.567268e+02
2.568306e+02
2.569343e+02
2.570381e+02
2.571418e+02
2.572456e+02
2.573493e+02
2.574530e+02
2.575569e+02
2.576605e+02
2.577643e+02
2.578681e+02
2.579718e+02
2.580755e+02
2.581792e+02
2.582829e+02
2.583868e+02
2.584904e+02
2.585942e+02
2.586979e+02
2.588018e+02
2.589055e+02
2.590092e+02
2.591129e+02
2.592166e+02
2.593205e+02
2.594240e+02
2.595277e+02
2.596315e+02
2.597351e+02
2.598388e+02
2.599426e+02
2.600463e+02
2.601500e+02
2.602538e+02
2.603575e+02
2.604612e+02
2.605650e+02
2.606687e+02
2.607723e+02
2.608761e+02
2.609798e+02
2.610834e+02
2.611872e+02
2.612909e+02
2.613946e+02
2.614983e+02
2.616021e+02
2.617058e+02
2.618095e+02
2.619131e+02
2.620167e+02
2.621205e+02
2.622241e+02
2.623278e+02
2.624314e+02
2.625351e+02
2.626388e+02
2.627425e+02
2.628460e+02
2.629497e+02
2.630533e+02
2.631570e+02
2.632606e+02
2.633643e+02
2.634680e+02
2.635716e+02
2.636753e+02
2.637791e+02
2.638828e+02
2.639867e+02
2.640905e+02
2.641945e+02
2.642980e+02
2.644019e+02
2.645058e+02
2.646098e+02
2.647137e+02
2.648176e+02
2.649216e+02
2.650257e+02
2.651298e+02
2.652339e+02
2.653373e+02
2.654411e+02
2.655449e+02
2.656487e+02
2.657524e+02
2.658563e+02
2.659600e+02
2.660638e+02
2.661676e+02
2.662714e+02
2.663751e+02
2.664788e+02
2.665826e+02
2.666863e+02
2.667901e+02
2.668937e+02
2.669974e+02
2.671012e+02
2.672050e+02
2.673085e+02
2.674122e+02
2.675159e+02
2.676196e+02
2.677232e+02
2.678270e+02
2.679307e+02
2.680344e+02
2.681383e+02
2.682420e+02
2.683456e+02
2.684493e+02
2.685530e+02
2.686566e+02
2.687605e+02
2.688641e+02
2.689677e+02
2.690715e+02
2.691751e+02
2.692788e+02
2.693824e+02
2.694862e+02
2.695899e+02
2.696936e+02
2.697973e+02
2.699009e+02
2.700046e+02
2.701084e+02
2.702121e+02
2.703158e+02
2.704196e+02
2.705234e+02
2.706271e+02
2.707307e+02
2.708344e+02
2.709382e+02
2.710418e+02
2.711455e+02
2.712494e+02
2.713531e+02
2.714569e+02
2.715606e+02
2.716643e+02
2.717681e+02
2.718719e+02
2.719756e+02
2.720794e+02
2.721832e+02
2.722868e+02
2.723904e+02
2.724941e+02
2.725978e+02
2.727014e+02
2.728051e+02
2.729087e+02
2.730124e+02
2.731162e+02
2.732198e+02
2.733237e+02
2.734273e+02
2.735312e+02
2.736349e+02
2.737387e+02
2.738424e+02
2.739460e+02
2.740497e+02
2.741535e+02
2.742571e+02
2.743609e+02
2.744645e+02
2.745682e+02
2.746718e+02
2.747756e+02
2.748794e+02
2.749831e+02
2.750867e+02
2.751903e+02
2.752940e+02
2.753978e+02
2.755016e+02
2.756052e+02
2.757090e+02
2.758127e+02
2.759165e+02
2.760203e+02
2.761241e+02
2.762280e+02
2.763319e+02
2.764357e+02
2.765395e+02
2.766435e+02
2.767475e+02
2.768516e+02
2.769556e+02
2.770597e+02
2.771637e+02
2.772678e+02
2.773719e+02
2.774758e+02
2.775799e+02
2.776838e+02
2.777878e+02
2.778917e+02
2.779955e+02
2.780994e+02
2.782033e+02
2.783071e+02
2.784107e+02
2.785145e+02
2.786182e+02
2.787218e+02
2.788257e+02
2.789291e+02
2.790326e+02
2.791364e+02
2.792400e+02
2.793436e+02
2.794470e+02
2.795504e+02
2.796538e+02
2.797572e+02
2.798605e+02
2.799638e+02
2.800673e+02
2.801708e+02
2.802744e+02
2.803782e+02
2.804816e+02
2.805853e+02
2.806890e+02
2.807925e+02
2.808963e+02
2.809999e+02
2.811036e+02
2.812074e+02
2.813111e+02
2.814148e+02
2.815186e+02
2.816222e+02
2.817259e+02
2.818297e+02
2.819337e+02
2.820372e+02
2.821409e+02
2.822446e+02
2.823484e+02
2.824521e+02
2.825559e+02
2.826596e+02
2.827632e+02
2.828669e+02
2.829709e+02
2.830743e+02
2.831782e+02
2.832819e+02
2.833857e+02
2.834894e+02
2.835930e+02
2.836967e+02
2.838005e+02
2.839042e+02
2.840080e+02
2.841119e+02
2.842157e+02
2.843194e+02
2.844229e+02
2.845267e+02
2.846304e+02
2.847342e+02
2.848380e+02
2.849418e+02
2.850455e+02
2.851493e+02
2.852531e+02
2.853568e+02
2.854606e+02
2.855643e+02
2.856682e+02
2.857719e+02
2.858757e+02
2.859794e+02
2.860833e+02
2.861869e+02
2.862906e+02
2.863944e+02
2.864980e+02
2.866017e+02
2.867055e+02
2.868092e+02
2.869130e+02
2.870167e+02
2.871204e+02
2.872242e+02
2.873279e+02
2.874315e+02
2.875353e+02
2.876389e+02
2.877425e+02
2.878461e+02
2.879499e+02
2.880535e+02
2.881572e+02
2.882608e+02
2.883646e+02
2.884684e+02
2.885719e+02
2.886757e+02
2.887794e+02
2.888831e+02
2.889868e+02
2.890906e+02
2.891942e+02
2.892979e+02
2.894018e+02
2.895053e+02
2.896093e+02
2.897129e+02
2.898166e+02
2.899207e+02
2.900240e+02
2.901277e+02
2.902313e+02
2.903349e+02
2.904388e+02
2.905428e+02
2.906461e+02
2.907497e+02
2.908534e+02
2.909571e+02
2.910608e+02
2.911646e+02
2.912682e+02
2.913719e+02
2.914755e+02
2.915792e+02
2.916829e+02
2.917865e+02
2.918903e+02
2.919940e+02
2.920977e+02
2.922013e+02
2.923051e+02
2.924088e+02
2.925124e+02
2.926162e+02
2.927200e+02
2.928235e+02
2.929273e+02
2.930310e+02
2.931347e+02
2.932385e+02
2.933422e+02
2.934460e+02
2.935496e+02
2.936533e+02
2.937571e+02
2.938609e+02
2.939645e+02
2.940683e+02
2.941719e+02
2.942756e+02
2.943793e+02
2.944830e+02
2.945868e+02
2.946904e+02
2.947941e+02
2.948979e+02
2.950016e+02
2.951053e+02
2.952089e+02
2.953127e+02
2.954164e+02
2.955202e+02
2.956239e+02
2.957275e+02
2.958313e+02
2.959350e+02
2.960388e+02
2.961424e+02
2.962461e+02
2.963498e+02
2.964536e+02
2.965573e+02
2.966611e+02
2.967648e+02
2.968686e+02
2.969723e+02
2.970760e+02
2.971796e+02
2.972834e+02
2.973870e+02
2.974907e+02
2.975944e+02
2.976980e+02
2.978016e+02
2.979053e+02
2.980091e+02
2.981127e+02
2.982164e+02
2.983202e+02
2.984239e+02
2.985277e+02
2.986314e+02
2.987351e+02
2.988389e+02
2.989426e+02
2.990464e+02
2.991501e+02
2.992538e+02
2.993576e+02
2.994613e+02
2.995651e+02
2.996688e+02
2.997725e+02
2.998761e+02
2.999799e+02
3.000836e+02
3.001874e+02
3.002911e+02
3.003947e+02
3.004985e+02
3.006022e+02
3.007058e+02
3.008097e+02
3.009133e+02
3.010170e+02
3.011208e+02
3.012244e+02
3.013281e+02
3.014319e+02
3.015356e+02
3.016395e+02
3.017432e+02
3.018470e+02
3.019506e+02
3.020543e+02
3.021581e+02
3.022617e+02
3.023654e+02
3.024690e+02
3.025728e+02
3.026765e+02
3.027802e+02
3.028839e+02
3.029876e+02
3.030912e+02
3.031950e+02
3.032986e+02
3.034023e+02
3.035059e+02
3.036097e+02
3.037134e+02
3.038170e+02
3.039208e+02
3.040245e+02
3.041282e+02
3.042320e+02
3.043356e+02
3.044393e+02
3.045431e+02
3.046471e+02
3.047506e+02
3.048544e+02
3.049580e+02
3.050618e+02
3.051654e+02
3.052691e+02
3.053729e+02
3.054766e+02
3.055804e+02
3.056841e+02
3.057878e+02
3.058916e+02
3.059953e+02
3.060991e+02
3.062028e+02
3.063066e+02
3.064104e+02
3.065143e+02
3.066180e+02
3.067218e+02
3.068255e+02
3.069291e+02
3.070329e+02
3.071365e+02
3.072401e+02
3.073438e+02
3.074474e+02
3.075511e+02
3.076545e+02
3.077582e+02
3.078617e+02
3.079651e+02
3.080685e+02
3.081720e+02
3.082754e+02
3.083787e+02
3.084820e+02
3.085853e+02
3.086887e+02
3.087921e+02
3.088955e+02
3.089989e+02
3.091024e+02
3.092059e+02
3.093095e+02
3.094131e+02
3.095168e+02
3.096204e+02
3.097242e+02
3.098277e+02
3.099315e+02
3.100352e+02
3.101391e+02
3.102429e+02
3.103468e+02
3.104509e+02
3.105549e+02
3.106589e+02
3.107630e+02
3.108673e+02
3.109714e+02
3.110755e+02
3.111796e+02
3.112837e+02
3.113878e+02
3.114918e+02
3.115958e+02
3.116998e+02
3.118037e+02
3.119075e+02
3.120113e+02
3.121150e+02
3.122188e+02
3.123225e+02
3.124263e+02
3.125300e+02
3.126337e+02
3.127375e+02
3.128412e+02
3.129449e+02
3.130487e+02
3.131523e+02
3.132561e+02
3.133598e+02
3.134635e+02
3.135671e+02
3.136709e+02
3.137745e+02
3.138783e+02
3.139819e+02
3.140856e+02
3.141892e+02
3.142928e+02
3.143964e+02
3.145002e+02
3.146039e+02
3.147074e+02
3.148111e+02
3.149148e+02
3.150185e+02
3.151222e+02
3.152259e+02
3.153296e+02
3.154332e+02
3.155370e+02
3.156406e+02
3.157443e+02
3.158479e+02
3.159517e+02
3.160553e+02
3.161590e+02
3.162627e+02
3.163664e+02
3.164700e+02
3.165737e+02
3.166773e+02
3.167811e+02
3.168847e+02
3.169885e+02
3.170922e+02
3.171959e+02
3.172995e+02
3.174033e+02
3.175069e+02
3.176106e+02
3.177143e+02
3.178181e+02
3.179217e+02
3.180253e+02
3.181291e+02
3.182327e+02
3.183364e+02
3.184401e+02
3.185438e+02
3.186474e+02
3.187510e+02
3.188548e+02
3.189584e+02
3.190621e+02
3.191659e+02
3.192695e+02
3.193732e+02
3.194769e+02
3.195806e+02
3.196843e+02
3.197881e+02
3.198918e+02
3.199956e+02
3.200993e+02
3.202030e+02
3.203067e+02
3.204105e+02
3.205141e+02
3.206179e+02
3.207216e+02
3.208252e+02
3.209290e+02
3.210327e+02
3.211363e+02
3.212401e+02
3.213437e+02
3.214474e+02
3.215510e+02
3.216548e+02
3.217584e+02
3.218621e+02
3.219657e+02
3.220695e+02
3.221731e+02
3.222768e+02
3.223805e+02
3.224841e+02
3.225878e+02
3.226915e+02
3.227952e+02
3.228989e+02
3.230026e+02
3.231063e+02
3.232101e+02
3.233139e+02
3.234176e+02
3.235213e+02
3.236251e+02
3.237288e+02
3.238325e+02
3.239362e+02
3.240399e+02
3.241437e+02
3.242474e+02
3.243512e+02
3.244549e+02
3.245586e+02
3.246622e+02
3.247663e+02
3.248697e+02
3.249736e+02
3.250773e+02
3.251813e+02
3.252847e+02
3.253884e+02
3.254920e+02
3.255958e+02
3.256995e+02
3.258031e+02
3.259069e+02
3.260105e+02
3.261141e+02
3.262179e+02
3.263216e+02
3.264253e+02
3.265291e+02
3.266328e+02
3.267365e+02
3.268403e+02
3.269440e+02
3.270476e+02
3.271514e+02
3.272551e+02
3.273588e+02
3.274625e+02
3.275661e+02
3.276698e+02
3.277736e+02
3.278773e+02
3.279810e+02
3.280848e+02
3.281884e+02
3.282922e+02
3.283958e+02
3.284995e+02
3.286032e+02
3.287070e+02
3.288106e+02
3.289144e+02
3.290182e+02
3.291218e+02
3.292255e+02
3.293294e+02
3.294328e+02
3.295368e+02
3.296403e+02
3.297440e+02
3.298477e+02
3.299514e+02
3.300550e+02
3.301590e+02
3.302625e+02
3.303663e+02
3.304701e+02
3.305737e+02
3.306774e+02
3.307812e+02
3.308848e+02
3.309885e+02
3.310920e+02
3.311956e+02
3.312994e+02
3.314030e+02
3.315067e+02
3.316103e+02
3.317141e+02
3.318178e+02
3.319216e+02
3.320252e+02
3.321291e+02
3.322328e+02
3.323365e+02
3.324404e+02
3.325442e+02
3.326478e+02
3.327515e+02
3.328552e+02
3.329589e+02
3.330626e+02
3.331663e+02
3.332699e+02
3.333737e+02
3.334774e+02
3.335811e+02
3.336848e+02
3.337884e+02
3.338921e+02
3.339959e+02
3.340998e+02
3.342031e+02
3.343071e+02
3.344106e+02
3.345142e+02
3.346180e+02
3.347221e+02
3.348253e+02
3.349291e+02
3.350328e+02
3.351364e+02
3.352404e+02
3.353440e+02
3.354478e+02
3.355514e+02
3.356551e+02
3.357589e+02
3.358626e+02
3.359663e+02
3.360701e+02
3.361738e+02
3.362774e+02
3.363813e+02
3.364849e+02
3.365885e+02
3.366921e+02
3.367959e+02
3.368996e+02
3.370034e+02
3.371071e+02
3.372107e+02
3.373145e+02
3.374182e+02
3.375218e+02
3.376255e+02
3.377293e+02
3.378329e+02
3.379367e+02
3.380405e+02
3.381441e+02
3.382479e+02
3.383516e+02
3.384553e+02
3.385590e+02
3.386627e+02
3.387664e+02
3.388701e+02
3.389739e+02
3.390776e+02
3.391813e+02
3.392850e+02
3.393888e+02
3.394925e+02
3.395962e+02
3.397000e+02
3.398039e+02
3.399075e+02
3.400112e+02
3.401148e+02
3.402186e+02
3.403225e+02
3.404258e+02
3.405295e+02
3.406332e+02
3.407369e+02
3.408405e+02
3.409441e+02
3.410479e+02
3.411515e+02
3.412552e+02
3.413588e+02
3.414627e+02
3.415662e+02
3.416698e+02
3.417736e+02
3.418772e+02
3.419809e+02
3.420846e+02
3.421884e+02
3.422921e+02
3.423959e+02
3.424997e+02
3.426035e+02
3.427073e+02
3.428111e+02
3.429147e+02
3.430184e+02
3.431222e+02
3.432259e+02
3.433297e+02
3.434334e+02
3.435372e+02
3.436409e+02
3.437446e+02
3.438483e+02
3.439520e+02
3.440557e+02
3.441595e+02
3.442631e+02
3.443670e+02
3.444707e+02
3.445744e+02
3.446782e+02
3.447819e+02
3.448856e+02
3.449895e+02
3.450931e+02
3.451970e+02
3.453006e+02
3.454044e+02
3.455081e+02
3.456118e+02
3.457156e+02
3.458193e+02
3.459237e+02
3.460268e+02
3.461305e+02
3.462341e+02
3.463379e+02
3.464416e+02
3.465454e+02
3.466490e+02
3.467527e+02
3.468563e+02
3.469601e+02
3.470638e+02
3.471674e+02
3.472712e+02
3.473749e+02
3.474787e+02
3.475824e+02
3.476861e+02
3.477899e+02
3.478935e+02
3.479972e+02
3.481010e+02
3.482047e+02
3.483084e+02
3.484122e+02
3.485159e+02
3.486197e+02
3.487234e+02
3.488271e+02
3.489308e+02
3.490351e+02
3.491383e+02
3.492419e+02
3.493456e+02
3.494492e+02
3.495530e+02
3.496566e+02
3.497603e+02
3.498639e+02
3.499676e+02
3.500713e+02
3.501749e+02
3.502785e+02
3.503823e+02
3.504859e+02
3.505894e+02
3.506930e+02
3.507965e+02
3.509000e+02
3.510034e+02
3.511068e+02
3.512103e+02
3.513137e+02
3.514172e+02
3.515205e+02
3.516239e+02
3.517271e+02
3.518305e+02
3.519339e+02
3.520372e+02
3.521406e+02
3.522441e+02
3.523474e+02
3.524509e+02
3.525544e+02
3.526580e+02
3.527617e+02
3.528654e+02
3.529692e+02
3.530732e+02
3.531770e+02
3.532811e+02
3.533852e+02
3.534893e+02
3.535936e+02
3.536978e+02
3.538019e+02
3.539062e+02
3.540102e+02
3.541142e+02
3.542183e+02
3.543223e+02
3.544263e+02
3.545302e+02
3.546343e+02
3.547382e+02
3.548422e+02
3.549462e+02
3.550501e+02
3.551539e+02
3.552578e+02
3.553617e+02
3.554655e+02
3.555693e+02
3.556730e+02
3.557768e+02
3.558805e+02
3.559843e+02
3.560880e+02
3.561917e+02
3.562953e+02
3.563992e+02
3.565028e+02
3.566066e+02
3.567103e+02
3.568141e+02
3.569176e+02
3.570214e+02
3.571251e+02
3.572287e+02
3.573324e+02
3.574360e+02
3.575397e+02
3.576433e+02
3.577471e+02
3.578507e+02
3.579544e+02
3.580580e+02
3.581618e+02
3.582654e+02
3.583691e+02
3.584728e+02
3.585765e+02
3.586802e+02
3.587839e+02
3.588876e+02
3.589913e+02
3.590951e+02
3.591987e+02
3.593024e+02
3.594062e+02
3.595099e+02
3.596135e+02
3.597173e+02
3.598210e+02
3.599248e+02
3.600284e+02
3.601321e+02
3.602359e+02
3.603395e+02
3.604432e+02
3.605469e+02
3.606506e+02
3.607543e+02
3.608580e+02
3.609618e+02
3.610656e+02
3.611705e+02
3.612729e+02
3.613766e+02
3.614803e+02
3.615840e+02
3.616876e+02
3.617913e+02
3.618951e+02
3.619988e+02
3.621026e+02
3.622063e+02
3.623099e+02
3.624136e+02
3.625174e+02
3.626210e+02
3.627247e+02
3.628284e+02
3.629321e+02
3.630357e+02
3.631394e+02
3.632431e+02
3.633468e+02
3.634504e+02
3.635542e+02
3.636579e+02
3.637617e+02
3.638653e+02
3.639690e+02
3.640727e+02
3.641765e+02
3.642801e+02
3.643837e+02
3.644875e+02
3.645911e+02
3.646947e+02
3.647983e+02
3.649021e+02
3.650057e+02
3.651094e+02
3.652131e+02
3.653169e+02
3.654206e+02
3.655244e+02
3.656281e+02
3.657318e+02
3.658356e+02
3.659392e+02
3.660430e+02
3.661466e+02
3.662503e+02
3.663540e+02
3.664578e+02
3.665614e+02
3.666651e+02
3.667689e+02
3.668726e+02
3.669764e+02
3.670801e+02
3.671838e+02
3.672876e+02
3.673913e+02
3.674951e+02
3.675988e+02
3.677027e+02
3.678064e+02
3.679100e+02
3.680138e+02
3.681179e+02
3.682212e+02
3.683250e+02
3.684287e+02
3.685325e+02
3.686362e+02
3.687399e+02
3.688437e+02
3.689475e+02
3.690510e+02
3.691548e+02
3.692584e+02
3.693624e+02
3.694659e+02
3.695696e+02
3.696734e+02
3.697771e+02
3.698807e+02
3.699845e+02
3.700882e+02
3.701920e+02
3.702957e+02
3.703995e+02
3.705032e+02
3.706069e+02
3.707106e+02
3.708144e+02
3.709181e+02
3.710217e+02
3.711255e+02
3.712292e+02
3.713330e+02
3.714367e+02
3.715404e+02
3.716441e+02
3.717478e+02
3.718515e+02
3.719552e+02
3.720589e+02
3.721626e+02
3.722663e+02
3.723699e+02
3.724736e+02
3.725772e+02
3.726810e+02
3.727846e+02
3.728883e+02
3.729919e+02
3.730957e+02
3.731994e+02
3.733031e+02
3.734069e+02
3.735106e+02
3.736144e+02
3.737181e+02
3.738219e+02
3.739256e+02
3.740294e+02
3.741330e+02
3.742367e+02
3.743403e+02
3.744440e+02
3.745477e+02
3.746513e+02
3.747550e+02
3.748586e+02
3.749624e+02
3.750661e+02
3.751697e+02
3.752735e+02
3.753771e+02
3.754807e+02
3.755843e+02
3.756881e+02
3.757917e+02
3.758953e+02
3.759990e+02
3.761028e+02
3.762064e+02
3.763101e+02
3.764137e+02
3.765175e+02
3.766211e+02
3.767248e+02
3.768285e+02
3.769322e+02
3.770358e+02
3.771395e+02
3.772433e+02
3.773469e+02
3.774507e+02
3.775543e+02
3.776579e+02
3.777616e+02
3.778652e+02
3.779689e+02
3.780725e+02
3.781762e+02
3.782797e+02
3.783834e+02
3.784870e+02
3.785908e+02
3.786944e+02
3.787982e+02
3.789018e+02
3.790054e+02
3.791111e+02
3.792127e+02
3.793165e+02
3.794201e+02
3.795238e+02
3.796274e+02
3.797312e+02
3.798349e+02
3.799387e+02
3.800424e+02
3.801460e+02
3.802498e+02
3.803535e+02
3.804571e+02
3.805609e+02
3.806645e+02
3.807682e+02
3.808719e+02
3.809756e+02
3.810792e+02
3.811829e+02
3.812865e+02
3.813903e+02
3.814939e+02
3.815975e+02
3.817011e+02
3.818049e+02
3.819085e+02
3.820122e+02
3.821158e+02
3.822195e+02
3.823232e+02
3.824268e+02
3.825306e+02
3.826342e+02
3.827379e+02
3.828415e+02
3.829451e+02
3.830489e+02
3.831525e+02
3.832563e+02
3.833598e+02
3.834636e+02
3.835673e+02
3.836709e+02
3.837747e+02
3.838785e+02
3.839821e+02
3.840858e+02
3.841894e+02
3.842930e+02
3.843967e+02
3.845005e+02
3.846041e+02
3.847080e+02
3.848117e+02
3.849155e+02
3.850192e+02
3.851229e+02
3.852267e+02
3.853303e+02
3.854341e+02
3.855378e+02
3.856416e+02
3.857454e+02
3.858490e+02
3.859529e+02
3.860565e+02
3.861603e+02
3.862640e+02
3.863678e+02
3.864716e+02
3.865753e+02
3.866792e+02
3.867829e+02
3.868866e+02
3.869903e+02
3.870940e+02
3.871978e+02
3.873014e+02
3.874053e+02
3.875087e+02
3.876124e+02
3.877160e+02
3.878198e+02
3.879232e+02
3.880269e+02
3.881305e+02
3.882342e+02
3.883379e+02
3.884416e+02
3.885454e+02
3.886490e+02
3.887527e+02
3.888564e+02
3.889600e+02
3.890637e+02
3.891673e+02
3.892711e+02
3.893748e+02
3.894784e+02
3.895822e+02
3.896859e+02
3.897897e+02
3.898934e+02
3.899972e+02
3.901009e+02
3.902045e+02
3.903082e+02
3.904118e+02
3.905157e+02
3.906192e+02
3.907229e+02
3.908266e+02
3.909302e+02
3.910341e+02
3.911375e+02
3.912413e+02
3.913449e+02
3.914487e+02
3.915524e+02
3.916560e+02
3.917597e+02
3.918634e+02
3.919672e+02
3.920708e+02
3.921745e+02
3.922782e+02
3.923819e+02
3.924855e+02
3.925893e+02
3.926929e+02
3.927966e+02
3.929004e+02
3.930041e+02
3.931077e+02
3.932114e+02
3.933151e+02
3.934188e+02
3.935225e+02
3.936263e+02
3.937300e+02
3.938338e+02
3.939375e+02
3.940412e+02
3.941449e+02
3.942486e+02
3.943523e+02
3.944561e+02
3.945597e+02
3.946634e+02
3.947671e+02
3.948707e+02
3.949744e+02
3.950780e+02
3.951818e+02
3.952855e+02
3.953891e+02
3.954929e+02
3.955966e+02
3.957003e+02
3.958040e+02
3.959077e+02
3.960113e+02
3.961151e+02
3.962188e+02
3.963226e+02
3.964266e+02
3.965299e+02
3.966336e+02
3.967374e+02
3.968412e+02
3.969449e+02
3.970486e+02
3.971523e+02
3.972561e+02
3.973598e+02
3.974636e+02
3.975673e+02
3.976709e+02
3.977746e+02
3.978783e+02
3.979820e+02
3.980857e+02
3.981892e+02
3.982930e+02
3.983966e+02
3.985002e+02
3.986038e+02
3.987076e+02
3.988112e+02
3.989148e+02
3.990185e+02
3.991222e+02
3.992297e+02
3.993297e+02
3.994332e+02
3.995369e+02
3.996406e+02
3.997443e+02
3.998480e+02
3.999517e+02
4.000554e+02
4.001592e+02
4.002629e+02
4.003667e+02
4.004705e+02
4.005743e+02
4.006780e+02
4.007818e+02
4.008855e+02
4.009893e+02
4.010930e+02
4.011967e+02
4.013005e+02
4.014042e+02
4.015079e+02
4.016115e+02
4.017153e+02
4.018190e+02
4.019227e+02
4.020264e+02
4.021301e+02
4.022338e+02
4.023375e+02
4.024412e+02
4.025450e+02
4.026487e+02
4.027524e+02
4.028562e+02
4.029599e+02
4.030637e+02
4.031674e+02
4.032710e+02
4.033746e+02
4.034784e+02
4.035820e+02
4.036858e+02
4.037894e+02
4.038931e+02
4.039967e+02
4.041004e+02
4.042041e+02
4.043078e+02
4.044114e+02
4.045152e+02
4.046188e+02
4.047225e+02
4.048263e+02
4.049299e+02
4.050336e+02
4.051375e+02
4.052412e+02
4.053450e+02
4.054487e+02
4.055525e+02
4.056562e+02
4.057599e+02
4.058637e+02
4.059674e+02
4.060712e+02
4.061749e+02
4.062786e+02
4.063824e+02
4.064861e+02
4.065897e+02
4.066935e+02
4.067971e+02
4.069007e+02
4.070044e+02
4.071081e+02
4.072117e+02
4.073155e+02
4.074190e+02
4.075228e+02
4.076265e+02
4.077301e+02
4.078339e+02
4.079376e+02
4.080412e+02
4.081450e+02
4.082487e+02
4.083525e+02
4.084563e+02
4.085600e+02
4.086639e+02
4.087677e+02
4.088714e+02
4.089751e+02
4.090789e+02
4.091837e+02
4.092864e+02
4.093901e+02
4.094937e+02
4.095974e+02
4.097011e+02
4.098048e+02
4.099085e+02
4.100130e+02
4.101158e+02
4.102195e+02
4.103232e+02
4.104269e+02
4.105305e+02
4.106341e+02
4.107377e+02
4.108415e+02
4.109452e+02
4.110489e+02
4.111527e+02
4.112563e+02
4.113600e+02
4.114636e+02
4.115674e+02
4.116711e+02
4.117749e+02
4.118786e+02
4.119823e+02
4.120861e+02
4.121898e+02
4.122936e+02
4.123973e+02
4.125010e+02
4.126049e+02
4.127087e+02
4.128124e+02
4.129161e+02
4.130199e+02
4.131235e+02
4.132272e+02
4.133308e+02
4.134346e+02
4.135383e+02
4.136419e+02
4.137456e+02
4.138492e+02
4.139528e+02
4.140564e+02
4.141601e+02
4.142638e+02
4.143674e+02
4.144710e+02
4.145746e+02
4.146781e+02
4.147817e+02
4.148853e+02
4.149889e+02
4.150926e+02
4.151962e+02
4.152999e+02
4.154035e+02
4.155073e+02
4.156109e+02
4.157146e+02
4.158184e+02
4.159221e+02
4.160260e+02
4.161299e+02
4.162337e+02
4.163377e+02
4.164416e+02
4.165454e+02
4.166493e+02
4.167532e+02
4.168570e+02
4.169609e+02
4.170646e+02
4.171684e+02
4.172721e+02
4.173759e+02
4.174797e+02
4.175835e+02
4.176871e+02
4.177908e+02
4.178944e+02
4.179980e+02
4.181017e+02
4.182053e+02
4.183089e+02
4.184125e+02
4.185161e+02
4.186198e+02
4.187233e+02
4.188270e+02
4.189307e+02
4.190343e+02
4.191381e+02
4.192418e+02
4.193455e+02
4.194493e+02
4.195529e+02
4.196567e+02
4.197604e+02
4.198640e+02
4.199678e+02
4.200715e+02
4.201752e+02
4.202790e+02
4.203827e+02
4.204864e+02
4.205902e+02
4.206939e+02
4.207977e+02
4.209014e+02
4.210051e+02
4.211089e+02
4.212126e+02
4.213164e+02
4.214200e+02
4.215238e+02
4.216273e+02
4.217310e+02
4.218347e+02
4.219383e+02
4.220420e+02
4.221458e+02
4.222494e+02
4.223531e+02
4.224568e+02
4.225605e+02
4.226641e+02
4.227679e+02
4.228715e+02
4.229752e+02
4.230788e+02
4.231826e+02
4.232863e+02
4.233899e+02
4.234937e+02
4.235973e+02
4.237010e+02
4.238046e+02
4.239084e+02
4.240120e+02
4.241158e+02
4.242193e+02
4.243231e+02
4.244267e+02
4.245304e+02
4.246342e+02
4.247378e+02
4.248415e+02
4.249453e+02
4.250490e+02
4.251529e+02
4.252566e+02
4.253604e+02
4.254641e+02
4.255677e+02
4.256715e+02
4.257752e+02
4.258788e+02
4.259826e+02
4.260863e+02
4.261899e+02
4.262937e+02
4.263974e+02
4.265010e+02
4.266048e+02
4.267085e+02
4.268123e+02
4.269158e+02
4.270196e+02
4.271233e+02
4.272271e+02
4.273308e+02
4.274346e+02
4.275383e+02
4.276420e+02
4.277458e+02
4.278494e+02
4.279532e+02
4.280569e+02
4.281605e+02
4.282642e+02
4.283678e+02
4.284716e+02
4.285752e+02
4.286789e+02
4.287826e+02
4.288863e+02
4.289899e+02
4.290935e+02
4.291973e+02
4.293009e+02
4.294045e+02
4.295083e+02
4.296120e+02
4.297157e+02
4.298193e+02
4.299231e+02
4.300268e+02
4.301304e+02
4.302342e+02
4.303378e+02
4.304417e+02
4.305453e+02
4.306489e+02
4.307526e+02
4.308562e+02
4.309600e+02
4.310636e+02
4.311672e+02
4.312710e+02
4.313746e+02
4.314782e+02
4.315818e+02
4.316854e+02
4.317892e+02
4.318928e+02
4.319964e+02
4.321002e+02
4.322039e+02
4.323075e+02
4.324112e+02
4.325150e+02
4.326187e+02
4.327223e+02
4.328261e+02
4.329298e+02
4.330335e+02
4.331373e+02
4.332410e+02
4.333448e+02
4.334486e+02
4.335524e+02
4.336563e+02
4.337600e+02
4.338638e+02
4.339676e+02
4.340713e+02
4.341751e+02
4.342788e+02
4.343826e+02
4.344862e+02
4.345898e+02
4.346934e+02
4.347971e+02
4.349008e+02
4.350044e+02
4.351080e+02
4.352117e+02
4.353153e+02
4.354191e+02
4.355227e+02
4.356264e+02
4.357301e+02
4.358338e+02
4.359375e+02
4.360411e+02
4.361449e+02
4.362486e+02
4.363524e+02
4.364560e+02
4.365597e+02
4.366635e+02
4.367673e+02
4.368711e+02
4.369747e+02
4.370784e+02
4.371822e+02
4.372860e+02
4.373898e+02
4.374935e+02
4.375974e+02
4.377011e+02
4.378049e+02
4.379085e+02
4.380122e+02
4.381158e+02
4.382194e+02
4.383232e+02
4.384268e+02
4.385306e+02
4.386341e+02
4.387378e+02
4.388414e+02
4.389449e+02
4.390485e+02
4.391521e+02
4.392557e+02
4.393592e+02
4.394629e+02
4.395666e+02
4.396704e+02
4.397740e+02
4.398777e+02
4.399813e+02
4.400850e+02
4.401886e+02
4.402924e+02
4.403961e+02
4.404999e+02
4.406036e+02
4.407073e+02
4.408111e+02
4.409147e+02
4.410184e+02
4.411220e+02
4.412258e+02
4.413295e+02
4.414332e+02
4.415369e+02
4.416406e+02
4.417443e+02
4.418480e+02
4.419517e+02
4.420555e+02
4.421591e+02
4.422628e+02
4.423666e+02
4.424703e+02
4.425739e+02
4.426777e+02
4.427814e+02
4.428850e+02
4.429886e+02
4.430924e+02
4.431961e+02
4.432997e+02
4.434034e+02
4.435071e+02
4.436108e+02
4.437144e+02
4.438182e+02
4.439219e+02
4.440257e+02
4.441294e+02
4.442331e+02
4.443369e+02
4.444406e+02
4.445444e+02
4.446481e+02
4.447518e+02
4.448556e+02
4.449593e+02
4.450630e+02
4.451667e+02
4.452704e+02
4.453740e+02
4.454778e+02
4.455814e+02
4.456851e+02
4.457889e+02
4.458925e+02
4.459962e+02
4.461000e+02
4.462037e+02
4.463075e+02
4.464112e+02
4.465148e+02
4.466185e+02
4.467223e+02
4.468260e+02
4.469296e+02
4.470333e+02
4.471370e+02
4.472406e+02
4.473443e+02
4.474480e+02
4.475517e+02
4.476555e+02
4.477591e+02
4.478628e+02
4.479665e+02
4.480702e+02
4.481739e+02
4.482777e+02
4.483814e+02
4.484850e+02
4.485888e+02
4.486925e+02
4.487962e+02
4.488999e+02
4.490036e+02
4.491073e+02
4.492110e+02
4.493147e+02
4.494184e+02
4.495220e+02
4.496258e+02
4.497295e+02
4.498331e+02
4.499369e+02
4.500406e+02
4.501442e+02
4.502480e+02
4.503517e+02
4.504553e+02
4.505591e+02
4.506627e+02
4.507664e+02
4.508702e+02
4.509739e+02
4.510776e+02
4.511814e+02
4.512851e+02
4.513889e+02
4.514925e+02
4.515962e+02
4.516998e+02
4.518034e+02
4.519071e+02
4.520108e+02
4.521145e+02
4.522182e+02
4.523219e+02
4.524257e+02
4.525294e+02
4.526330e+02
4.527367e+02
4.528405e+02
4.529441e+02
4.530478e+02
4.531516e+02
4.532555e+02
4.533590e+02
4.534627e+02
4.535663e+02
4.536700e+02
4.537738e+02
4.538775e+02
4.539811e+02
4.540847e+02
4.541885e+02
4.542921e+02
4.543958e+02
4.544994e+02
4.546031e+02
4.547067e+02
4.548102e+02
4.549138e+02
4.550173e+02
4.551208e+02
4.552243e+02
4.553277e+02
4.554311e+02
4.555345e+02
4.556378e+02
4.557412e+02
4.558447e+02
4.559481e+02
4.560516e+02
4.561550e+02
4.562587e+02
4.563621e+02
4.564659e+02
4.565695e+02
4.566731e+02
4.567767e+02
4.568805e+02
4.569842e+02
4.570880e+02
4.571917e+02
4.572954e+02
4.573991e+02
4.575029e+02
4.576067e+02
4.577105e+02
4.578144e+02
4.579183e+02
4.580223e+02
4.581262e+02
4.582303e+02
4.583342e+02
4.584381e+02
4.585422e+02
4.586462e+02
4.587502e+02
4.588542e+02
4.589586e+02
4.590622e+02
4.591660e+02
4.592700e+02
4.593738e+02
4.594775e+02
4.595813e+02
4.596851e+02
4.597889e+02
4.598928e+02
4.599966e+02
4.601005e+02
4.602042e+02
4.603079e+02
4.604117e+02
4.605154e+02
4.606192e+02
4.607229e+02
4.608266e+02
4.609302e+02
4.610340e+02
4.611376e+02
4.612413e+02
4.613449e+02
4.614487e+02
4.615524e+02
4.616563e+02
4.617600e+02
4.618638e+02
4.619675e+02
4.620712e+02
4.621750e+02
4.622786e+02
4.623824e+02
4.624861e+02
4.625898e+02
4.626936e+02
4.627973e+02
4.629009e+02
4.630047e+02
4.631084e+02
4.632120e+02
4.633158e+02
4.634194e+02
4.635231e+02
4.636269e+02
4.637305e+02
4.638343e+02
4.639380e+02
4.640421e+02
4.641453e+02
4.642491e+02
4.643528e+02
4.644564e+02
4.645600e+02
4.646639e+02
4.647674e+02
4.648711e+02
4.649747e+02
4.650783e+02
4.651818e+02
4.652855e+02
4.653892e+02
4.654930e+02
4.655964e+02
4.656999e+02
4.658035e+02
4.659070e+02
4.660106e+02
4.661140e+02
4.662174e+02
4.663207e+02
4.664242e+02
4.665276e+02
4.666311e+02
4.667346e+02
4.668381e+02
4.669417e+02
4.670452e+02
4.671488e+02
4.672523e+02
4.673559e+02
4.674595e+02
4.675631e+02
4.676669e+02
4.677705e+02
4.678741e+02
4.679778e+02
4.680814e+02
4.681852e+02
4.682889e+02
4.683927e+02
4.684964e+02
4.686003e+02
4.687041e+02
4.688081e+02
4.689119e+02
4.690159e+02
4.691197e+02
4.692237e+02
4.693277e+02
4.694317e+02
4.695356e+02
4.696396e+02
4.697435e+02
4.698474e+02
4.699514e+02
4.700553e+02
4.701593e+02
4.702634e+02
4.703674e+02
4.704714e+02
4.705753e+02
4.706793e+02
4.707833e+02
4.708872e+02
4.709911e+02
4.710949e+02
4.711988e+02
4.713027e+02
4.714064e+02
4.715103e+02
4.716140e+02
4.717177e+02
4.718215e+02
4.719251e+02
4.720289e+02
4.721326e+02
4.722362e+02
4.723400e+02
4.724437e+02
4.725473e+02
4.726510e+02
4.727548e+02
4.728585e+02
4.729621e+02
4.730659e+02
4.731696e+02
4.732732e+02
4.733770e+02
4.734806e+02
4.735843e+02
4.736881e+02
4.737917e+02
4.738954e+02
4.739992e+02
4.741028e+02
4.742065e+02
4.743101e+02
4.744139e+02
4.745176e+02
4.746212e+02
4.747250e+02
4.748286e+02
4.749323e+02
4.750361e+02
4.751398e+02
4.752434e+02
4.753472e+02
4.754509e+02
4.755545e+02
4.756581e+02
4.757617e+02
4.758655e+02
4.759691e+02
4.760728e+02
4.761765e+02
4.762802e+02
4.763838e+02
4.764876e+02
4.765912e+02
4.766949e+02
4.767985e+02
4.769021e+02
4.770059e+02
4.771096e+02
4.772133e+02
4.773170e+02
4.774207e+02
4.775243e+02
4.776281e+02
4.777318e+02
4.778354e+02
4.779392e+02
4.780429e+02
4.781469e+02
4.782504e+02
4.783540e+02
4.784577e+02
4.785615e+02
4.786651e+02
4.787689e+02
4.788726e+02
4.789762e+02
4.790801e+02
4.791836e+02
4.792874e+02
4.793908e+02
4.794945e+02
4.795982e+02
4.797018e+02
4.798053e+02
4.799089e+02
4.800124e+02
4.801159e+02
4.802193e+02
4.803227e+02
4.804262e+02
4.805297e+02
4.806333e+02
4.807368e+02
4.808404e+02
4.809440e+02
4.810478e+02
4.811514e+02
4.812551e+02
4.813587e+02
4.814625e+02
4.815661e+02
4.816700e+02
4.817736e+02
4.818773e+02
4.819809e+02
4.820845e+02
4.821883e+02
4.822919e+02
4.823957e+02
4.824995e+02
4.826034e+02
4.827072e+02
4.828111e+02
4.829150e+02
4.830190e+02
4.831229e+02
4.832269e+02
4.833309e+02
4.834348e+02
4.835385e+02
4.836424e+02
4.837461e+02
4.838499e+02
4.839537e+02
4.840575e+02
4.841615e+02
4.842651e+02
4.843687e+02
4.844726e+02
4.845764e+02
4.846804e+02
4.847842e+02
4.848879e+02
4.849917e+02
4.850954e+02
4.851992e+02
4.853030e+02
4.854068e+02
4.855104e+02
4.856141e+02
4.857178e+02
4.858215e+02
4.859252e+02
4.860289e+02
4.861326e+02
4.862362e+02
4.863399e+02
4.864436e+02
4.865473e+02
4.866510e+02
4.867547e+02
4.868585e+02
4.869621e+02
4.870657e+02
4.871694e+02
4.872732e+02
4.873768e+02
4.874806e+02
4.875843e+02
4.876879e+02
4.877916e+02
4.878953e+02
4.879989e+02
4.881026e+02
4.882064e+02
4.883101e+02
4.884138e+02
4.885176e+02
4.886213e+02
4.887251e+02
4.888288e+02
4.889324e+02
4.890360e+02
4.891396e+02
4.892434e+02
4.893471e+02
4.894509e+02
4.895545e+02
4.896582e+02
4.897620e+02
4.898657e+02
4.899695e+02
4.900733e+02
4.901770e+02
4.902808e+02
4.903845e+02
4.904883e+02
4.905920e+02
4.906957e+02
4.907995e+02
4.909033e+02
4.910071e+02
4.911108e+02
4.912147e+02
4.913182e+02
4.914219e+02
4.915257e+02
4.916294e+02
4.917330e+02
4.918368e+02
4.919405e+02
4.920441e+02
4.921479e+02
4.922516e+02
4.923553e+02
4.924591e+02
4.925628e+02
4.926664e+02
4.927702e+02
4.928741e+02
4.929775e+02
4.930812e+02
4.931849e+02
4.932885e+02
4.933922e+02
4.934960e+02
4.935997e+02
4.937033e+02
4.938071e+02
4.939107e+02
4.940145e+02
4.941182e+02
4.942219e+02
4.943256e+02
4.944294e+02
4.945329e+02
4.946366e+02
4.947404e+02
4.948440e+02
4.949477e+02
4.950515e+02
4.951551e+02
4.952587e+02
4.953624e+02
4.954662e+02
4.955698e+02
4.956734e+02
4.957772e+02
4.958808e+02
4.959843e+02
4.960879e+02
4.961915e+02
4.962950e+02
4.963985e+02
4.965020e+02
4.966055e+02
4.967089e+02
4.968125e+02
4.969159e+02
4.970193e+02
4.971228e+02
4.972263e+02
4.973298e+02
4.974333e+02
4.975369e+02
4.976404e+02
4.977440e+02
4.978476e+02
4.979512e+02
4.980548e+02
4.981584e+02
4.982622e+02
4.983660e+02
4.984700e+02
4.985735e+02
4.986778e+02
4.987814e+02
4.988853e+02
4.989894e+02
4.990934e+02
4.991974e+02
4.993015e+02
4.994069e+02
4.995098e+02
4.996138e+02
4.997179e+02
4.998219e+02
4.999260e+02
5.000301e+02
5.001340e+02
5.002379e+02
5.003417e+02
5.004455e+02
5.005492e+02
5.006529e+02
5.007566e+02
5.008602e+02
5.009638e+02
5.010674e+02
5.011710e+02
5.012748e+02
5.013784e+02
5.014821e+02
5.015857e+02
5.016895e+02
5.017932e+02
5.018970e+02
5.020006e+02
5.021043e+02
5.022081e+02
5.023118e+02
5.024157e+02
5.025194e+02
5.026233e+02
5.027270e+02
5.028309e+02
5.029347e+02
5.030385e+02
5.031422e+02
5.032460e+02
5.033497e+02
5.034533e+02
5.035571e+02
5.036608e+02
5.037645e+02
5.038682e+02
5.039719e+02
5.040757e+02
5.041793e+02
5.042830e+02
5.043866e+02
5.044904e+02
5.045940e+02
5.046977e+02
5.048015e+02
5.049051e+02
5.050088e+02
5.051124e+02
5.052160e+02
5.053197e+02
5.054234e+02
5.055270e+02
5.056306e+02
5.057344e+02
5.058381e+02
5.059417e+02
5.060455e+02
5.061492e+02
5.062528e+02
5.063566e+02
5.064603e+02
5.065639e+02
5.066677e+02
5.067713e+02
5.068749e+02
5.069786e+02
5.070824e+02
5.071860e+02
5.072897e+02
5.073935e+02
5.074972e+02
5.076008e+02
5.077046e+02
5.078082e+02
5.079119e+02
5.080157e+02
5.081193e+02
5.082230e+02
5.083268e+02
5.084304e+02
5.085341e+02
5.086377e+02
5.087415e+02
5.088451e+02
5.089488e+02
5.090524e+02
5.091562e+02
5.092600e+02
5.093637e+02
5.094673e+02
5.095710e+02
5.096748e+02
5.097785e+02
5.098821e+02
5.099858e+02
5.100896e+02
5.101934e+02
5.102971e+02
5.104007e+02
5.105044e+02
5.106082e+02
5.107118e+02
5.108155e+02
5.109193e+02
5.110229e+02
5.111266e+02
5.112304e+02
5.113340e+02
5.114377e+02
5.115413e+02
5.116451e+02
5.117487e+02
5.118524e+02
5.119562e+02
5.120598e+02
5.121635e+02
5.122673e+02
5.123710e+02
5.124746e+02
5.125784e+02
5.126820e+02
5.127856e+02
5.128893e+02
5.129929e+02
5.130967e+02
5.132003e+02
5.133041e+02
5.134078e+02
5.135114e+02
5.136152e+02
5.137189e+02
5.138226e+02
5.139265e+02
5.140300e+02
5.141338e+02
5.142375e+02
5.143412e+02
5.144447e+02
5.145485e+02
5.146524e+02
5.147562e+02
5.148597e+02
5.149634e+02
5.150671e+02
5.151709e+02
5.152745e+02
5.153783e+02
5.154820e+02
5.155857e+02
5.156895e+02
5.157932e+02
5.158969e+02
5.160007e+02
5.161044e+02
5.162082e+02
5.163119e+02
5.164157e+02
5.165194e+02
