0.000000e+00
1.038725e-01
2.077453e-01
3.118742e-01
4.158721e-01
5.199995e-01
6.241195e-01
7.282455e-01
8.324957e-01
9.366217e-01
1.040770e+00
1.144873e+00
1.248998e+00
1.353147e+00
1.457124e+00
1.561124e+00
1.665128e+00
1.768997e+00
1.872875e+00
1.976766e+00
2.080499e+00
2.184123e+00
2.287894e+00
2.391499e+00
2.495127e+00
2.598751e+00
2.702273e+00
2.805874e+00
2.909375e+00
3.012876e+00
3.116499e+00
3.220123e+00
3.323750e+00
3.427371e+00
3.531001e+00
3.634758e+00
3.738395e+00
3.842137e+00
3.945774e+00
4.049501e+00
4.153250e+00
4.257002e+00
4.360751e+00
4.464541e+00
4.568398e+00
4.672274e+00
4.776128e+00
4.880125e+00
4.984148e+00
5.088126e+00
5.192023e+00
5.295877e+00
5.399752e+00
5.503628e+00
5.607400e+00
5.711251e+00
5.815003e+00
5.918752e+00
6.022375e+00
6.126131e+00
6.229773e+00
6.333503e+00
6.437129e+00
6.540880e+00
6.644505e+00
6.748254e+00
6.851878e+00
6.955504e+00
7.059005e+00
7.162754e+00
7.266377e+00
7.370130e+00
7.473752e+00
7.577401e+00
7.681003e+00
7.784655e+00
7.888275e+00
7.991881e+00
8.095633e+00
8.199389e+00
8.303130e+00
8.407006e+00
8.510755e+00
8.614628e+00
8.718382e+00
8.822133e+00
8.925883e+00
9.029629e+00
9.133505e+00
9.237279e+00
9.341007e+00
9.444755e+00
9.548508e+00
9.652155e+00
9.755883e+00
9.859630e+00
9.963509e+00
1.006727e+01
1.017113e+01
1.027501e+01
1.037888e+01
1.048276e+01
1.058651e+01
1.069039e+01
1.079413e+01
1.089801e+01
1.100175e+01
1.110539e+01
1.120913e+01
1.131289e+01
1.141663e+01
1.152039e+01
1.162401e+01
1.172780e+01
1.183151e+01
1.193526e+01
1.203893e+01
1.214264e+01
1.224638e+01
1.235015e+01
1.245388e+01
1.255763e+01
1.266139e+01
1.276505e+01
1.286876e+01
1.297240e+01
1.307617e+01
1.317993e+01
1.328368e+01
1.338743e+01
1.349113e+01
1.359489e+01
1.369876e+01
1.380249e+01
1.390626e+01
1.401003e+01
1.411380e+01
1.421764e+01
1.432153e+01
1.442539e+01
1.452926e+01
1.463312e+01
1.473691e+01
1.484076e+01
1.494451e+01
1.504826e+01
1.515201e+01
1.525576e+01
1.535953e+01
1.546328e+01
1.556714e+01
1.567089e+01
1.577464e+01
1.587839e+01
1.598216e+01
1.608605e+01
1.618976e+01
1.629351e+01
1.639726e+01
1.650103e+01
1.660476e+01
1.670864e+01
1.681239e+01
1.691616e+01
1.702001e+01
1.712376e+01
1.722752e+01
1.733141e+01
1.743514e+01
1.753904e+01
1.764289e+01
1.774664e+01
1.785054e+01
1.795427e+01
1.805814e+01
1.816189e+01
1.826577e+01
1.836958e+01
1.847338e+01
1.857716e+01
1.868099e+01
1.878486e+01
1.888852e+01
1.899237e+01
1.909604e+01
1.919989e+01
1.930352e+01
1.940739e+01
1.951115e+01
1.961477e+01
1.971839e+01
1.982214e+01
1.992567e+01
2.002941e+01
2.013289e+01
2.023664e+01
2.034039e+01
2.044402e+01
2.054777e+01
2.065152e+01
2.075527e+01
2.085914e+01
2.096289e+01
2.106677e+01
2.117064e+01
2.127452e+01
2.137853e+01
2.148252e+01
2.158640e+01
2.169042e+01
2.179428e+01
2.189827e+01
2.200215e+01
2.210615e+01
2.221007e+01
2.231390e+01
2.241777e+01
2.252152e+01
2.262540e+01
2.272917e+01
2.283290e+01
2.293652e+01
2.304014e+01
2.314377e+01
2.324742e+01
2.335102e+01
2.345465e+01
2.355827e+01
2.366202e+01
2.376565e+01
2.386940e+01
2.397302e+01
2.407678e+01
2.418054e+01
2.428416e+01
2.438790e+01
2.449165e+01
2.459540e+01
2.469927e+01
2.480311e+01
2.490678e+01
2.501054e+01
2.511427e+01
2.521804e+01
2.532177e+01
2.542552e+01
2.552939e+01
2.563321e+01
2.573702e+01
2.584080e+01
2.594452e+01
2.604815e+01
2.615190e+01
2.625554e+01
2.635915e+01
2.646280e+01
2.656661e+01
2.667029e+01
2.677390e+01
2.687767e+01
2.698128e+01
2.708502e+01
2.718879e+01
2.729253e+01
2.739627e+01
2.750002e+01
2.760390e+01
2.770778e+01
2.781165e+01
2.791552e+01
2.801940e+01
2.812328e+01
2.822715e+01
2.833090e+01
2.843477e+01
2.853865e+01
2.864242e+01
2.874615e+01
2.884990e+01
2.895380e+01
2.905752e+01
2.916127e+01
2.926490e+01
2.936865e+01
2.947253e+01
2.957630e+01
2.968017e+01
2.978390e+01
2.988778e+01
2.999166e+01
3.009553e+01
3.019928e+01
3.030305e+01
3.040678e+01
3.051040e+01
3.061403e+01
3.071778e+01
3.082141e+01
3.092516e+01
3.102878e+01
3.113253e+01
3.123630e+01
3.134005e+01
3.144365e+01
3.154741e+01
3.165103e+01
3.175479e+01
3.185853e+01
3.196228e+01
3.206603e+01
3.216965e+01
3.227341e+01
3.237715e+01
3.248091e+01
3.258453e+01
3.268828e+01
3.279190e+01
3.289566e+01
3.299941e+01
3.310317e+01
3.320678e+01
3.331053e+01
3.341428e+01
3.351817e+01
3.362178e+01
3.372553e+01
3.382928e+01
3.393305e+01
3.403666e+01
3.414041e+01
3.424403e+01
3.434778e+01
3.445153e+01
3.455516e+01
3.465891e+01
3.476253e+01
3.486628e+01
3.497003e+01
3.507391e+01
3.517756e+01
3.528128e+01
3.538505e+01
3.548866e+01
3.559241e+01
3.569616e+01
3.579978e+01
3.590353e+01
3.600718e+01
3.611091e+01
3.621453e+01
3.631829e+01
3.642204e+01
3.652578e+01
3.662953e+01
3.673328e+01
3.683704e+01
3.694079e+01
3.704454e+01
3.714829e+01
3.725204e+01
3.735566e+01
3.745941e+01
3.756303e+01
3.766666e+01
3.777028e+01
3.787404e+01
3.797779e+01
3.808153e+01
3.818528e+01
3.828916e+01
3.839316e+01
3.849716e+01
3.860116e+01
3.870516e+01
3.880929e+01
3.891329e+01
3.901716e+01
3.912116e+01
3.922504e+01
3.932891e+01
3.943266e+01
3.953641e+01
3.964016e+01
3.974382e+01
3.984756e+01
3.995129e+01
4.005504e+01
4.015866e+01
4.026242e+01
4.036616e+01
4.046991e+01
4.057354e+01
4.067728e+01
4.078104e+01
4.088479e+01
4.098841e+01
4.109217e+01
4.119579e+01
4.129942e+01
4.140316e+01
4.150679e+01
4.161054e+01
4.171417e+01
4.181792e+01
4.192154e+01
4.202530e+01
4.212892e+01
4.223267e+01
4.233629e+01
4.244004e+01
4.254379e+01
4.264742e+01
4.275118e+01
4.285479e+01
4.295854e+01
4.306229e+01
4.316606e+01
4.326979e+01
4.337356e+01
4.347733e+01
4.358104e+01
4.368494e+01
4.378869e+01
4.389243e+01
4.399606e+01
4.409996e+01
4.420356e+01
4.430730e+01
4.441104e+01
4.451479e+01
4.461854e+01
4.472233e+01
4.482616e+01
4.492979e+01
4.503354e+01
4.513734e+01
4.524104e+01
4.534481e+01
4.544854e+01
4.555229e+01
4.565617e+01
4.575992e+01
4.586367e+01
4.596742e+01
4.607129e+01
4.617505e+01
4.627879e+01
4.638267e+01
4.648654e+01
4.659042e+01
4.669417e+01
4.679805e+01
4.690192e+01
4.700580e+01
4.710967e+01
4.721356e+01
4.731742e+01
4.742117e+01
4.752505e+01
4.762880e+01
4.773267e+01
4.783644e+01
4.794017e+01
4.804392e+01
4.814769e+01
4.825142e+01
4.835505e+01
4.845880e+01
4.856255e+01
4.866619e+01
4.876994e+01
4.887355e+01
4.897730e+01
4.908093e+01
4.918467e+01
4.928832e+01
4.939205e+01
4.949580e+01
4.959942e+01
4.970317e+01
4.980680e+01
4.991055e+01
5.001417e+01
5.011799e+01
5.022158e+01
5.032530e+01
5.042899e+01
5.053269e+01
5.063645e+01
5.074021e+01
5.084399e+01
5.094760e+01
5.105120e+01
5.115495e+01
5.125856e+01
5.136231e+01
5.146593e+01
5.156968e+01
5.167332e+01
5.177693e+01
5.188067e+01
5.198430e+01
5.208805e+01
5.219167e+01
5.229543e+01
5.239917e+01
5.250293e+01
5.260668e+01
5.271043e+01
5.281418e+01
5.291793e+01
5.302168e+01
5.312543e+01
5.322918e+01
5.333293e+01
5.343655e+01
5.354030e+01
5.364405e+01
5.374780e+01
5.385155e+01
5.395530e+01
5.405905e+01
5.416280e+01
5.426655e+01
5.437018e+01
5.447393e+01
5.457757e+01
5.468131e+01
5.478506e+01
5.488880e+01
5.499268e+01
5.509643e+01
5.520018e+01
5.530405e+01
5.540781e+01
5.551168e+01
5.561543e+01
5.571918e+01
5.582293e+01
5.592668e+01
5.603043e+01
5.613405e+01
5.623780e+01
5.634158e+01
5.644535e+01
5.654907e+01
5.665294e+01
5.675668e+01
5.686044e+01
5.696428e+01
5.706806e+01
5.717189e+01
5.727556e+01
5.737933e+01
5.748306e+01
5.758681e+01
5.769056e+01
5.779430e+01
5.789820e+01
5.800193e+01
5.810581e+01
5.820968e+01
5.831344e+01
5.841731e+01
5.852106e+01
5.862493e+01
5.872868e+01
5.883268e+01
5.893658e+01
5.904043e+01
5.914431e+01
5.924819e+01
5.935206e+01
5.945581e+01
5.955956e+01
5.966331e+01
5.976694e+01
5.987068e+01
5.997431e+01
6.007808e+01
6.018180e+01
6.028556e+01
6.038931e+01
6.049306e+01
6.059681e+01
6.070058e+01
6.080418e+01
6.090796e+01
6.101160e+01
6.111533e+01
6.121894e+01
6.132269e+01
6.142643e+01
6.153019e+01
6.163382e+01
6.173760e+01
6.184131e+01
6.194506e+01
6.204884e+01
6.215261e+01
6.225640e+01
6.236006e+01
6.246396e+01
6.256793e+01
6.267181e+01
6.277581e+01
6.287983e+01
6.298369e+01
6.308756e+01
6.319144e+01
6.329544e+01
6.339931e+01
6.350319e+01
6.360706e+01
6.371081e+01
6.381468e+01
6.391844e+01
6.402219e+01
6.412596e+01
6.422969e+01
6.433331e+01
6.443707e+01
6.454071e+01
6.464444e+01
6.474808e+01
6.485169e+01
6.495531e+01
6.505906e+01
6.516271e+01
6.526632e+01
6.537006e+01
6.547369e+01
6.557744e+01
6.568106e+01
6.578481e+01
6.588857e+01
6.599219e+01
6.609594e+01
6.619969e+01
6.630331e+01
6.640707e+01
6.651069e+01
6.661431e+01
6.671809e+01
6.682169e+01
6.692544e+01
6.702907e+01
6.713282e+01
6.723644e+01
6.734007e+01
6.744369e+01
6.754732e+01
6.765108e+01
6.775469e+01
6.785832e+01
6.796208e+01
6.806569e+01
6.816932e+01
6.827307e+01
6.837670e+01
6.848032e+01
6.858407e+01
6.868782e+01
6.879157e+01
6.889532e+01
6.899907e+01
6.910284e+01
6.920657e+01
6.931032e+01
6.941395e+01
6.951769e+01
6.962144e+01
6.972532e+01
6.982907e+01
6.993284e+01
7.003672e+01
7.014057e+01
7.024432e+01
7.034820e+01
7.045194e+01
7.055582e+01
7.065957e+01
7.076333e+01
7.086719e+01
7.097082e+01
7.107469e+01
7.117844e+01
7.128219e+01
7.138595e+01
7.148957e+01
7.159333e+01
7.169720e+01
7.180095e+01
7.190472e+01
7.200847e+01
7.211220e+01
7.221595e+01
7.231970e+01
7.242345e+01
7.252720e+01
7.263095e+01
7.273470e+01
7.283847e+01
7.294220e+01
7.304595e+01
7.314970e+01
7.325345e+01
7.335722e+01
7.346107e+01
7.356495e+01
7.366882e+01
7.377270e+01
7.387670e+01
7.398060e+01
7.408445e+01
7.418845e+01
7.429233e+01
7.439620e+01
7.450011e+01
7.460382e+01
7.470783e+01
7.481170e+01
7.491545e+01
7.501933e+01
7.512333e+01
7.522710e+01
7.533095e+01
7.543482e+01
7.553857e+01
7.564220e+01
7.574595e+01
7.584958e+01
7.595332e+01
7.605695e+01
7.616058e+01
7.626420e+01
7.636770e+01
7.647133e+01
7.657495e+01
7.667858e+01
7.678220e+01
7.688586e+01
7.698956e+01
7.709325e+01
7.719695e+01
7.730058e+01
7.740420e+01
7.750783e+01
7.761158e+01
7.771520e+01
7.781895e+01
7.792271e+01
7.802633e+01
7.813008e+01
7.823383e+01
7.833745e+01
7.844120e+01
7.854483e+01
7.864858e+01
7.875233e+01
7.885595e+01
7.895971e+01
7.906333e+01
7.916708e+01
7.927083e+01
7.937446e+01
7.947821e+01
7.958195e+01
7.968570e+01
7.978945e+01
7.989321e+01
7.999697e+01
8.010058e+01
8.020433e+01
8.030798e+01
8.041171e+01
8.051533e+01
8.061908e+01
8.072274e+01
8.082644e+01
8.093008e+01
8.103384e+01
8.113750e+01
8.124121e+01
8.134494e+01
8.144859e+01
8.155233e+01
8.165606e+01
8.175971e+01
8.186346e+01
8.196708e+01
8.207083e+01
8.217446e+01
8.227821e+01
8.238196e+01
8.248571e+01
8.258943e+01
8.269308e+01
8.279692e+01
8.290060e+01
8.300423e+01
8.310785e+01
8.321158e+01
8.331521e+01
8.341896e+01
8.352259e+01
8.362621e+01
8.372996e+01
8.383358e+01
8.393735e+01
8.404096e+01
8.414471e+01
8.424835e+01
8.435210e+01
8.445571e+01
8.455938e+01
8.466298e+01
8.476673e+01
8.487034e+01
8.497396e+01
8.507772e+01
8.518133e+01
8.528509e+01
8.538871e+01
8.549246e+01
8.559611e+01
8.569975e+01
8.580345e+01
8.590711e+01
8.601084e+01
8.611446e+01
8.621821e+01
8.632183e+01
8.642559e+01
8.652921e+01
8.663298e+01
8.673673e+01
8.684034e+01
8.694409e+01
8.704771e+01
8.715136e+01
8.725496e+01
8.735871e+01
8.746246e+01
8.756621e+01
8.766986e+01
8.777359e+01
8.787734e+01
8.798121e+01
8.808521e+01
8.818921e+01
8.829333e+01
8.839746e+01
8.850159e+01
8.860584e+01
8.871010e+01
8.881434e+01
8.891859e+01
8.902284e+01
8.912709e+01
8.923134e+01
8.933559e+01
8.943959e+01
8.954371e+01
8.964784e+01
8.975184e+01
8.985584e+01
8.995974e+01
9.006371e+01
9.016759e+01
9.027149e+01
9.037547e+01
9.047934e+01
9.058309e+01
9.068697e+01
9.079084e+01
9.089459e+01
9.099849e+01
9.110209e+01
9.120584e+01
9.130947e+01
9.141297e+01
9.151659e+01
9.162022e+01
9.172371e+01
9.182724e+01
9.193059e+01
9.203413e+01
9.213772e+01
9.224122e+01
9.234486e+01
9.244860e+01
9.255222e+01
9.265597e+01
9.275972e+01
9.286347e+01
9.296722e+01
9.307097e+01
9.317472e+01
9.327847e+01
9.338209e+01
9.348584e+01
9.358947e+01
9.369312e+01
9.379672e+01
9.390035e+01
9.400397e+01
9.410764e+01
9.421135e+01
9.431499e+01
9.441859e+01
9.452222e+01
9.462597e+01
9.472972e+01
9.483349e+01
9.493722e+01
9.504097e+01
9.514472e+01
9.524835e+01
9.535209e+01
9.545587e+01
9.555954e+01
9.566311e+01
9.576685e+01
9.587047e+01
9.597425e+01
9.607786e+01
9.618160e+01
9.628535e+01
9.638910e+01
9.649287e+01
9.659660e+01
9.670035e+01
9.680399e+01
9.690773e+01
9.701147e+01
9.711510e+01
9.721889e+01
9.732250e+01
9.742622e+01
9.752999e+01
9.763372e+01
9.773747e+01
9.784124e+01
9.794507e+01
9.804875e+01
9.815247e+01
9.825623e+01
9.835997e+01
9.846372e+01
9.856747e+01
9.867123e+01
9.877487e+01
9.887860e+01
9.898235e+01
9.908610e+01
9.918973e+01
9.929348e+01
9.939723e+01
9.950085e+01
9.960460e+01
9.970835e+01
9.981198e+01
9.991573e+01
1.000193e+02
1.001231e+02
1.002267e+02
1.003305e+02
1.004341e+02
1.005379e+02
1.006415e+02
1.007452e+02
1.008489e+02
1.009526e+02
1.010562e+02
1.011600e+02
1.012636e+02
1.013674e+02
1.014710e+02
1.015747e+02
1.016784e+02
1.017821e+02
1.018859e+02
1.019896e+02
1.020932e+02
1.021970e+02
1.023007e+02
1.024045e+02
1.025083e+02
1.026119e+02
1.027156e+02
1.028194e+02
1.029230e+02
1.030267e+02
1.031305e+02
1.032341e+02
1.033379e+02
1.034415e+02
1.035452e+02
1.036490e+02
1.037526e+02
1.038564e+02
1.039601e+02
1.040637e+02
1.041674e+02
1.042710e+02
1.043746e+02
1.044782e+02
1.045820e+02
1.046857e+02
1.047894e+02
1.048930e+02
1.049967e+02
1.051005e+02
1.052041e+02
1.053077e+02
1.054115e+02
1.055153e+02
1.056189e+02
1.057226e+02
1.058265e+02
1.059302e+02
1.060341e+02
1.061379e+02
1.062417e+02
1.063455e+02
1.064492e+02
1.065530e+02
1.066568e+02
1.067605e+02
1.068642e+02
1.069680e+02
1.070718e+02
1.071755e+02
1.072791e+02
1.073829e+02
1.074865e+02
1.075902e+02
1.076939e+02
1.077976e+02
1.079012e+02
1.080050e+02
1.081087e+02
1.082125e+02
1.083162e+02
1.084200e+02
1.085237e+02
1.086275e+02
1.087312e+02
1.088351e+02
1.089389e+02
1.090426e+02
1.091464e+02
1.092501e+02
1.093539e+02
1.094576e+02
1.095612e+02
1.096650e+02
1.097687e+02
1.098724e+02
1.099761e+02
1.100797e+02
1.101835e+02
1.102872e+02
1.103909e+02
1.104946e+02
1.105982e+02
1.107020e+02
1.108056e+02
1.109092e+02
1.110129e+02
1.111166e+02
1.112202e+02
1.113240e+02
1.114276e+02
1.115314e+02
1.116350e+02
1.117387e+02
1.118424e+02
1.119461e+02
1.120497e+02
1.121535e+02
1.122571e+02
1.123609e+02
1.124646e+02
1.125682e+02
1.126720e+02
1.127756e+02
1.128794e+02
1.129830e+02
1.130867e+02
1.131905e+02
1.132941e+02
1.133978e+02
1.135015e+02
1.136052e+02
1.137090e+02
1.138126e+02
1.139164e+02
1.140201e+02
1.141239e+02
1.142276e+02
1.143314e+02
1.144350e+02
1.145387e+02
1.146425e+02
1.147463e+02
1.148500e+02
1.149538e+02
1.150574e+02
1.151611e+02
1.152649e+02
1.153686e+02
1.154724e+02
1.155761e+02
1.156797e+02
1.157835e+02
1.158871e+02
1.159909e+02
1.160946e+02
1.161983e+02
1.163020e+02
1.164056e+02
1.165094e+02
1.166133e+02
1.167167e+02
1.168205e+02
1.169242e+02
1.170280e+02
1.171316e+02
1.172354e+02
1.173391e+02
1.174429e+02
1.175467e+02
1.176504e+02
1.177540e+02
1.178577e+02
1.179615e+02
1.180651e+02
1.181689e+02
1.182725e+02
1.183763e+02
1.184799e+02
1.185836e+02
1.186872e+02
1.187910e+02
1.188948e+02
1.189985e+02
1.191021e+02
1.192059e+02
1.193096e+02
1.194132e+02
1.195170e+02
1.196207e+02
1.197244e+02
1.198281e+02
1.199319e+02
1.200355e+02
1.201392e+02
1.202429e+02
1.203466e+02
1.204502e+02
1.205540e+02
1.206576e+02
1.207614e+02
1.208650e+02
1.209686e+02
1.210724e+02
1.211760e+02
1.212797e+02
1.213834e+02
1.214871e+02
1.215909e+02
1.216945e+02
1.217982e+02
1.219020e+02
1.220056e+02
1.221094e+02
1.222131e+02
1.223168e+02
1.224205e+02
1.225243e+02
1.226280e+02
1.227316e+02
1.228352e+02
1.229390e+02
1.230426e+02
1.231462e+02
1.232500e+02
1.233536e+02
1.234574e+02
1.235610e+02
1.236648e+02
1.237685e+02
1.238721e+02
1.239759e+02
1.240796e+02
1.241832e+02
1.242870e+02
1.243906e+02
1.244944e+02
