0.000000e+00
1.041284e-01
2.082536e-01
3.125038e-01
4.166248e-01
5.207548e-01
6.250036e-01
7.291284e-01
8.332524e-01
9.375057e-01
1.041630e+00
1.145875e+00
1.250003e+00
1.354255e+00
1.458401e+00
1.562526e+00
1.666754e+00
1.771007e+00
1.875129e+00
1.979377e+00
2.083502e+00
2.187759e+00
2.291881e+00
2.396132e+00
2.500257e+00
2.604383e+00
2.708628e+00
2.812757e+00
2.916881e+00
3.021006e+00
3.125256e+00
3.229379e+00
3.333502e+00
3.437629e+00
3.541754e+00
3.645880e+00
3.750007e+00
3.854131e+00
3.958276e+00
4.062383e+00
4.166506e+00
4.270633e+00
4.374756e+00
4.478884e+00
4.583132e+00
4.687259e+00
4.791384e+00
4.895505e+00
4.999630e+00
5.103758e+00
5.207869e+00
5.311998e+00
5.416245e+00
5.520244e+00
5.624505e+00
5.728633e+00
5.832639e+00
5.936757e+00
6.040889e+00
6.145012e+00
6.249010e+00
6.353135e+00
6.457260e+00
6.561386e+00
6.665511e+00
6.769636e+00
6.873636e+00
6.977759e+00
7.081885e+00
7.186013e+00
7.290011e+00
7.394135e+00
7.498256e+00
7.602386e+00
7.706383e+00
7.810511e+00
7.914632e+00
8.018763e+00
8.122760e+00
8.226883e+00
8.331011e+00
8.435138e+00
8.539282e+00
8.643387e+00
8.747509e+00
8.851635e+00
8.955763e+00
9.059886e+00
9.164012e+00
9.268135e+00
9.372259e+00
9.476392e+00
9.580513e+00
9.684640e+00
9.788784e+00
9.892888e+00
9.997010e+00
1.010114e+01
1.020526e+01
1.030939e+01
1.041339e+01
1.051751e+01
1.062164e+01
1.072576e+01
1.082989e+01
1.093402e+01
1.103814e+01
1.114227e+01
1.124639e+01
1.135052e+01
1.145464e+01
1.155878e+01
1.166302e+01
1.176716e+01
1.187126e+01
1.197539e+01
1.207964e+01
1.218377e+01
1.228789e+01
1.239202e+01
1.249626e+01
1.260039e+01
1.270452e+01
1.280864e+01
1.291279e+01
1.301689e+01
1.312114e+01
1.322527e+01
1.332939e+01
1.343352e+01
1.353764e+01
1.364177e+01
1.374591e+01
1.385002e+01
1.395415e+01
1.405840e+01
1.416252e+01
1.426664e+01
1.437077e+01
1.447489e+01
1.457901e+01
1.468314e+01
1.478729e+01
1.489139e+01
1.499552e+01
1.509964e+01
1.520379e+01
1.530802e+01
1.541214e+01
1.551627e+01
1.562039e+01
1.572452e+01
1.582864e+01
1.593265e+01
1.603677e+01
1.614090e+01
1.624502e+01
1.634914e+01
1.645327e+01
1.655739e+01
1.666152e+01
1.676565e+01
1.686965e+01
1.697377e+01
1.707789e+01
1.718203e+01
1.728614e+01
1.739027e+01
1.749440e+01
1.759842e+01
1.770252e+01
1.780664e+01
1.791065e+01
1.801477e+01
1.811890e+01
1.822302e+01
1.832702e+01
1.843115e+01
1.853536e+01
1.863942e+01
1.874348e+01
1.884754e+01
1.895165e+01
1.905565e+01
1.915965e+01
1.926377e+01
1.936787e+01
1.947178e+01
1.957590e+01
1.967991e+01
1.978402e+01
1.988807e+01
1.999213e+01
2.009615e+01
2.020015e+01
2.030427e+01
2.040827e+01
2.051231e+01
2.061640e+01
2.072042e+01
2.082452e+01
2.092869e+01
2.103278e+01
2.113678e+01
2.124088e+01
2.134492e+01
2.144890e+01
2.155290e+01
2.165702e+01
2.176102e+01
2.186503e+01
2.196915e+01
2.207317e+01
2.217715e+01
2.228115e+01
2.238527e+01
2.248927e+01
2.259328e+01
2.269742e+01
2.280140e+01
2.290540e+01
2.300940e+01
2.311349e+01
2.321742e+01
2.332140e+01
2.342540e+01
2.352955e+01
2.363355e+01
2.373753e+01
2.384166e+01
2.394565e+01
2.404965e+01
2.415367e+01
2.425778e+01
2.436178e+01
2.446578e+01
2.456978e+01
2.467390e+01
2.477790e+01
2.488203e+01
2.498602e+01
2.509017e+01
2.519415e+01
2.529828e+01
2.540240e+01
2.550653e+01
2.561054e+01
2.571465e+01
2.581865e+01
2.592278e+01
2.602698e+01
2.613090e+01
2.623505e+01
2.633915e+01
2.644329e+01
2.654780e+01
2.665141e+01
2.675793e+01
2.686258e+01
2.696366e+01
2.706782e+01
2.717192e+01
2.727606e+01
2.738014e+01
2.748470e+01
2.758841e+01
2.769253e+01
2.779654e+01
2.790067e+01
2.800523e+01
2.810894e+01
