0.000000e+00
1.036117e-01
2.073529e-01
3.111179e-01
4.147131e-01
5.199468e-01
6.220911e-01
7.257030e-01
8.294654e-01
9.330382e-01
1.036778e+00
1.140398e+00
1.244137e+00
1.347751e+00
1.451492e+00
1.555107e+00
1.658847e+00
1.762586e+00
1.866202e+00
1.969964e+00
2.073559e+00
2.177298e+00
2.281050e+00
2.384674e+00
2.488425e+00
2.592012e+00
2.695755e+00
2.799368e+00
2.903108e+00
3.006750e+00
3.110482e+00
3.214204e+00
3.317943e+00
3.421685e+00
3.525427e+00
3.629166e+00
3.732909e+00
3.836660e+00
3.940409e+00
4.044264e+00
4.148122e+00
4.251862e+00
4.355725e+00
4.459611e+00
4.563456e+00
4.667325e+00
4.771058e+00
4.874947e+00
4.978668e+00
5.082534e+00
5.186400e+00
5.290138e+00
5.394003e+00
5.497872e+00
5.601734e+00
5.705475e+00
5.809345e+00
5.913083e+00
6.016968e+00
6.120823e+00
6.224565e+00
6.328440e+00
6.432181e+00
6.535919e+00
6.639619e+00
6.743256e+00
6.847019e+00
6.950676e+00
7.054434e+00
7.158126e+00
7.261837e+00
7.365577e+00
7.469315e+00
7.572928e+00
7.676672e+00
7.780431e+00
7.884150e+00
7.987818e+00
8.091556e+00
8.195302e+00
8.299053e+00
8.402730e+00
8.506356e+00
8.610085e+00
8.713700e+00
8.817441e+00
8.921074e+00
9.024545e+00
9.128182e+00
9.231657e+00
9.335267e+00
9.438799e+00
9.542373e+00
9.646095e+00
9.749609e+00
9.853097e+00
9.956711e+00
1.006045e+01
1.016407e+01
1.026768e+01
1.037145e+01
1.047504e+01
1.057878e+01
1.068242e+01
1.078618e+01
1.088987e+01
1.099353e+01
1.109727e+01
1.120102e+01
1.130471e+01
1.140845e+01
1.151214e+01
1.161590e+01
1.171955e+01
1.182328e+01
1.192703e+01
1.203077e+01
1.213451e+01
1.223813e+01
1.234189e+01
1.244549e+01
1.254922e+01
1.265287e+01
1.275659e+01
1.286020e+01
1.296381e+01
1.306755e+01
1.317118e+01
1.327491e+01
1.337865e+01
1.348241e+01
1.358601e+01
1.368975e+01
1.379348e+01
1.389712e+01
1.400084e+01
1.410445e+01
1.420807e+01
1.431181e+01
1.441543e+01
1.451906e+01
1.462278e+01
1.472640e+01
1.483014e+01
1.493376e+01
1.503737e+01
1.514111e+01
1.524485e+01
1.534849e+01
1.545231e+01
1.555595e+01
1.565967e+01
1.576346e+01
1.586717e+01
1.597091e+01
1.607463e+01
1.617849e+01
1.628215e+01
1.638589e+01
1.648961e+01
1.659323e+01
1.669699e+01
1.680059e+01
1.690495e+01
1.700813e+01
1.711181e+01
1.721568e+01
1.731942e+01
1.742316e+01
1.752690e+01
1.763064e+01
1.773425e+01
1.783799e+01
1.794173e+01
1.804536e+01
1.814909e+01
1.825283e+01
1.835644e+01
1.846006e+01
1.856380e+01
1.866742e+01
1.877120e+01
1.887477e+01
1.897873e+01
1.908226e+01
1.918597e+01
1.928953e+01
1.939323e+01
1.949684e+01
1.960058e+01
1.970420e+01
1.980783e+01
1.991155e+01
2.001516e+01
2.011891e+01
2.022252e+01
2.032614e+01
2.042990e+01
2.053351e+01
2.063710e+01
2.074072e+01
2.084440e+01
2.094799e+01
2.105170e+01
2.115531e+01
2.125905e+01
2.136266e+01
2.146628e+01
2.157009e+01
2.167383e+01
2.177750e+01
2.188124e+01
2.198489e+01
2.208847e+01
2.219209e+01
2.229571e+01
2.239937e+01
2.250301e+01
2.260669e+01
2.271018e+01
2.281379e+01
2.291742e+01
2.302116e+01
2.312464e+01
2.322826e+01
2.333186e+01
2.343550e+01
2.353909e+01
2.364273e+01
2.374645e+01
2.385006e+01
2.395370e+01
2.405730e+01
2.416091e+01
2.426453e+01
2.436814e+01
2.447176e+01
2.457538e+01
2.467899e+01
2.478262e+01
2.488623e+01
2.498985e+01
2.509357e+01
2.519719e+01
2.530082e+01
2.540442e+01
2.550805e+01
2.561167e+01
2.571540e+01
2.581908e+01
2.592279e+01
2.602649e+01
2.613016e+01
2.623385e+01
2.633750e+01
2.644118e+01
2.654482e+01
2.664853e+01
2.675206e+01
2.685581e+01
2.695940e+01
2.706308e+01
2.716666e+01
2.727035e+01
2.737399e+01
2.747773e+01
2.758157e+01
2.768531e+01
2.778906e+01
2.789284e+01
2.799666e+01
2.810030e+01
2.820406e+01
2.830778e+01
2.841162e+01
2.851536e+01
2.861910e+01
2.872284e+01
2.882659e+01
2.893033e+01
2.903407e+01
2.913781e+01
2.924155e+01
2.934531e+01
2.944916e+01
2.955289e+01
2.965676e+01
2.976051e+01
2.986424e+01
2.996802e+01
3.007185e+01
3.017550e+01
3.027923e+01
3.038299e+01
3.048671e+01
3.059036e+01
3.069406e+01
3.079780e+01
3.090156e+01
3.100517e+01
3.110890e+01
3.121251e+01
3.131628e+01
3.142004e+01
3.152362e+01
3.162737e+01
3.173109e+01
3.183485e+01
3.193858e+01
3.204232e+01
3.214606e+01
3.224997e+01
3.235368e+01
3.245728e+01
3.256102e+01
3.266478e+01
3.276837e+01
3.287211e+01
3.297586e+01
3.307949e+01
3.318321e+01
3.328683e+01
3.339056e+01
3.349434e+01
3.359779e+01
3.370142e+01
3.380503e+01
3.390865e+01
3.401226e+01
3.411588e+01
3.421992e+01
3.432330e+01
3.442688e+01
3.453061e+01
3.463421e+01
3.473782e+01
3.484147e+01
3.494505e+01
3.504867e+01
3.515228e+01
3.525590e+01
3.535955e+01
3.546322e+01
3.556675e+01
3.567048e+01
3.577409e+01
3.587783e+01
3.598146e+01
3.608507e+01
3.618878e+01
3.629230e+01
3.639606e+01
3.649966e+01
3.660341e+01
3.670701e+01
3.681077e+01
3.691449e+01
3.701811e+01
3.712185e+01
3.722549e+01
3.732921e+01
3.743285e+01
3.753643e+01
3.763992e+01
3.774368e+01
3.784728e+01
3.795104e+01
3.805465e+01
3.815838e+01
3.826267e+01
3.836588e+01
3.846950e+01
3.857322e+01
3.867697e+01
3.878062e+01
3.888419e+01
3.898780e+01
3.909154e+01
3.919518e+01
3.929890e+01
3.940253e+01
3.950613e+01
3.960976e+01
3.971349e+01
3.981725e+01
3.992124e+01
4.002470e+01
4.012834e+01
4.023207e+01
4.033581e+01
4.043955e+01
4.054329e+01
4.064703e+01
4.075077e+01
4.085451e+01
4.095825e+01
4.106199e+01
4.116573e+01
4.126947e+01
4.137324e+01
4.147700e+01
4.158124e+01
4.168449e+01
4.178822e+01
4.189194e+01
4.199566e+01
4.209952e+01
4.220326e+01
4.230701e+01
4.241077e+01
4.251448e+01
4.261835e+01
4.272209e+01
4.282571e+01
4.292959e+01
4.303322e+01
4.313680e+01
4.324054e+01
4.334415e+01
4.344789e+01
4.355153e+01
4.365537e+01
4.375899e+01
4.386273e+01
4.396657e+01
4.407021e+01
4.417385e+01
4.427757e+01
4.438131e+01
4.448494e+01
4.458866e+01
4.469240e+01
4.479604e+01
4.489963e+01
4.500338e+01
4.510700e+01
4.521061e+01
4.531437e+01
4.541797e+01
4.552158e+01
4.562533e+01
4.572894e+01
4.583269e+01
4.593630e+01
4.604003e+01
4.614378e+01
4.624740e+01
4.635113e+01
4.645482e+01
4.655836e+01
4.666199e+01
4.676562e+01
4.686966e+01
4.697295e+01
4.707656e+01
4.718030e+01
4.728395e+01
4.738767e+01
4.749115e+01
4.759477e+01
4.769838e+01
4.780202e+01
4.790562e+01
4.800923e+01
4.811286e+01
4.821646e+01
4.831997e+01
4.842366e+01
4.852709e+01
4.863055e+01
4.873404e+01
4.883753e+01
4.894115e+01
4.904477e+01
4.914838e+01
4.925219e+01
4.935574e+01
4.945935e+01
4.956296e+01
4.966660e+01
4.977007e+01
4.987371e+01
4.997730e+01
5.008079e+01
5.018449e+01
5.028802e+01
5.039151e+01
5.049519e+01
5.059862e+01
5.070225e+01
5.080587e+01
5.090934e+01
5.101291e+01
5.111635e+01
5.121994e+01
5.132340e+01
5.142685e+01
5.153028e+01
5.163365e+01
5.173714e+01
5.184065e+01
5.194412e+01
5.204761e+01
5.215110e+01
5.225473e+01
5.235833e+01
5.246211e+01
5.256569e+01
5.266943e+01
5.277317e+01
5.287691e+01
5.298058e+01
5.308439e+01
5.318816e+01
5.329209e+01
5.339600e+01
5.349987e+01
5.360412e+01
5.370798e+01
5.381213e+01
5.391571e+01
5.402000e+01
5.412406e+01
5.422756e+01
5.433153e+01
5.443528e+01
5.453910e+01
5.464287e+01
5.474688e+01
5.485039e+01
5.495453e+01
5.505791e+01
5.516171e+01
5.526546e+01
5.536918e+01
5.547294e+01
5.557679e+01
5.568051e+01
5.578433e+01
5.588826e+01
5.599210e+01
5.609593e+01
5.619948e+01
5.630334e+01
5.640721e+01
5.651097e+01
5.661486e+01
5.671859e+01
5.682249e+01
5.692631e+01
5.702978e+01
5.713364e+01
5.723726e+01
5.734101e+01
5.744453e+01
5.754840e+01
5.765175e+01
5.775534e+01
5.785911e+01
5.796257e+01
5.806628e+01
5.816980e+01
5.827342e+01
5.837703e+01
5.848064e+01
5.858426e+01
5.868800e+01
5.879163e+01
5.889523e+01
5.899897e+01
5.910271e+01
5.920658e+01
5.931044e+01
5.941420e+01
5.951804e+01
5.962193e+01
5.972578e+01
5.982954e+01
5.993338e+01
6.003715e+01
6.014087e+01
6.024461e+01
6.034836e+01
6.045209e+01
6.055570e+01
6.065946e+01
6.076307e+01
6.086685e+01
6.097054e+01
6.107423e+01
6.117790e+01
6.128164e+01
6.138538e+01
6.148899e+01
6.159274e+01
6.169637e+01
6.180009e+01
6.190373e+01
6.200744e+01
6.211106e+01
6.221468e+01
6.231831e+01
6.242191e+01
6.252565e+01
6.262926e+01
6.273302e+01
6.283662e+01
6.294027e+01
6.304398e+01
6.314771e+01
6.325133e+01
6.335507e+01
6.345869e+01
6.356230e+01
6.366606e+01
6.376966e+01
6.387340e+01
6.397716e+01
6.408088e+01
6.418451e+01
6.428824e+01
6.439197e+01
6.449559e+01
6.459945e+01
6.470322e+01
6.480697e+01
6.491070e+01
6.501429e+01
6.511808e+01
6.522189e+01
6.532554e+01
6.542913e+01
6.553296e+01
6.563663e+01
6.574024e+01
6.584398e+01
6.594762e+01
6.605120e+01
6.615494e+01
6.625858e+01
6.636230e+01
6.646591e+01
6.656966e+01
6.667327e+01
6.677700e+01
6.688063e+01
6.698424e+01
6.708785e+01
6.719160e+01
6.729536e+01
6.739908e+01
6.750269e+01
6.760643e+01
6.771017e+01
6.781391e+01
6.791753e+01
6.802129e+01
6.812488e+01
6.822864e+01
6.833226e+01
6.843598e+01
6.853977e+01
6.864351e+01
6.874720e+01
6.885094e+01
6.895471e+01
6.905842e+01
6.916218e+01
6.926591e+01
6.936965e+01
6.947339e+01
6.957713e+01
6.968089e+01
6.978448e+01
6.988823e+01
6.999196e+01
7.009558e+01
7.019936e+01
7.030320e+01
7.040657e+01
7.051019e+01
7.061393e+01
7.071752e+01
7.082127e+01
7.092490e+01
7.102862e+01
7.113236e+01
7.123610e+01
7.133977e+01
7.144337e+01
7.154709e+01
7.165069e+01
7.175431e+01
7.185805e+01
7.196169e+01
7.206544e+01
7.216903e+01
7.227276e+01
7.237637e+01
7.248014e+01
7.258373e+01
7.268747e+01
7.279111e+01
7.289473e+01
7.299844e+01
7.310206e+01
7.320579e+01
7.330942e+01
7.341316e+01
7.351681e+01
7.362039e+01
7.372400e+01
7.382776e+01
7.393140e+01
7.403510e+01
7.413885e+01
7.424262e+01
7.434632e+01
7.444994e+01
7.455370e+01
7.465742e+01
7.476116e+01
7.486477e+01
7.496854e+01
7.507213e+01
7.517574e+01
7.527936e+01
7.538309e+01
7.548671e+01
7.559033e+01
7.569407e+01
7.579769e+01
7.590142e+01
7.600504e+01
7.610883e+01
7.621240e+01
7.631602e+01
7.641965e+01
7.652335e+01
7.662699e+01
7.673060e+01
7.683431e+01
7.693794e+01
7.704157e+01
7.714531e+01
7.724893e+01
7.735261e+01
7.745630e+01
7.756002e+01
7.766364e+01
7.776726e+01
7.787099e+01
7.797461e+01
7.807823e+01
7.818197e+01
7.828559e+01
7.838920e+01
7.849294e+01
7.859655e+01
7.870032e+01
7.880391e+01
7.890766e+01
7.901129e+01
7.911503e+01
7.921862e+01
7.932236e+01
7.942598e+01
7.952960e+01
7.963321e+01
7.973695e+01
7.984071e+01
7.994443e+01
8.004817e+01
8.015193e+01
8.025565e+01
8.035939e+01
8.046314e+01
8.056675e+01
8.067049e+01
8.077410e+01
8.087784e+01
8.098146e+01
8.108508e+01
8.118869e+01
8.129246e+01
8.139604e+01
8.149966e+01
8.160340e+01
8.170702e+01
8.181076e+01
8.191437e+01
8.201799e+01
8.212173e+01
8.222535e+01
8.232896e+01
8.243270e+01
8.253631e+01
8.263994e+01
8.274372e+01
8.284729e+01
8.295103e+01
8.305464e+01
8.315840e+01
8.326230e+01
8.336575e+01
8.346950e+01
8.357317e+01
8.367683e+01
8.378045e+01
8.388419e+01
8.398793e+01
8.409155e+01
8.419529e+01
8.429903e+01
8.440264e+01
8.450638e+01
8.461000e+01
8.471374e+01
8.481736e+01
8.492097e+01
8.502471e+01
8.512833e+01
8.523209e+01
8.533568e+01
8.543944e+01
8.554304e+01
8.564678e+01
8.575039e+01
8.585401e+01
8.595779e+01
8.606137e+01
8.616498e+01
8.626872e+01
8.637234e+01
8.647595e+01
8.657973e+01
8.668333e+01
8.678705e+01
8.689066e+01
8.699428e+01
8.709806e+01
8.720164e+01
8.730537e+01
8.740899e+01
8.751261e+01
8.761622e+01
8.771996e+01
8.782365e+01
8.792734e+01
8.803093e+01
8.813456e+01
8.823832e+01
8.834196e+01
8.844553e+01
8.854926e+01
8.865288e+01
8.875661e+01
8.886036e+01
8.896412e+01
8.906773e+01
8.917145e+01
8.927519e+01
8.937881e+01
8.948255e+01
8.958629e+01
8.968991e+01
8.979365e+01
8.989739e+01
9.000113e+01
9.010487e+01
9.020849e+01
9.031224e+01
9.041597e+01
9.051961e+01
9.062332e+01
9.072694e+01
9.083078e+01
9.093429e+01
9.103791e+01
9.114162e+01
9.124550e+01
9.134903e+01
9.145260e+01
9.155623e+01
9.165998e+01
9.176372e+01
9.186733e+01
9.197107e+01
9.207483e+01
9.217851e+01
9.228217e+01
9.238595e+01
9.248956e+01
9.259314e+01
9.269690e+01
9.280062e+01
9.290433e+01
9.300787e+01
9.311156e+01
9.321508e+01
9.331858e+01
9.342219e+01
9.352569e+01
9.362917e+01
9.373266e+01
9.383603e+01
9.393954e+01
9.404301e+01
9.414657e+01
9.424999e+01
9.435369e+01
9.445728e+01
9.456084e+01
9.466445e+01
9.476808e+01
9.487183e+01
9.497543e+01
9.507920e+01
9.518292e+01
9.528652e+01
9.539026e+01
9.549402e+01
9.559775e+01
9.570150e+01
9.580535e+01
9.590909e+01
9.601296e+01
9.611682e+01
9.622082e+01
9.632482e+01
9.642879e+01
9.653288e+01
9.663677e+01
9.674076e+01
9.684463e+01
9.694850e+01
9.705236e+01
9.715610e+01
9.725984e+01
9.736360e+01
9.746732e+01
9.757106e+01
9.767480e+01
9.777842e+01
9.788216e+01
9.798590e+01
9.808953e+01
9.819326e+01
9.829702e+01
9.840075e+01
9.850448e+01
9.860822e+01
9.871183e+01
9.881557e+01
9.891931e+01
9.902293e+01
9.912667e+01
9.923080e+01
9.933402e+01
9.943779e+01
9.954150e+01
9.964525e+01
9.974886e+01
9.985260e+01
9.995622e+01
1.000600e+02
1.001637e+02
1.002674e+02
1.003711e+02
1.004748e+02
1.005785e+02
1.006821e+02
1.007859e+02
1.008895e+02
1.009932e+02
1.010969e+02
1.012006e+02
1.013042e+02
1.014080e+02
1.015117e+02
1.016155e+02
1.017191e+02
1.018230e+02
1.019264e+02
1.020301e+02
1.021340e+02
1.022374e+02
1.023411e+02
1.024449e+02
1.025485e+02
1.026522e+02
1.027560e+02
1.028597e+02
1.029633e+02
1.030670e+02
1.031707e+02
1.032743e+02
1.033780e+02
1.034817e+02
1.035854e+02
1.036891e+02
1.037927e+02
1.038964e+02
1.040003e+02
1.041038e+02
1.042076e+02
1.043113e+02
1.044149e+02
1.045187e+02
1.046223e+02
1.047260e+02
1.048297e+02
1.049333e+02
1.050369e+02
1.051406e+02
1.052442e+02
1.053480e+02
1.054516e+02
1.055552e+02
1.056587e+02
1.057623e+02
1.058666e+02
1.059694e+02
1.060727e+02
1.061761e+02
1.062797e+02
1.063830e+02
1.064865e+02
1.065899e+02
1.066934e+02
1.067968e+02
1.069003e+02
1.070038e+02
1.071075e+02
1.072109e+02
1.073146e+02
1.074182e+02
1.075218e+02
1.076254e+02
1.077291e+02
1.078327e+02
1.079366e+02
1.080404e+02
1.081442e+02
1.082481e+02
1.083520e+02
1.084558e+02
1.085598e+02
1.086639e+02
1.087677e+02
1.088717e+02
1.089757e+02
1.090796e+02
1.091836e+02
1.092876e+02
1.093916e+02
1.094956e+02
1.095996e+02
1.097042e+02
1.098075e+02
1.099112e+02
1.100149e+02
1.101187e+02
1.102224e+02
1.103261e+02
1.104299e+02
1.105335e+02
1.106372e+02
1.107409e+02
1.108446e+02
1.109484e+02
1.110521e+02
1.111557e+02
1.112594e+02
1.113631e+02
1.114668e+02
1.115704e+02
1.116741e+02
1.117778e+02
1.118814e+02
1.119851e+02
1.120887e+02
1.121925e+02
1.122962e+02
1.123998e+02
1.125036e+02
1.126072e+02
1.127109e+02
1.128145e+02
1.129183e+02
1.130220e+02
1.131258e+02
1.132295e+02
1.133332e+02
1.134370e+02
1.135407e+02
1.136443e+02
1.137481e+02
1.138517e+02
1.139554e+02
1.140592e+02
1.141628e+02
1.142665e+02
1.143703e+02
1.144739e+02
1.145778e+02
1.146815e+02
1.147852e+02
1.148889e+02
1.149926e+02
1.150963e+02
1.152001e+02
1.153037e+02
1.154074e+02
1.155111e+02
1.156148e+02
1.157185e+02
1.158223e+02
1.159260e+02
1.160297e+02
1.161334e+02
1.162371e+02
1.163409e+02
1.164445e+02
1.165483e+02
1.166519e+02
1.167557e+02
1.168593e+02
1.169630e+02
1.170667e+02
1.171704e+02
1.172741e+02
1.173778e+02
1.174815e+02
1.175852e+02
1.176890e+02
1.177926e+02
1.178963e+02
1.180001e+02
1.181037e+02
1.182074e+02
1.183112e+02
1.184152e+02
1.185187e+02
1.186224e+02
1.187261e+02
1.188299e+02
1.189335e+02
1.190372e+02
1.191408e+02
1.192446e+02
1.193483e+02
1.194519e+02
1.195555e+02
1.196593e+02
1.197629e+02
1.198667e+02
1.199703e+02
1.200740e+02
1.201776e+02
1.202814e+02
1.203851e+02
1.204887e+02
1.205925e+02
1.206962e+02
1.207998e+02
1.209035e+02
1.210073e+02
1.211110e+02
1.212146e+02
1.213184e+02
1.214220e+02
1.215257e+02
1.216295e+02
1.217332e+02
1.218368e+02
1.219406e+02
1.220442e+02
1.221479e+02
1.222516e+02
1.223553e+02
1.224590e+02
1.225627e+02
1.226664e+02
1.227700e+02
1.228737e+02
1.229774e+02
1.230811e+02
1.231848e+02
1.232885e+02
1.233922e+02
1.234959e+02
1.235997e+02
1.237034e+02
1.238072e+02
1.239109e+02
1.240146e+02
1.241183e+02
1.242220e+02
1.243257e+02
1.244295e+02
1.245331e+02
1.246368e+02
1.247404e+02
1.248441e+02
1.249478e+02
1.250514e+02
1.251552e+02
1.252588e+02
1.253625e+02
1.254663e+02
1.255699e+02
1.256736e+02
1.257772e+02
1.258810e+02
1.259846e+02
1.260882e+02
1.261919e+02
1.262957e+02
1.263993e+02
1.265030e+02
1.266066e+02
1.267104e+02
1.268141e+02
1.269178e+02
1.270214e+02
1.271251e+02
1.272288e+02
1.273323e+02
1.274361e+02
1.275397e+02
1.276435e+02
1.277472e+02
1.278508e+02
1.279546e+02
1.280581e+02
1.281619e+02
1.282655e+02
1.283691e+02
1.284729e+02
1.285766e+02
1.286802e+02
1.287838e+02
1.288876e+02
1.289912e+02
1.290949e+02
1.291985e+02
1.293023e+02
1.294059e+02
1.295097e+02
1.296134e+02
1.297170e+02
1.298207e+02
1.299245e+02
1.300282e+02
1.301320e+02
1.302357e+02
1.303395e+02
1.304431e+02
1.305468e+02
1.306504e+02
1.307542e+02
1.308579e+02
1.309615e+02
1.310651e+02
1.311689e+02
1.312725e+02
1.313762e+02
1.314799e+02
1.315836e+02
1.316872e+02
1.317909e+02
1.318945e+02
1.319982e+02
1.321019e+02
1.322055e+02
1.323091e+02
1.324129e+02
1.325166e+02
1.326204e+02
1.327241e+02
1.328278e+02
1.329316e+02
1.330353e+02
1.331391e+02
1.332428e+02
1.333471e+02
1.334503e+02
1.335540e+02
1.336576e+02
1.337614e+02
1.338652e+02
1.339690e+02
1.340728e+02
1.341767e+02
1.342806e+02
1.343844e+02
1.344884e+02
1.345923e+02
1.346963e+02
1.348003e+02
1.349043e+02
1.350084e+02
1.351124e+02
1.352164e+02
1.353205e+02
1.354245e+02
1.355285e+02
1.356326e+02
1.357366e+02
1.358406e+02
1.359446e+02
1.360484e+02
1.361524e+02
1.362563e+02
1.363600e+02
1.364638e+02
1.365675e+02
1.366711e+02
1.367746e+02
1.368782e+02
1.369817e+02
1.370852e+02
1.371887e+02
1.372922e+02
1.373957e+02
1.374992e+02
1.376026e+02
1.377061e+02
1.378096e+02
1.379132e+02
1.380167e+02
1.381204e+02
1.382238e+02
1.383273e+02
1.384310e+02
1.385344e+02
1.386381e+02
1.387417e+02
1.388453e+02
1.389489e+02
1.390525e+02
1.391563e+02
1.392599e+02
1.393636e+02
1.394672e+02
1.395710e+02
1.396747e+02
1.397785e+02
1.398822e+02
1.399859e+02
1.400897e+02
1.401933e+02
1.402971e+02
1.404008e+02
1.405045e+02
1.406082e+02
1.407119e+02
1.408156e+02
1.409193e+02
1.410231e+02
1.411268e+02
1.412306e+02
1.413343e+02
1.414382e+02
1.415419e+02
1.416457e+02
1.417494e+02
1.418531e+02
1.419569e+02
1.420605e+02
1.421643e+02
1.422680e+02
1.423717e+02
1.424753e+02
1.425791e+02
1.426828e+02
1.427866e+02
1.428904e+02
1.429942e+02
1.430979e+02
1.432018e+02
1.433055e+02
1.434092e+02
1.435130e+02
1.436167e+02
1.437205e+02
1.438243e+02
1.439281e+02
1.440318e+02
1.441356e+02
1.442394e+02
1.443432e+02
1.444469e+02
1.445506e+02
1.446544e+02
1.447581e+02
1.448617e+02
1.449655e+02
1.450691e+02
1.451729e+02
1.452766e+02
1.453803e+02
1.454839e+02
1.455878e+02
1.456915e+02
1.457951e+02
1.458989e+02
1.460026e+02
1.461064e+02
1.462101e+02
1.463138e+02
1.464177e+02
1.465215e+02
1.466252e+02
1.467288e+02
1.468326e+02
1.469363e+02
1.470399e+02
1.471436e+02
1.472474e+02
1.473511e+02
1.474547e+02
1.475585e+02
1.476621e+02
1.477658e+02
1.478696e+02
1.479733e+02
1.480770e+02
1.481807e+02
1.482843e+02
1.483880e+02
1.484917e+02
1.485953e+02
1.486990e+02
1.488027e+02
1.489064e+02
1.490102e+02
1.491139e+02
1.492176e+02
1.493213e+02
1.494251e+02
1.495288e+02
1.496325e+02
1.497363e+02
1.498400e+02
1.499438e+02
1.500475e+02
1.501514e+02
1.502551e+02
1.503589e+02
1.504626e+02
1.505663e+02
1.506701e+02
1.507738e+02
1.508774e+02
1.509812e+02
1.510849e+02
1.511887e+02
1.512925e+02
1.513963e+02
1.514999e+02
1.516036e+02
1.517074e+02
1.518111e+02
1.519147e+02
1.520185e+02
1.521221e+02
1.522258e+02
1.523294e+02
1.524331e+02
1.525367e+02
1.526403e+02
1.527440e+02
1.528476e+02
1.529514e+02
1.530550e+02
1.531587e+02
1.532623e+02
1.533661e+02
1.534698e+02
1.535733e+02
1.536771e+02
1.537807e+02
1.538844e+02
1.539880e+02
1.540934e+02
1.541954e+02
1.542990e+02
1.544027e+02
1.545063e+02
1.546100e+02
1.547136e+02
1.548173e+02
1.549209e+02
1.550247e+02
1.551283e+02
1.552320e+02
1.553356e+02
1.554394e+02
1.555430e+02
1.556466e+02
1.557504e+02
1.558540e+02
1.559577e+02
1.560615e+02
1.561652e+02
1.562688e+02
1.563725e+02
1.564763e+02
1.565799e+02
1.566836e+02
1.567874e+02
1.568912e+02
1.569948e+02
1.570985e+02
1.572022e+02
1.573060e+02
1.574097e+02
1.575134e+02
1.576171e+02
1.577208e+02
1.578245e+02
1.579283e+02
1.580320e+02
1.581356e+02
1.582394e+02
1.583430e+02
1.584467e+02
1.585505e+02
1.586542e+02
1.587580e+02
1.588617e+02
1.589654e+02
1.590692e+02
1.591729e+02
1.592770e+02
1.593803e+02
1.594840e+02
1.595876e+02
1.596914e+02
1.597951e+02
1.598987e+02
1.600025e+02
1.601062e+02
1.602100e+02
1.603136e+02
1.604173e+02
1.605210e+02
1.606248e+02
1.607284e+02
1.608322e+02
1.609359e+02
1.610395e+02
1.611434e+02
1.612471e+02
1.613508e+02
1.614546e+02
1.615583e+02
1.616620e+02
1.617657e+02
1.618694e+02
1.619732e+02
1.620769e+02
1.621805e+02
1.622843e+02
1.623880e+02
1.624916e+02
1.625954e+02
1.626990e+02
1.628027e+02
1.629063e+02
1.630101e+02
1.631138e+02
1.632174e+02
1.633212e+02
1.634249e+02
1.635285e+02
1.636323e+02
1.637360e+02
1.638396e+02
1.639434e+02
1.640471e+02
1.641507e+02
1.642545e+02
1.643582e+02
1.644619e+02
1.645657e+02
1.646694e+02
1.647732e+02
1.648768e+02
1.649805e+02
1.650843e+02
1.651880e+02
1.652916e+02
1.653953e+02
1.654991e+02
1.656028e+02
1.657066e+02
1.658104e+02
1.659141e+02
1.660178e+02
1.661215e+02
1.662253e+02
1.663289e+02
1.664326e+02
1.665364e+02
1.666400e+02
1.667437e+02
1.668475e+02
1.669512e+02
1.670549e+02
1.671587e+02
1.672624e+02
1.673660e+02
1.674698e+02
1.675734e+02
1.676772e+02
1.677809e+02
1.678845e+02
1.679883e+02
1.680919e+02
1.681956e+02
1.682992e+02
1.684028e+02
1.685066e+02
1.686102e+02
1.687139e+02
1.688175e+02
1.689212e+02
1.690249e+02
1.691285e+02
1.692323e+02
1.693359e+02
1.694396e+02
1.695433e+02
1.696470e+02
1.697508e+02
1.698544e+02
1.699582e+02
1.700619e+02
1.701657e+02
1.702694e+02
1.703731e+02
1.704770e+02
1.705807e+02
1.706845e+02
1.707884e+02
1.708921e+02
1.709960e+02
1.710997e+02
1.712034e+02
1.713073e+02
1.714111e+02
1.715148e+02
1.716184e+02
1.717221e+02
1.718259e+02
1.719295e+02
1.720332e+02
1.721370e+02
1.722407e+02
1.723445e+02
1.724481e+02
1.725518e+02
1.726556e+02
1.727592e+02
1.728629e+02
1.729667e+02
1.730704e+02
1.731741e+02
1.732779e+02
1.733816e+02
1.734854e+02
1.735891e+02
1.736927e+02
1.737965e+02
1.739001e+02
1.740038e+02
1.741075e+02
1.742113e+02
1.743151e+02
1.744188e+02
1.745224e+02
1.746261e+02
1.747297e+02
1.748335e+02
1.749371e+02
1.750409e+02
1.751446e+02
1.752483e+02
1.753519e+02
1.754556e+02
1.755593e+02
1.756629e+02
1.757666e+02
1.758704e+02
1.759740e+02
1.760777e+02
1.761814e+02
1.762851e+02
1.763888e+02
1.764925e+02
1.765962e+02
1.766998e+02
1.768034e+02
1.769072e+02
1.770109e+02
1.771145e+02
1.772182e+02
1.773219e+02
1.774255e+02
1.775293e+02
1.776330e+02
1.777366e+02
1.778404e+02
1.779438e+02
1.780473e+02
1.781509e+02
1.782545e+02
1.783583e+02
1.784619e+02
1.785656e+02
1.786694e+02
1.787731e+02
1.788769e+02
1.789806e+02
1.790843e+02
1.791881e+02
1.792918e+02
1.793955e+02
1.794992e+02
1.796029e+02
1.797067e+02
1.798104e+02
1.799143e+02
1.800180e+02
1.801217e+02
1.802256e+02
1.803294e+02
1.804330e+02
1.805367e+02
1.806405e+02
1.807441e+02
1.808478e+02
1.809515e+02
1.810553e+02
1.811589e+02
1.812626e+02
1.813664e+02
1.814701e+02
1.815739e+02
1.816776e+02
1.817815e+02
1.818852e+02
1.819890e+02
1.820927e+02
1.821964e+02
1.823003e+02
1.824040e+02
1.825077e+02
1.826115e+02
1.827153e+02
1.828194e+02
1.829227e+02
1.830266e+02
1.831302e+02
1.832340e+02
1.833378e+02
1.834414e+02
1.835453e+02
1.836489e+02
1.837527e+02
1.838563e+02
1.839599e+02
1.840636e+02
1.841673e+02
1.842708e+02
1.843745e+02
1.844780e+02
1.845816e+02
1.846852e+02
1.847887e+02
1.848923e+02
1.849958e+02
1.850994e+02
1.852029e+02
1.853065e+02
1.854100e+02
1.855137e+02
1.856171e+02
1.857207e+02
1.858243e+02
1.859280e+02
1.860316e+02
1.861353e+02
1.862391e+02
1.863428e+02
1.864466e+02
1.865503e+02
1.866542e+02
1.867579e+02
1.868619e+02
1.869657e+02
1.870698e+02
1.871736e+02
1.872776e+02
1.873816e+02
1.874855e+02
1.875893e+02
1.876932e+02
1.877970e+02
1.879009e+02
1.880048e+02
1.881088e+02
1.882127e+02
1.883167e+02
1.884206e+02
1.885246e+02
1.886285e+02
1.887325e+02
1.888363e+02
1.889402e+02
1.890440e+02
1.891478e+02
1.892515e+02
1.893553e+02
1.894590e+02
1.895629e+02
1.896666e+02
1.897704e+02
1.898741e+02
1.899778e+02
1.900815e+02
1.901852e+02
1.902888e+02
1.903926e+02
1.904962e+02
1.905999e+02
1.907036e+02
1.908074e+02
1.909111e+02
1.910148e+02
1.911185e+02
1.912222e+02
1.913258e+02
1.914295e+02
1.915332e+02
1.916369e+02
1.917407e+02
1.918444e+02
1.919482e+02
1.920519e+02
1.921556e+02
1.922594e+02
1.923630e+02
1.924667e+02
1.925704e+02
1.926741e+02
1.927778e+02
1.928815e+02
1.929852e+02
1.930889e+02
1.931926e+02
1.932962e+02
1.933999e+02
1.935035e+02
1.936071e+02
1.937109e+02
1.938145e+02
1.939181e+02
1.940217e+02
1.941254e+02
1.942290e+02
1.943327e+02
1.944363e+02
1.945399e+02
1.946437e+02
1.947474e+02
1.948510e+02
1.949548e+02
1.950584e+02
1.951621e+02
1.952657e+02
1.953693e+02
1.954731e+02
1.955767e+02
1.956804e+02
1.957841e+02
1.958877e+02
1.959914e+02
1.960950e+02
1.961986e+02
1.963024e+02
1.964060e+02
1.965096e+02
1.966134e+02
1.967170e+02
1.968207e+02
1.969243e+02
1.970279e+02
1.971316e+02
1.972353e+02
1.973389e+02
1.974426e+02
1.975463e+02
1.976499e+02
1.977535e+02
1.978572e+02
1.979609e+02
1.980646e+02
1.981682e+02
1.982720e+02
1.983756e+02
1.984792e+02
1.985830e+02
1.986867e+02
1.987903e+02
1.988941e+02
1.989978e+02
1.991015e+02
1.992052e+02
1.993089e+02
1.994126e+02
1.995162e+02
1.996197e+02
1.997235e+02
1.998271e+02
1.999308e+02
2.000344e+02
2.001382e+02
2.002419e+02
2.003455e+02
2.004493e+02
2.005530e+02
2.006567e+02
2.007605e+02
2.008642e+02
2.009680e+02
2.010717e+02
2.011755e+02
2.012792e+02
2.013829e+02
2.014865e+02
2.015903e+02
2.016940e+02
2.017978e+02
2.019015e+02
2.020052e+02
2.021090e+02
2.022127e+02
2.023165e+02
2.024202e+02
2.025239e+02
2.026277e+02
2.027313e+02
2.028350e+02
2.029388e+02
2.030425e+02
2.031463e+02
2.032500e+02
2.033537e+02
2.034575e+02
2.035612e+02
2.036650e+02
2.037687e+02
2.038726e+02
2.039763e+02
2.040802e+02
2.041839e+02
2.042878e+02
2.043915e+02
2.044953e+02
2.045990e+02
2.047027e+02
2.048065e+02
2.049102e+02
2.050140e+02
2.051177e+02
2.052214e+02
2.053252e+02
2.054291e+02
2.055327e+02
2.056364e+02
2.057402e+02
2.058439e+02
2.059475e+02
2.060511e+02
2.061547e+02
2.062584e+02
2.063620e+02
2.064667e+02
2.065691e+02
2.066727e+02
2.067764e+02
2.068799e+02
2.069835e+02
2.070872e+02
2.071907e+02
2.072943e+02
2.073977e+02
2.075014e+02
2.076050e+02
2.077086e+02
2.078122e+02
2.079159e+02
2.080197e+02
2.081234e+02
2.082272e+02
2.083309e+02
2.084348e+02
2.085385e+02
2.086423e+02
2.087461e+02
2.088500e+02
2.089539e+02
2.090578e+02
2.091618e+02
2.092657e+02
2.093697e+02
2.094736e+02
2.095774e+02
2.096814e+02
2.097854e+02
2.098894e+02
2.099933e+02
2.100972e+02
2.102013e+02
2.103052e+02
2.104092e+02
2.105133e+02
2.106171e+02
2.107211e+02
2.108251e+02
2.109290e+02
2.110330e+02
2.111370e+02
2.112409e+02
2.113450e+02
2.114491e+02
2.115525e+02
2.116564e+02
2.117602e+02
2.118642e+02
2.119678e+02
2.120714e+02
2.121752e+02
2.122790e+02
2.123827e+02
2.124868e+02
2.125901e+02
2.126939e+02
2.127976e+02
2.129012e+02
2.130051e+02
2.131087e+02
2.132123e+02
2.133162e+02
2.134198e+02
2.135236e+02
2.136273e+02
2.137310e+02
2.138349e+02
2.139385e+02
2.140424e+02
2.141458e+02
2.142495e+02
2.143532e+02
2.144569e+02
2.145606e+02
2.146643e+02
2.147680e+02
2.148717e+02
2.149754e+02
2.150794e+02
2.151828e+02
2.152864e+02
2.153901e+02
2.154940e+02
2.155978e+02
2.157015e+02
2.158055e+02
2.159088e+02
2.160126e+02
2.161163e+02
2.162199e+02
2.163237e+02
2.164274e+02
2.165312e+02
2.166348e+02
2.167385e+02
2.168423e+02
2.169459e+02
2.170496e+02
2.171533e+02
2.172570e+02
2.173605e+02
2.174641e+02
2.175678e+02
2.176715e+02
2.177752e+02
2.178788e+02
2.179826e+02
2.180865e+02
2.181900e+02
2.182936e+02
2.183974e+02
2.185010e+02
2.186046e+02
2.187082e+02
2.188120e+02
2.189157e+02
2.190193e+02
2.191230e+02
2.192265e+02
2.193303e+02
2.194340e+02
2.195376e+02
2.196414e+02
2.197451e+02
2.198489e+02
2.199525e+02
2.200562e+02
2.201598e+02
2.202636e+02
2.203672e+02
2.204711e+02
2.205747e+02
2.206783e+02
2.207821e+02
2.208858e+02
2.209895e+02
2.210931e+02
2.211968e+02
2.213006e+02
2.214043e+02
2.215081e+02
2.216118e+02
2.217154e+02
2.218191e+02
2.219228e+02
2.220265e+02
2.221301e+02
2.222339e+02
2.223377e+02
2.224413e+02
2.225450e+02
2.226486e+02
2.227523e+02
2.228561e+02
2.229598e+02
2.230636e+02
2.231672e+02
2.232710e+02
2.233747e+02
2.234783e+02
2.235820e+02
2.236857e+02
2.237894e+02
2.238931e+02
2.239967e+02
2.241004e+02
2.242041e+02
2.243078e+02
2.244116e+02
2.245152e+02
2.246189e+02
2.247227e+02
2.248264e+02
2.249302e+02
2.250338e+02
2.251375e+02
2.252413e+02
2.253450e+02
2.254486e+02
2.255524e+02
2.256562e+02
2.257598e+02
2.258634e+02
2.259672e+02
2.260708e+02
2.261746e+02
2.262783e+02
2.263819e+02
2.264857e+02
2.265894e+02
2.266931e+02
2.267968e+02
2.269005e+02
2.270042e+02
2.271079e+02
2.272117e+02
2.273155e+02
2.274193e+02
2.275231e+02
2.276266e+02
2.277304e+02
2.278341e+02
2.279379e+02
2.280416e+02
2.281452e+02
2.282488e+02
2.283526e+02
2.284562e+02
2.285599e+02
2.286636e+02
2.287675e+02
2.288710e+02
2.289746e+02
2.290784e+02
2.291821e+02
2.292859e+02
2.293905e+02
2.294932e+02
2.295968e+02
2.297006e+02
2.298042e+02
2.299078e+02
2.300115e+02
2.301152e+02
2.302189e+02
2.303226e+02
2.304263e+02
2.305300e+02
2.306338e+02
2.307374e+02
2.308411e+02
2.309449e+02
2.310485e+02
2.311524e+02
2.312561e+02
2.313599e+02
2.314638e+02
2.315676e+02
2.316714e+02
2.317751e+02
2.318789e+02
2.319826e+02
2.320862e+02
2.321900e+02
2.322936e+02
2.323973e+02
2.325009e+02
2.326047e+02
2.327082e+02
2.328119e+02
2.329158e+02
2.330190e+02
2.331226e+02
2.332263e+02
2.333299e+02
2.334335e+02
2.335371e+02
2.336408e+02
2.337444e+02
2.338481e+02
2.339519e+02
2.340556e+02
2.341593e+02
2.342629e+02
2.343665e+02
2.344703e+02
2.345740e+02
2.346776e+02
2.347814e+02
2.348851e+02
2.349887e+02
2.350925e+02
2.351961e+02
2.352997e+02
2.354034e+02
2.355070e+02
2.356108e+02
2.357144e+02
2.358181e+02
2.359218e+02
2.360255e+02
2.361291e+02
2.362327e+02
2.363365e+02
2.364401e+02
2.365438e+02
2.366474e+02
2.367512e+02
2.368549e+02
2.369585e+02
2.370623e+02
2.371660e+02
2.372698e+02
2.373735e+02
2.374771e+02
2.375809e+02
2.376846e+02
2.377882e+02
2.378920e+02
2.379957e+02
2.380994e+02
2.382031e+02
2.383068e+02
2.384104e+02
2.385141e+02
2.386177e+02
2.387211e+02
2.388247e+02
2.389284e+02
2.390325e+02
2.391355e+02
2.392392e+02
2.393429e+02
2.394465e+02
2.395502e+02
2.396538e+02
2.397575e+02
2.398611e+02
2.399647e+02
2.400682e+02
2.401719e+02
2.402756e+02
2.403793e+02
2.404829e+02
2.405866e+02
2.406903e+02
2.407940e+02
2.408977e+02
2.410016e+02
2.411052e+02
2.412088e+02
2.413125e+02
2.414163e+02
2.415200e+02
2.416237e+02
2.417274e+02
2.418311e+02
2.419347e+02
2.420384e+02
2.421422e+02
2.422458e+02
2.423495e+02
2.424533e+02
2.425570e+02
2.426612e+02
2.427644e+02
2.428680e+02
2.429718e+02
2.430755e+02
2.431791e+02
2.432827e+02
2.433865e+02
2.434901e+02
2.435940e+02
2.436974e+02
2.438011e+02
2.439048e+02
2.440085e+02
2.441121e+02
2.442159e+02
2.443195e+02
2.444232e+02
2.445269e+02
2.446311e+02
2.447345e+02
2.448379e+02
2.449416e+02
2.450452e+02
2.451489e+02
2.452525e+02
2.453563e+02
2.454599e+02
2.455636e+02
2.456674e+02
2.457711e+02
2.458747e+02
2.459785e+02
2.460821e+02
2.461858e+02
2.462896e+02
2.463932e+02
2.464969e+02
2.466005e+02
2.467043e+02
2.468079e+02
2.469116e+02
2.470152e+02
2.471190e+02
2.472226e+02
2.473263e+02
2.474300e+02
2.475337e+02
2.476373e+02
2.477411e+02
2.478447e+02
2.479483e+02
2.480520e+02
2.481557e+02
2.482594e+02
2.483630e+02
2.484668e+02
2.485704e+02
2.486742e+02
2.487778e+02
2.488816e+02
2.489853e+02
2.490889e+02
2.491926e+02
2.492963e+02
2.493999e+02
2.495035e+02
2.496071e+02
2.497108e+02
2.498144e+02
2.499181e+02
2.500217e+02
2.501255e+02
2.502292e+02
2.503330e+02
2.504366e+02
2.505403e+02
2.506440e+02
2.507478e+02
2.508515e+02
2.509554e+02
2.510592e+02
2.511629e+02
2.512666e+02
2.513704e+02
2.514741e+02
2.515777e+02
2.516814e+02
2.517852e+02
2.518889e+02
2.519927e+02
2.520963e+02
2.522000e+02
2.523038e+02
2.524074e+02
2.525111e+02
2.526149e+02
2.527185e+02
2.528222e+02
2.529258e+02
2.530296e+02
2.531332e+02
2.532369e+02
2.533406e+02
2.534443e+02
2.535479e+02
2.536516e+02
2.537554e+02
2.538591e+02
2.539628e+02
2.540666e+02
2.541704e+02
2.542741e+02
2.543778e+02
2.544816e+02
2.545853e+02
2.546889e+02
2.547927e+02
2.548963e+02
2.550000e+02
2.551036e+02
2.552074e+02
2.553111e+02
2.554148e+02
2.555186e+02
2.556223e+02
2.557261e+02
2.558308e+02
2.559337e+02
2.560374e+02
2.561412e+02
2.562451e+02
2.563488e+02
2.564525e+02
2.565562e+02
2.566600e+02
2.567637e+02
2.568678e+02
2.569712e+02
2.570748e+02
2.571786e+02
2.572822e+02
2.573859e+02
2.574897e+02
2.575934e+02
2.576972e+02
2.578009e+02
2.579046e+02
2.580083e+02
2.581120e+02
2.582157e+02
2.583194e+02
2.584232e+02
2.585269e+02
2.586306e+02
2.587342e+02
2.588379e+02
2.589416e+02
2.590453e+02
2.591490e+02
2.592529e+02
2.593564e+02
2.594600e+02
2.595637e+02
2.596674e+02
2.597712e+02
2.598748e+02
2.599786e+02
2.600823e+02
2.601861e+02
2.602898e+02
2.603935e+02
2.604972e+02
2.606009e+02
2.607046e+02
2.608083e+02
2.609130e+02
2.610171e+02
2.611195e+02
2.612232e+02
2.613269e+02
2.614305e+02
2.615343e+02
2.616379e+02
2.617415e+02
2.618453e+02
2.619491e+02
2.620526e+02
2.621562e+02
2.622600e+02
2.623636e+02
2.624673e+02
2.625709e+02
2.626747e+02
2.627783e+02
2.628820e+02
2.629858e+02
2.630896e+02
2.631932e+02
2.632969e+02
2.634006e+02
2.635044e+02
2.636081e+02
2.637118e+02
2.638156e+02
2.639193e+02
2.640231e+02
2.641268e+02
2.642309e+02
2.643344e+02
2.644393e+02
2.645419e+02
2.646457e+02
2.647495e+02
2.648533e+02
2.649572e+02
2.650611e+02
2.651649e+02
2.652688e+02
2.653727e+02
2.654765e+02
2.655806e+02
2.656843e+02
2.657881e+02
2.658922e+02
2.659960e+02
2.660999e+02
2.662039e+02
2.663077e+02
2.664116e+02
2.665155e+02
2.666194e+02
2.667234e+02
2.668273e+02
2.669312e+02
2.670349e+02
2.671387e+02
2.672423e+02
2.673459e+02
2.674495e+02
2.675530e+02
2.676565e+02
2.677600e+02
2.678635e+02
2.679669e+02
2.680703e+02
2.681736e+02
2.682769e+02
2.683803e+02
2.684836e+02
2.685872e+02
2.686906e+02
2.687941e+02
2.688976e+02
2.690012e+02
2.691049e+02
2.692085e+02
2.693122e+02
2.694158e+02
2.695195e+02
2.696232e+02
2.697269e+02
2.698306e+02
2.699343e+02
2.700382e+02
2.701416e+02
2.702454e+02
2.703490e+02
2.704527e+02
2.705565e+02
2.706601e+02
2.707638e+02
2.708676e+02
2.709713e+02
2.710749e+02
2.711786e+02
2.712824e+02
2.713861e+02
2.714897e+02
2.715935e+02
2.716971e+02
2.718008e+02
2.719045e+02
2.720082e+02
2.721118e+02
2.722156e+02
2.723193e+02
2.724229e+02
2.725267e+02
2.726304e+02
2.727341e+02
2.728379e+02
2.729419e+02
2.730455e+02
2.731496e+02
2.732533e+02
2.733572e+02
2.734612e+02
2.735653e+02
2.736697e+02
2.737734e+02
2.738775e+02
2.739817e+02
2.740858e+02
2.741900e+02
2.742941e+02
2.743982e+02
2.745022e+02
2.746063e+02
2.747103e+02
2.748143e+02
2.749183e+02
2.750223e+02
2.751262e+02
2.752300e+02
2.753339e+02
2.754379e+02
2.755417e+02
2.756456e+02
2.757495e+02
2.758532e+02
2.759570e+02
2.760606e+02
2.761642e+02
2.762678e+02
2.763714e+02
2.764749e+02
2.765784e+02
2.766818e+02
2.767853e+02
2.768887e+02
2.769923e+02
2.770957e+02
2.771993e+02
2.773029e+02
2.774064e+02
2.775101e+02
2.776137e+02
2.777174e+02
2.778211e+02
2.779248e+02
2.780285e+02
2.781323e+02
2.782359e+02
2.783396e+02
2.784434e+02
2.785471e+02
2.786509e+02
2.787547e+02
2.788584e+02
2.789622e+02
2.790659e+02
2.791697e+02
2.792734e+02
2.793773e+02
2.794810e+02
2.795847e+02
2.796885e+02
2.797924e+02
2.798961e+02
2.799998e+02
2.801036e+02
2.802073e+02
2.803109e+02
2.804147e+02
2.805183e+02
2.806220e+02
2.807258e+02
2.808294e+02
2.809331e+02
2.810369e+02
2.811405e+02
2.812442e+02
2.813480e+02
2.814517e+02
2.815553e+02
2.816591e+02
2.817628e+02
2.818664e+02
2.819702e+02
2.820739e+02
2.821776e+02
2.822813e+02
2.823850e+02
2.824887e+02
2.825925e+02
2.826962e+02
2.828000e+02
2.829039e+02
2.830073e+02
2.831111e+02
2.832148e+02
2.833185e+02
2.834223e+02
2.835261e+02
2.836299e+02
2.837336e+02
2.838374e+02
2.839412e+02
2.840450e+02
2.841488e+02
2.842525e+02
2.843567e+02
2.844601e+02
2.845637e+02
2.846679e+02
2.847712e+02
2.848750e+02
2.849785e+02
2.850823e+02
2.851860e+02
2.852900e+02
2.853934e+02
2.854971e+02
2.856008e+02
2.857046e+02
2.858083e+02
2.859121e+02
2.860158e+02
2.861195e+02
2.862233e+02
2.863270e+02
2.864310e+02
2.865345e+02
2.866381e+02
2.867418e+02
2.868456e+02
2.869493e+02
2.870529e+02
2.871567e+02
2.872603e+02
2.873640e+02
2.874677e+02
2.875714e+02
2.876751e+02
2.877789e+02
2.878826e+02
2.879864e+02
2.880902e+02
2.881937e+02
2.882975e+02
2.884012e+02
2.885048e+02
2.886086e+02
2.887123e+02
2.888160e+02
2.889200e+02
2.890233e+02
2.891270e+02
2.892308e+02
2.893344e+02
2.894381e+02
2.895419e+02
2.896455e+02
2.897492e+02
2.898530e+02
2.899566e+02
2.900603e+02
2.901640e+02
2.902678e+02
2.903716e+02
2.904751e+02
2.905789e+02
2.906826e+02
2.907862e+02
2.908900e+02
2.909936e+02
2.910973e+02
2.912011e+02
2.913048e+02
2.914084e+02
2.915122e+02
2.916158e+02
2.917194e+02
2.918230e+02
2.919266e+02
2.920304e+02
2.921341e+02
2.922376e+02
2.923414e+02
2.924451e+02
2.925488e+02
2.926525e+02
2.927563e+02
2.928599e+02
2.929637e+02
2.930675e+02
2.931711e+02
2.932748e+02
2.933784e+02
2.934821e+02
2.935857e+02
2.936895e+02
2.937932e+02
2.938969e+02
2.940006e+02
2.941042e+02
2.942079e+02
2.943117e+02
2.944154e+02
2.945190e+02
2.946228e+02
2.947266e+02
2.948302e+02
2.949340e+02
2.950376e+02
2.951412e+02
2.952450e+02
2.953486e+02
2.954523e+02
2.955560e+02
2.956597e+02
2.957633e+02
2.958669e+02
2.959706e+02
2.960743e+02
2.961780e+02
2.962816e+02
2.963853e+02
2.964890e+02
2.965927e+02
2.966963e+02
2.968000e+02
2.969037e+02
2.970074e+02
2.971111e+02
2.972149e+02
2.973186e+02
2.974224e+02
2.975261e+02
2.976297e+02
2.977335e+02
2.978371e+02
2.979407e+02
2.980445e+02
2.981480e+02
2.982518e+02
2.983555e+02
2.984592e+02
2.985632e+02
2.986667e+02
2.987707e+02
2.988742e+02
2.989780e+02
2.990816e+02
2.991853e+02
2.992891e+02
2.993930e+02
2.994967e+02
2.996004e+02
2.997041e+02
2.998078e+02
2.999115e+02
3.000154e+02
3.001191e+02
3.002229e+02
3.003266e+02
3.004303e+02
3.005341e+02
3.006378e+02
3.007416e+02
3.008452e+02
3.009489e+02
3.010525e+02
3.011563e+02
3.012600e+02
3.013638e+02
3.014676e+02
3.015714e+02
3.016752e+02
3.017790e+02
3.018827e+02
3.019866e+02
3.020903e+02
3.021941e+02
3.022979e+02
3.024017e+02
3.025054e+02
3.026091e+02
3.027129e+02
3.028166e+02
3.029204e+02
3.030241e+02
3.031279e+02
3.032318e+02
3.033355e+02
3.034390e+02
3.035427e+02
3.036463e+02
3.037499e+02
3.038540e+02
3.039574e+02
3.040610e+02
3.041647e+02
3.042685e+02
3.043722e+02
3.044760e+02
3.045797e+02
3.046834e+02
3.047871e+02
3.048908e+02
3.049945e+02
3.050983e+02
3.052020e+02
3.053058e+02
3.054095e+02
3.055132e+02
3.056169e+02
3.057206e+02
3.058244e+02
3.059281e+02
3.060317e+02
3.061354e+02
3.062392e+02
3.063429e+02
3.064467e+02
3.065504e+02
3.066540e+02
3.067576e+02
3.068614e+02
3.069651e+02
3.070687e+02
3.071725e+02
3.072762e+02
3.073800e+02
3.074836e+02
3.075873e+02
3.076910e+02
3.077948e+02
3.078985e+02
3.080023e+02
3.081060e+02
3.082096e+02
3.083135e+02
3.084171e+02
3.085209e+02
3.086246e+02
3.087283e+02
3.088321e+02
3.089358e+02
3.090394e+02
3.091431e+02
3.092468e+02
3.093504e+02
3.094540e+02
3.095578e+02
3.096614e+02
3.097651e+02
3.098689e+02
3.099732e+02
3.100761e+02
3.101798e+02
3.102846e+02
3.103873e+02
3.104910e+02
3.105948e+02
3.106985e+02
3.108023e+02
3.109059e+02
3.110097e+02
3.111138e+02
3.112172e+02
3.113210e+02
3.114247e+02
3.115284e+02
3.116322e+02
3.117359e+02
3.118397e+02
3.119434e+02
3.120470e+02
3.121508e+02
3.122544e+02
3.123581e+02
3.124619e+02
3.125655e+02
3.126692e+02
3.127728e+02
3.128766e+02
3.129803e+02
3.130841e+02
3.131878e+02
3.132914e+02
3.133952e+02
3.134989e+02
3.136027e+02
3.137065e+02
3.138102e+02
3.139140e+02
3.140177e+02
3.141215e+02
3.142252e+02
3.143288e+02
3.144326e+02
3.145363e+02
3.146399e+02
3.147437e+02
3.148474e+02
3.149511e+02
3.150549e+02
3.151586e+02
3.152624e+02
3.153661e+02
3.154698e+02
3.155736e+02
3.156773e+02
3.157811e+02
3.158849e+02
3.159887e+02
3.160924e+02
3.161961e+02
3.163000e+02
3.164037e+02
3.165075e+02
3.166111e+02
3.167149e+02
3.168186e+02
3.169222e+02
3.170260e+02
3.171297e+02
3.172335e+02
3.173372e+02
3.174410e+02
3.175446e+02
3.176484e+02
3.177521e+02
3.178558e+02
3.179595e+02
3.180632e+02
3.181670e+02
3.182707e+02
3.183746e+02
3.184784e+02
3.185821e+02
3.186858e+02
3.187895e+02
3.188933e+02
3.189970e+02
3.191008e+02
3.192045e+02
3.193082e+02
3.194118e+02
3.195156e+02
3.196193e+02
3.197229e+02
3.198267e+02
3.199304e+02
3.200340e+02
3.201378e+02
3.202415e+02
3.203451e+02
3.204489e+02
3.205526e+02
3.206564e+02
3.207600e+02
3.208637e+02
3.209674e+02
3.210712e+02
3.211749e+02
3.212787e+02
3.213824e+02
3.214862e+02
3.215899e+02
3.216936e+02
3.217975e+02
3.219012e+02
3.220051e+02
3.221088e+02
3.222126e+02
3.223164e+02
3.224202e+02
3.225239e+02
3.226278e+02
3.227316e+02
3.228354e+02
3.229392e+02
3.230430e+02
3.231468e+02
3.232505e+02
3.233543e+02
3.234601e+02
3.235636e+02
3.236655e+02
3.237692e+02
3.238730e+02
3.239768e+02
3.240808e+02
3.241846e+02
3.242882e+02
3.243915e+02
3.244953e+02
3.245990e+02
3.247027e+02
3.248065e+02
3.249101e+02
3.250139e+02
3.251174e+02
3.252212e+02
3.253250e+02
3.254285e+02
3.255323e+02
3.256360e+02
3.257398e+02
3.258435e+02
3.259471e+02
3.260509e+02
3.261545e+02
3.262582e+02
3.263620e+02
3.264657e+02
3.265695e+02
3.266732e+02
3.267769e+02
3.268807e+02
3.269843e+02
3.270880e+02
3.271918e+02
3.272956e+02
3.273992e+02
3.275030e+02
3.276067e+02
3.277106e+02
3.278143e+02
3.279181e+02
3.280219e+02
3.281255e+02
3.282292e+02
3.283328e+02
3.284365e+02
3.285403e+02
3.286440e+02
3.287476e+02
3.288514e+02
3.289550e+02
3.290587e+02
3.291623e+02
3.292661e+02
3.293698e+02
3.294735e+02
3.295772e+02
3.296809e+02
3.297845e+02
3.298883e+02
3.299919e+02
3.300956e+02
3.301994e+02
3.303031e+02
3.304068e+02
3.305106e+02
3.306143e+02
3.307180e+02
3.308217e+02
3.309254e+02
3.310292e+02
3.311328e+02
3.312365e+02
3.313403e+02
3.314439e+02
3.315476e+02
3.316512e+02
3.317548e+02
3.318586e+02
3.319622e+02
3.320659e+02
3.321696e+02
3.322733e+02
3.323769e+02
3.324806e+02
3.325844e+02
3.326881e+02
3.327919e+02
3.328956e+02
3.329994e+02
3.331031e+02
3.332068e+02
3.333106e+02
3.334144e+02
3.335180e+02
3.336219e+02
3.337257e+02
3.338295e+02
3.339331e+02
3.340367e+02
3.341405e+02
3.342441e+02
3.343479e+02
3.344516e+02
3.345553e+02
3.346589e+02
3.347627e+02
3.348664e+02
3.349700e+02
3.350738e+02
3.351775e+02
3.352811e+02
3.353849e+02
3.354886e+02
3.355922e+02
3.356960e+02
3.357996e+02
3.359033e+02
3.360071e+02
3.361108e+02
3.362146e+02
3.363183e+02
3.364220e+02
3.365257e+02
3.366294e+02
3.367331e+02
3.368369e+02
3.369408e+02
3.370444e+02
3.371482e+02
3.372521e+02
3.373557e+02
3.374594e+02
3.375632e+02
3.376669e+02
3.377706e+02
3.378744e+02
3.379781e+02
3.380819e+02
3.381857e+02
3.382894e+02
3.383931e+02
3.384969e+02
3.386006e+02
3.387043e+02
3.388081e+02
3.389118e+02
3.390154e+02
3.391192e+02
3.392229e+02
3.393266e+02
3.394304e+02
3.395341e+02
3.396379e+02
3.397416e+02
3.398453e+02
3.399491e+02
3.400530e+02
3.401567e+02
3.402604e+02
3.403642e+02
3.404679e+02
3.405717e+02
3.406754e+02
3.407793e+02
3.408830e+02
3.409868e+02
3.410904e+02
3.411941e+02
3.412978e+02
3.414015e+02
3.415052e+02
3.416089e+02
3.417127e+02
3.418163e+02
3.419200e+02
3.420238e+02
3.421275e+02
3.422313e+02
3.423350e+02
3.424389e+02
3.425427e+02
3.426466e+02
3.427504e+02
3.428542e+02
3.429582e+02
3.430620e+02
3.431659e+02
3.432697e+02
3.433734e+02
3.434772e+02
3.435810e+02
3.436850e+02
3.437889e+02
3.438932e+02
3.439968e+02
3.441007e+02
3.442047e+02
3.443086e+02
3.444124e+02
3.445162e+02
3.446200e+02
3.447238e+02
3.448275e+02
3.449314e+02
3.450351e+02
3.451389e+02
3.452426e+02
3.453465e+02
3.454501e+02
3.455539e+02
3.456576e+02
3.457612e+02
3.458648e+02
3.459684e+02
3.460720e+02
3.461756e+02
3.462794e+02
3.463830e+02
3.464866e+02
3.465902e+02
3.466939e+02
3.467973e+02
3.469010e+02
3.470047e+02
3.471082e+02
3.472118e+02
3.473155e+02
3.474192e+02
3.475228e+02
3.476264e+02
3.477301e+02
3.478339e+02
3.479376e+02
3.480413e+02
3.481461e+02
3.482487e+02
3.483524e+02
3.484562e+02
3.485598e+02
3.486636e+02
3.487672e+02
3.488708e+02
3.489745e+02
3.490783e+02
3.491820e+02
3.492858e+02
3.493895e+02
3.494932e+02
3.495969e+02
3.497007e+02
3.498045e+02
3.499082e+02
3.500118e+02
3.501156e+02
3.502194e+02
3.503230e+02
3.504267e+02
3.505305e+02
3.506342e+02
3.507380e+02
3.508417e+02
3.509454e+02
3.510491e+02
3.511528e+02
3.512564e+02
3.513602e+02
3.514638e+02
3.515674e+02
3.516711e+02
3.517748e+02
3.518784e+02
3.519820e+02
3.520857e+02
3.521892e+02
3.522928e+02
3.523964e+02
3.524999e+02
3.526034e+02
3.527070e+02
3.528105e+02
3.529141e+02
3.530186e+02
3.531213e+02
3.532249e+02
3.533285e+02
3.534323e+02
3.535358e+02
3.536396e+02
3.537433e+02
3.538471e+02
3.539507e+02
3.540544e+02
3.541582e+02
3.542619e+02
3.543658e+02
3.544695e+02
3.545734e+02
3.546772e+02
3.547812e+02
3.548853e+02
3.549892e+02
3.550931e+02
3.551971e+02
3.553009e+02
3.554049e+02
3.555088e+02
3.556128e+02
3.557168e+02
3.558208e+02
3.559247e+02
3.560287e+02
3.561327e+02
3.562368e+02
3.563407e+02
3.564447e+02
3.565486e+02
3.566524e+02
3.567563e+02
3.568600e+02
3.569638e+02
3.570675e+02
3.571714e+02
3.572751e+02
3.573789e+02
3.574825e+02
3.575862e+02
3.576900e+02
3.577937e+02
3.578975e+02
3.580012e+02
3.581049e+02
3.582087e+02
3.583124e+02
3.584164e+02
3.585198e+02
3.586236e+02
3.587274e+02
3.588313e+02
3.589351e+02
3.590393e+02
3.591429e+02
3.592468e+02
3.593507e+02
3.594547e+02
3.595585e+02
3.596624e+02
3.597663e+02
3.598706e+02
3.599740e+02
3.600779e+02
3.601818e+02
3.602856e+02
3.603894e+02
3.604932e+02
3.605968e+02
3.607006e+02
3.608044e+02
3.609082e+02
3.610119e+02
3.611155e+02
3.612193e+02
3.613231e+02
3.614267e+02
3.615304e+02
3.616341e+02
3.617379e+02
3.618416e+02
3.619453e+02
3.620489e+02
3.621527e+02
3.622564e+02
3.623600e+02
3.624638e+02
3.625675e+02
3.626713e+02
3.627750e+02
3.628786e+02
3.629825e+02
3.630861e+02
3.631896e+02
3.632932e+02
3.633970e+02
3.635006e+02
3.636043e+02
3.637079e+02
3.638114e+02
3.639153e+02
3.640188e+02
3.641224e+02
3.642260e+02
3.643297e+02
3.644344e+02
3.645370e+02
3.646407e+02
3.647444e+02
3.648481e+02
3.649517e+02
3.650553e+02
3.651590e+02
3.652626e+02
3.653664e+02
3.654700e+02
3.655737e+02
3.656775e+02
3.657812e+02
3.658848e+02
3.659884e+02
3.660922e+02
3.661958e+02
3.662995e+02
3.664032e+02
3.665069e+02
3.666106e+02
3.667144e+02
3.668180e+02
3.669217e+02
3.670256e+02
3.671294e+02
3.672330e+02
3.673367e+02
3.674405e+02
3.675442e+02
3.676479e+02
3.677517e+02
3.678554e+02
3.679590e+02
3.680628e+02
3.681665e+02
3.682702e+02
3.683738e+02
3.684775e+02
3.685812e+02
3.686848e+02
3.687883e+02
3.688919e+02
3.689956e+02
3.690993e+02
3.692029e+02
3.693070e+02
3.694104e+02
3.695137e+02
3.696175e+02
3.697211e+02
3.698248e+02
3.699285e+02
3.700322e+02
3.701359e+02
3.702394e+02
3.703432e+02
3.704468e+02
3.705504e+02
3.706541e+02
3.707578e+02
3.708614e+02
3.709651e+02
3.710689e+02
3.711725e+02
3.712761e+02
3.713799e+02
3.714836e+02
3.715872e+02
3.716908e+02
3.717945e+02
3.718983e+02
3.720019e+02
3.721056e+02
3.722094e+02
3.723131e+02
3.724167e+02
3.725203e+02
3.726240e+02
3.727277e+02
3.728313e+02
3.729351e+02
3.730387e+02
3.731424e+02
3.732462e+02
3.733498e+02
3.734535e+02
3.735573e+02
3.736610e+02
3.737648e+02
3.738684e+02
3.739721e+02
3.740758e+02
3.741795e+02
3.742831e+02
3.743868e+02
3.744906e+02
3.745942e+02
3.746979e+02
3.748015e+02
3.749053e+02
3.750090e+02
3.751127e+02
3.752166e+02
3.753201e+02
3.754238e+02
3.755276e+02
3.756313e+02
3.757351e+02
3.758387e+02
3.759426e+02
3.760463e+02
3.761500e+02
3.762538e+02
3.763580e+02
3.764615e+02
3.765651e+02
3.766689e+02
3.767726e+02
3.768764e+02
3.769801e+02
3.770838e+02
3.771874e+02
3.772912e+02
3.773948e+02
3.774985e+02
3.776021e+02
3.777059e+02
3.778096e+02
3.779133e+02
3.780171e+02
3.781207e+02
3.782245e+02
3.783282e+02
3.784318e+02
3.785355e+02
3.786392e+02
3.787429e+02
3.788465e+02
3.789503e+02
3.790540e+02
3.791578e+02
3.792616e+02
3.793653e+02
3.794691e+02
3.795726e+02
3.796762e+02
3.797800e+02
3.798837e+02
3.799874e+02
3.800911e+02
3.801948e+02
3.802985e+02
3.804022e+02
3.805059e+02
3.806095e+02
3.807133e+02
3.808169e+02
3.809206e+02
3.810243e+02
3.811282e+02
3.812320e+02
3.813357e+02
3.814395e+02
3.815432e+02
3.816468e+02
3.817505e+02
3.818542e+02
3.819578e+02
3.820615e+02
3.821651e+02
3.822687e+02
3.823723e+02
3.824761e+02
3.825795e+02
3.826832e+02
3.827868e+02
3.828904e+02
3.829940e+02
3.830976e+02
3.832013e+02
3.833050e+02
3.834086e+02
3.835122e+02
3.836159e+02
3.837197e+02
3.838233e+02
3.839271e+02
3.840308e+02
3.841344e+02
3.842381e+02
3.843419e+02
3.844456e+02
3.845492e+02
3.846530e+02
3.847566e+02
3.848604e+02
3.849641e+02
3.850677e+02
3.851715e+02
3.852752e+02
3.853789e+02
3.854825e+02
3.855863e+02
3.856900e+02
3.857938e+02
3.858974e+02
3.860011e+02
3.861049e+02
3.862086e+02
3.863122e+02
3.864160e+02
3.865196e+02
3.866233e+02
3.867270e+02
3.868308e+02
3.869345e+02
3.870382e+02
3.871419e+02
3.872455e+02
3.873492e+02
3.874530e+02
3.875566e+02
3.876604e+02
3.877641e+02
3.878678e+02
3.879716e+02
3.880752e+02
3.881789e+02
3.882827e+02
3.883864e+02
3.884901e+02
3.885938e+02
3.886974e+02
3.888012e+02
3.889049e+02
3.890086e+02
3.891136e+02
3.892158e+02
3.893196e+02
3.894233e+02
3.895270e+02
3.896308e+02
3.897345e+02
3.898383e+02
3.899420e+02
3.900456e+02
3.901494e+02
3.902531e+02
3.903569e+02
3.904606e+02
3.905642e+02
3.906679e+02
3.907716e+02
3.908753e+02
3.909789e+02
3.910825e+02
3.911863e+02
3.912899e+02
3.913936e+02
3.914972e+02
3.916010e+02
3.917050e+02
3.918085e+02
3.919132e+02
3.920159e+02
3.921197e+02
3.922236e+02
3.923270e+02
3.924308e+02
3.925345e+02
3.926382e+02
3.927421e+02
3.928459e+02
3.929497e+02
3.930535e+02
3.931573e+02
3.932611e+02
3.933648e+02
3.934686e+02
3.935724e+02
3.936762e+02
3.937799e+02
3.938838e+02
3.939875e+02
3.940914e+02
3.941951e+02
3.942990e+02
3.944028e+02
3.945067e+02
3.946104e+02
3.947143e+02
3.948180e+02
3.949218e+02
3.950256e+02
3.951293e+02
3.952332e+02
3.953367e+02
3.954405e+02
3.955444e+02
3.956480e+02
3.957516e+02
3.958552e+02
3.959588e+02
3.960624e+02
3.961660e+02
3.962696e+02
3.963730e+02
3.964765e+02
3.965802e+02
3.966838e+02
3.967873e+02
3.968909e+02
3.969944e+02
3.970980e+02
3.972017e+02
3.973053e+02
3.974091e+02
3.975127e+02
3.976164e+02
3.977202e+02
3.978238e+02
3.979275e+02
3.980311e+02
3.981349e+02
3.982385e+02
3.983422e+02
3.984459e+02
3.985496e+02
3.986533e+02
3.987569e+02
3.988607e+02
3.989644e+02
3.990680e+02
3.991717e+02
3.992754e+02
3.993791e+02
3.994827e+02
3.995865e+02
3.996903e+02
3.997938e+02
3.998976e+02
4.000013e+02
4.001049e+02
4.002087e+02
4.003123e+02
4.004160e+02
4.005196e+02
4.006234e+02
4.007270e+02
4.008308e+02
4.009344e+02
4.010380e+02
4.011418e+02
4.012454e+02
4.013491e+02
4.014527e+02
4.015564e+02
4.016601e+02
4.017638e+02
4.018674e+02
4.019711e+02
4.020748e+02
4.021785e+02
4.022821e+02
4.023858e+02
4.024895e+02
4.025931e+02
4.026967e+02
4.028003e+02
4.029039e+02
4.030077e+02
4.031113e+02
4.032150e+02
4.033191e+02
4.034224e+02
4.035261e+02
4.036297e+02
4.037335e+02
4.038372e+02
4.039408e+02
4.040446e+02
4.041483e+02
4.042519e+02
4.043556e+02
4.044594e+02
4.045629e+02
4.046666e+02
4.047703e+02
4.048740e+02
4.049776e+02
4.050814e+02
4.051851e+02
4.052888e+02
4.053926e+02
4.054963e+02
4.055999e+02
4.057037e+02
4.058074e+02
4.059110e+02
4.060148e+02
4.061185e+02
4.062221e+02
4.063259e+02
4.064296e+02
4.065333e+02
4.066370e+02
4.067406e+02
4.068443e+02
4.069481e+02
4.070517e+02
4.071554e+02
4.072590e+02
4.073628e+02
4.074664e+02
4.075700e+02
4.076738e+02
4.077775e+02
4.078812e+02
4.079850e+02
4.080885e+02
4.081921e+02
4.082962e+02
4.083996e+02
4.085032e+02
4.086069e+02
4.087108e+02
4.088141e+02
4.089179e+02
4.090215e+02
4.091253e+02
4.092289e+02
4.093325e+02
4.094362e+02
4.095398e+02
4.096435e+02
4.097472e+02
4.098508e+02
4.099545e+02
4.100581e+02
4.101619e+02
4.102656e+02
4.103692e+02
4.104731e+02
4.105767e+02
4.106806e+02
4.107841e+02
4.108877e+02
4.109913e+02
4.110950e+02
4.111987e+02
4.113024e+02
4.114060e+02
4.115098e+02
4.116135e+02
4.117171e+02
4.118209e+02
4.119246e+02
4.120282e+02
4.121319e+02
4.122356e+02
4.123392e+02
4.124429e+02
4.125467e+02
4.126503e+02
4.127540e+02
4.128578e+02
4.129615e+02
4.130651e+02
4.131689e+02
4.132729e+02
4.133762e+02
4.134798e+02
4.135836e+02
4.136872e+02
4.137908e+02
4.138945e+02
4.139981e+02
4.141018e+02
4.142054e+02
4.143091e+02
4.144126e+02
4.145163e+02
4.146199e+02
4.147236e+02
4.148271e+02
4.149307e+02
4.150344e+02
4.151381e+02
4.152417e+02
4.153454e+02
4.154490e+02
4.155528e+02
4.156565e+02
4.157603e+02
4.158640e+02
4.159677e+02
4.160715e+02
4.161752e+02
4.162788e+02
4.163826e+02
4.164862e+02
4.165900e+02
4.166937e+02
4.167973e+02
4.169010e+02
4.170048e+02
4.171084e+02
4.172122e+02
4.173159e+02
4.174196e+02
4.175233e+02
4.176270e+02
4.177306e+02
4.178343e+02
4.179381e+02
4.180417e+02
4.181454e+02
4.182489e+02
4.183525e+02
4.184561e+02
4.185597e+02
4.186634e+02
4.187671e+02
4.188707e+02
4.189743e+02
4.190781e+02
4.191817e+02
4.192855e+02
4.193892e+02
4.194929e+02
4.195965e+02
4.197003e+02
4.198040e+02
4.199079e+02
4.200117e+02
4.201155e+02
4.202192e+02
4.203231e+02
4.204268e+02
4.205307e+02
4.206346e+02
4.207384e+02
4.208424e+02
4.209463e+02
4.210503e+02
4.211543e+02
4.212586e+02
4.213621e+02
4.214661e+02
4.215700e+02
4.216738e+02
4.217777e+02
4.218816e+02
4.219854e+02
4.220894e+02
4.221932e+02
4.222970e+02
4.224009e+02
4.225047e+02
4.226085e+02
4.227124e+02
4.228161e+02
4.229201e+02
4.230237e+02
4.231277e+02
4.232312e+02
4.233348e+02
4.234385e+02
4.235422e+02
4.236459e+02
4.237493e+02
4.238529e+02
4.239564e+02
4.240599e+02
4.241634e+02
4.242668e+02
4.243702e+02
4.244737e+02
4.245772e+02
4.246808e+02
4.247844e+02
4.248879e+02
4.249916e+02
4.250952e+02
4.251988e+02
4.253025e+02
4.254061e+02
4.255099e+02
4.256135e+02
4.257172e+02
4.258209e+02
4.259246e+02
4.260282e+02
4.261319e+02
4.262355e+02
4.263393e+02
4.264429e+02
4.265466e+02
4.266503e+02
4.267539e+02
4.268576e+02
4.269613e+02
4.270650e+02
4.271687e+02
4.272726e+02
4.273763e+02
4.274800e+02
4.275841e+02
4.276872e+02
4.277909e+02
4.278946e+02
4.279983e+02
4.281020e+02
4.282057e+02
4.283093e+02
4.284131e+02
4.285167e+02
4.286204e+02
4.287242e+02
4.288278e+02
4.289315e+02
4.290352e+02
4.291390e+02
4.292426e+02
4.293464e+02
4.294500e+02
4.295538e+02
4.296575e+02
4.297611e+02
4.298648e+02
4.299686e+02
4.300723e+02
4.301761e+02
4.302798e+02
4.303834e+02
4.304871e+02
4.305908e+02
4.306945e+02
4.307982e+02
4.309019e+02
4.310056e+02
4.311093e+02
4.312130e+02
4.313167e+02
4.314203e+02
4.315240e+02
4.316277e+02
4.317314e+02
4.318350e+02
4.319388e+02
4.320424e+02
4.321461e+02
4.322499e+02
4.323537e+02
4.324575e+02
4.325614e+02
4.326652e+02
4.327691e+02
4.328731e+02
4.329770e+02
4.330810e+02
4.331850e+02
4.332889e+02
4.333930e+02
4.334970e+02
4.336009e+02
4.337050e+02
4.338089e+02
4.339127e+02
4.340166e+02
4.341205e+02
4.342246e+02
4.343283e+02
4.344322e+02
4.345359e+02
4.346398e+02
4.347435e+02
4.348473e+02
4.349511e+02
4.350549e+02
4.351586e+02
4.352623e+02
4.353660e+02
4.354697e+02
4.355733e+02
4.356769e+02
4.357806e+02
4.358842e+02
4.359877e+02
4.360911e+02
4.361946e+02
4.362981e+02
4.364016e+02
4.365050e+02
4.366099e+02
4.367118e+02
4.368153e+02
4.369189e+02
4.370224e+02
4.371262e+02
4.372298e+02
4.373334e+02
4.374371e+02
4.375407e+02
4.376445e+02
4.377482e+02
4.378518e+02
4.379556e+02
4.380594e+02
4.381631e+02
4.382668e+02
4.383706e+02
4.384742e+02
4.385779e+02
4.386817e+02
4.387854e+02
4.388890e+02
4.389928e+02
4.390966e+02
4.392005e+02
4.393040e+02
4.394077e+02
4.395115e+02
4.396151e+02
4.397188e+02
4.398224e+02
4.399260e+02
4.400298e+02
4.401334e+02
4.402371e+02
4.403409e+02
4.404445e+02
4.405482e+02
4.406520e+02
4.407557e+02
4.408595e+02
4.409631e+02
4.410668e+02
4.411704e+02
4.412742e+02
4.413778e+02
4.414815e+02
4.415853e+02
4.416889e+02
4.417926e+02
4.418962e+02
4.420000e+02
4.421038e+02
4.422073e+02
4.423111e+02
4.424148e+02
4.425184e+02
4.426221e+02
4.427257e+02
4.428293e+02
4.429330e+02
4.430367e+02
4.431404e+02
4.432441e+02
4.433477e+02
4.434518e+02
4.435552e+02
4.436588e+02
4.437626e+02
4.438662e+02
4.439698e+02
4.440735e+02
4.441772e+02
4.442808e+02
4.443845e+02
4.444881e+02
4.445919e+02
4.446956e+02
4.447992e+02
4.449028e+02
4.450066e+02
4.451102e+02
4.452139e+02
4.453175e+02
4.454213e+02
4.455249e+02
4.456286e+02
4.457323e+02
4.458360e+02
4.459397e+02
4.460433e+02
4.461471e+02
4.462508e+02
4.463546e+02
4.464583e+02
4.465620e+02
4.466657e+02
4.467694e+02
4.468730e+02
4.469768e+02
4.470805e+02
4.471842e+02
4.472879e+02
4.473916e+02
4.474954e+02
4.475991e+02
4.477028e+02
4.478064e+02
4.479103e+02
4.480139e+02
4.481177e+02
4.482217e+02
4.483250e+02
4.484292e+02
4.485326e+02
4.486362e+02
4.487405e+02
4.488438e+02
4.489475e+02
4.490517e+02
4.491549e+02
4.492588e+02
4.493622e+02
4.494658e+02
4.495695e+02
4.496733e+02
4.497772e+02
4.498807e+02
4.499844e+02
4.500881e+02
4.501919e+02
4.502955e+02
4.503991e+02
4.505028e+02
4.506064e+02
4.507101e+02
4.508137e+02
4.509174e+02
4.510210e+02
4.511248e+02
4.512285e+02
4.513320e+02
4.514356e+02
4.515393e+02
4.516430e+02
4.517467e+02
4.518504e+02
4.519542e+02
4.520579e+02
4.521617e+02
4.522653e+02
4.523690e+02
4.524728e+02
4.525764e+02
4.526801e+02
4.527837e+02
4.528875e+02
4.529912e+02
4.530948e+02
4.531984e+02
4.533023e+02
4.534058e+02
4.535094e+02
4.536130e+02
4.537168e+02
4.538204e+02
4.539240e+02
4.540277e+02
4.541314e+02
4.542351e+02
4.543390e+02
4.544425e+02
4.545464e+02
4.546498e+02
4.547535e+02
4.548572e+02
4.549608e+02
4.550645e+02
4.551682e+02
4.552718e+02
4.553755e+02
4.554791e+02
4.555828e+02
4.556865e+02
4.557902e+02
4.558938e+02
4.559976e+02
4.561013e+02
4.562049e+02
4.563087e+02
4.564124e+02
4.565160e+02
4.566197e+02
4.567234e+02
4.568271e+02
4.569308e+02
4.570345e+02
4.571382e+02
4.572418e+02
4.573454e+02
4.574492e+02
4.575529e+02
4.576566e+02
4.577601e+02
4.578639e+02
4.579675e+02
4.580713e+02
4.581750e+02
4.582787e+02
4.583825e+02
4.584861e+02
4.585898e+02
4.586935e+02
4.587972e+02
4.589009e+02
4.590045e+02
4.591081e+02
4.592119e+02
4.593157e+02
4.594194e+02
4.595231e+02
4.596269e+02
4.597306e+02
4.598343e+02
4.599381e+02
4.600417e+02
4.601454e+02
4.602492e+02
4.603529e+02
4.604567e+02
4.605604e+02
4.606640e+02
4.607677e+02
4.608715e+02
4.609753e+02
4.610791e+02
4.611829e+02
4.612866e+02
4.613903e+02
4.614939e+02
4.615977e+02
4.617014e+02
4.618050e+02
4.619088e+02
4.620124e+02
4.621160e+02
4.622197e+02
4.623235e+02
4.624271e+02
4.625308e+02
4.626344e+02
4.627381e+02
4.628418e+02
4.629455e+02
4.630492e+02
4.631529e+02
4.632570e+02
4.633604e+02
4.634641e+02
4.635679e+02
4.636716e+02
4.637752e+02
4.638790e+02
4.639827e+02
4.640863e+02
4.641901e+02
4.642937e+02
4.643978e+02
4.645014e+02
4.646049e+02
4.647086e+02
4.648123e+02
4.649160e+02
4.650198e+02
4.651234e+02
4.652270e+02
4.653307e+02
4.654343e+02
4.655381e+02
4.656417e+02
4.657454e+02
4.658492e+02
4.659529e+02
4.660566e+02
4.661603e+02
4.662640e+02
4.663676e+02
4.664713e+02
4.665750e+02
4.666786e+02
4.667824e+02
4.668861e+02
4.669898e+02
4.670934e+02
4.671972e+02
4.673010e+02
4.674046e+02
4.675083e+02
4.676119e+02
4.677156e+02
4.678192e+02
4.679231e+02
4.680266e+02
4.681303e+02
4.682339e+02
4.683377e+02
4.684414e+02
4.685450e+02
4.686488e+02
4.687524e+02
4.688561e+02
4.689599e+02
4.690635e+02
4.691672e+02
4.692710e+02
4.693747e+02
4.694785e+02
4.695822e+02
4.696858e+02
4.697896e+02
4.698933e+02
4.699970e+02
4.701008e+02
4.702045e+02
4.703082e+02
4.704120e+02
4.705157e+02
4.706196e+02
4.707234e+02
4.708271e+02
4.709308e+02
4.710346e+02
4.711382e+02
4.712419e+02
4.713456e+02
4.714494e+02
4.715533e+02
4.716569e+02
4.717606e+02
4.718644e+02
4.719681e+02
4.720717e+02
4.721755e+02
4.722791e+02
4.723828e+02
4.724866e+02
4.725903e+02
4.726941e+02
4.727978e+02
4.729015e+02
4.730055e+02
4.731090e+02
4.732127e+02
4.733165e+02
4.734202e+02
4.735239e+02
4.736277e+02
4.737314e+02
4.738354e+02
4.739388e+02
4.740424e+02
4.741461e+02
4.742498e+02
4.743536e+02
4.744572e+02
4.745610e+02
4.746646e+02
4.747683e+02
4.748720e+02
4.749757e+02
4.750794e+02
4.751832e+02
4.752868e+02
4.753905e+02
4.754943e+02
4.755980e+02
4.757017e+02
4.758055e+02
4.759092e+02
4.760130e+02
4.761167e+02
4.762205e+02
4.763242e+02
4.764279e+02
4.765317e+02
4.766354e+02
4.767390e+02
4.768428e+02
4.769465e+02
4.770501e+02
4.771539e+02
4.772576e+02
4.773613e+02
4.774650e+02
4.775687e+02
4.776725e+02
4.777762e+02
4.778799e+02
4.779837e+02
4.780875e+02
4.781913e+02
4.782951e+02
4.783987e+02
4.785026e+02
4.786064e+02
4.787102e+02
4.788141e+02
4.789178e+02
4.790216e+02
4.791254e+02
4.792291e+02
4.793329e+02
4.794367e+02
4.795404e+02
4.796442e+02
4.797480e+02
4.798518e+02
4.799554e+02
4.800591e+02
4.801628e+02
4.802665e+02
4.803702e+02
4.804738e+02
4.805776e+02
4.806812e+02
4.807849e+02
4.808886e+02
4.809924e+02
4.810961e+02
4.811998e+02
4.813035e+02
4.814072e+02
4.815110e+02
4.816149e+02
4.817185e+02
4.818223e+02
4.819262e+02
4.820299e+02
4.821338e+02
4.822375e+02
4.823415e+02
4.824455e+02
4.825490e+02
4.826529e+02
4.827567e+02
4.828604e+02
4.829643e+02
4.830681e+02
4.831719e+02
4.832759e+02
