0.000000e+00
1.036224e-01
2.073629e-01
3.111100e-01
4.147193e-01
5.184567e-01
6.220732e-01
7.258298e-01
8.294451e-01
9.332733e-01
1.036910e+00
1.140707e+00
1.244359e+00
1.348022e+00
1.451768e+00
1.555435e+00
1.659119e+00
1.762841e+00
1.866472e+00
1.970217e+00
2.073967e+00
2.177556e+00
2.281400e+00
2.384920e+00
2.488759e+00
2.592714e+00
2.696130e+00
2.799872e+00
2.903611e+00
3.007297e+00
3.110968e+00
3.214711e+00
3.318450e+00
3.422204e+00
3.525934e+00
3.629737e+00
3.733288e+00
3.837040e+00
3.940706e+00
4.044378e+00
4.148178e+00
4.251969e+00
4.355482e+00
4.459222e+00
4.563076e+00
4.666701e+00
4.770484e+00
4.874246e+00
4.978046e+00
5.081789e+00
5.185528e+00
5.289263e+00
5.393118e+00
5.496625e+00
5.600389e+00
5.704107e+00
5.807856e+00
5.911587e+00
6.015335e+00
6.119088e+00
6.222681e+00
6.326425e+00
6.430189e+00
6.533926e+00
6.637645e+00
6.741479e+00
6.845152e+00
6.948887e+00
7.052603e+00
7.156218e+00
7.259974e+00
7.363575e+00
7.467317e+00
7.571056e+00
7.674803e+00
7.778413e+00
7.882182e+00
7.985894e+00
8.089637e+00
8.193377e+00
8.297112e+00
8.400858e+00
8.504596e+00
8.608208e+00
8.711952e+00
8.815710e+00
8.919438e+00
9.023178e+00
9.126915e+00
9.230656e+00
9.334394e+00
9.438154e+00
9.542003e+00
9.645744e+00
9.749480e+00
9.853243e+00
9.957019e+00
1.006070e+01
1.016444e+01
1.026819e+01
1.037192e+01
1.047554e+01
1.057930e+01
1.068302e+01
1.078676e+01
1.089056e+01
1.099439e+01
1.109813e+01
1.120186e+01
1.130561e+01
1.140933e+01
1.151295e+01
1.161671e+01
1.172043e+01
1.182418e+01
1.192778e+01
1.203154e+01
1.213514e+01
1.223888e+01
1.234272e+01
1.244637e+01
1.255004e+01
1.265373e+01
1.275734e+01
1.286109e+01
1.296481e+01
1.306843e+01
1.317219e+01
1.327579e+01
1.337940e+01
1.348316e+01
1.358676e+01
1.369051e+01
1.379424e+01
1.389798e+01
1.400172e+01
1.410534e+01
1.420908e+01
1.431282e+01
1.441643e+01
1.452018e+01
1.462379e+01
1.472740e+01
1.483114e+01
1.493476e+01
1.503838e+01
1.514212e+01
1.524585e+01
1.534960e+01
1.545336e+01
1.555708e+01
1.566069e+01
1.576443e+01
1.586817e+01
1.597182e+01
1.607561e+01
1.617938e+01
1.628308e+01
1.638664e+01
1.649080e+01
1.659446e+01
1.669795e+01
1.680155e+01
1.690522e+01
1.700895e+01
1.711271e+01
1.721635e+01
1.732008e+01
1.742379e+01
1.752755e+01
1.763126e+01
1.773488e+01
1.783862e+01
1.794237e+01
1.804613e+01
1.814985e+01
1.825371e+01
1.835736e+01
1.846107e+01
1.856481e+01
1.866856e+01
1.877230e+01
1.887603e+01
1.897979e+01
1.908364e+01
1.918737e+01
1.929112e+01
1.939498e+01
1.949872e+01
1.960259e+01
1.970645e+01
1.981019e+01
1.991408e+01
2.001780e+01
2.012166e+01
2.022541e+01
2.032927e+01
2.043302e+01
2.053688e+01
2.064063e+01
2.074448e+01
2.084835e+01
2.095227e+01
2.105595e+01
2.115998e+01
2.126360e+01
2.136752e+01
2.147131e+01
2.157515e+01
2.167895e+01
2.178287e+01
2.188663e+01
2.199038e+01
2.209423e+01
2.219813e+01
2.230172e+01
2.240551e+01
2.250921e+01
2.261293e+01
2.271699e+01
2.282030e+01
2.292403e+01
2.302766e+01
2.313143e+01
2.323501e+01
2.333877e+01
2.344251e+01
2.354611e+01
2.364971e+01
2.375346e+01
2.385708e+01
2.396082e+01
2.406443e+01
2.416818e+01
2.427179e+01
2.437553e+01
2.447916e+01
2.458276e+01
2.468637e+01
2.478986e+01
2.489348e+01
2.499709e+01
2.510071e+01
2.520432e+01
2.530799e+01
2.541155e+01
2.551530e+01
2.561891e+01
2.572253e+01
2.582640e+01
2.593010e+01
2.603384e+01
2.613777e+01
2.624112e+01
2.634484e+01
2.644846e+01
2.655225e+01
2.665582e+01
2.675946e+01
2.686304e+01
2.696669e+01
2.707040e+01
2.717405e+01
2.727776e+01
2.738137e+01
2.748514e+01
2.758885e+01
2.769247e+01
2.779621e+01
2.789983e+01
2.800361e+01
2.810728e+01
2.821092e+01
2.831462e+01
2.841828e+01
2.852190e+01
2.862565e+01
2.872937e+01
2.883302e+01
2.893674e+01
2.904047e+01
2.914421e+01
2.924796e+01
2.935170e+01
2.945531e+01
2.955905e+01
2.966280e+01
2.976654e+01
2.987015e+01
2.997389e+01
3.007763e+01
3.018138e+01
3.028511e+01
3.038875e+01
3.049247e+01
3.059621e+01
3.069994e+01
3.080356e+01
3.090733e+01
3.101106e+01
3.111482e+01
3.121855e+01
3.132216e+01
3.142590e+01
3.152968e+01
3.163334e+01
3.173689e+01
3.184061e+01
3.194420e+01
3.204795e+01
3.215171e+01
3.225543e+01
3.235920e+01
3.246291e+01
3.256669e+01
3.267039e+01
3.277414e+01
3.287788e+01
3.298149e+01
3.308523e+01
3.318897e+01
3.329272e+01
3.339647e+01
3.350019e+01
3.360396e+01
3.370767e+01
3.381141e+01
3.391516e+01
3.401890e+01
3.412251e+01
3.422625e+01
3.432999e+01
3.443373e+01
3.453750e+01
3.464121e+01
3.474495e+01
3.484870e+01
3.495237e+01
3.505604e+01
3.515990e+01
3.526350e+01
3.536715e+01
3.547076e+01
3.557450e+01
3.567824e+01
3.578199e+01
3.588584e+01
3.598951e+01
3.609323e+01
3.619696e+01
3.630068e+01
3.640457e+01
3.650807e+01
3.661180e+01
3.671553e+01
3.681915e+01
3.692276e+01
3.702650e+01
3.713024e+01
3.723385e+01
3.733760e+01
3.744121e+01
3.754495e+01
3.764857e+01
3.775223e+01
3.785579e+01
3.795942e+01
3.806315e+01
3.816677e+01
3.827051e+01
3.837414e+01
3.847786e+01
3.858161e+01
3.868522e+01
3.878900e+01
3.889258e+01
3.899632e+01
3.909993e+01
3.920367e+01
3.930729e+01
3.941103e+01
3.951477e+01
3.961839e+01
3.972212e+01
3.982589e+01
3.992961e+01
4.003337e+01
4.013709e+01
4.024083e+01
4.034457e+01
4.044831e+01
4.055205e+01
4.065579e+01
4.075953e+01
4.086328e+01
4.096695e+01
4.107065e+01
4.117438e+01
4.127801e+01
4.138174e+01
4.148545e+01
4.158927e+01
4.169269e+01
4.179645e+01
4.190017e+01
4.200379e+01
4.210753e+01
4.221138e+01
4.231503e+01
4.241876e+01
4.252249e+01
4.262636e+01
4.273009e+01
4.283384e+01
4.293758e+01
4.304144e+01
4.314531e+01
4.324918e+01
4.335308e+01
4.345691e+01
4.356089e+01
4.366476e+01
4.376875e+01
4.387262e+01
4.397663e+01
4.408048e+01
4.418434e+01
4.428835e+01
4.439220e+01
4.449608e+01
4.459995e+01
4.470382e+01
4.480764e+01
4.491151e+01
4.501526e+01
4.511915e+01
4.522289e+01
4.532674e+01
4.543048e+01
4.553435e+01
4.563808e+01
4.574183e+01
4.584559e+01
4.594921e+01
4.605281e+01
4.615657e+01
4.626017e+01
4.636391e+01
4.646756e+01
4.657114e+01
4.667476e+01
4.677835e+01
4.688197e+01
4.698561e+01
4.708927e+01
4.719282e+01
4.729632e+01
4.739994e+01
4.750342e+01
4.760703e+01
4.771066e+01
4.781428e+01
4.791787e+01
4.802162e+01
4.812523e+01
4.822897e+01
4.833259e+01
4.843625e+01
4.853982e+01
4.864356e+01
4.874730e+01
4.885093e+01
4.895465e+01
4.905841e+01
4.916218e+01
4.926578e+01
4.936949e+01
4.947323e+01
4.957702e+01
4.968066e+01
4.978436e+01
4.988826e+01
4.999181e+01
5.009552e+01
5.019916e+01
5.030291e+01
5.040652e+01
5.051026e+01
5.061388e+01
5.071763e+01
5.082133e+01
5.092509e+01
5.102879e+01
5.113248e+01
5.123617e+01
5.133983e+01
5.144343e+01
5.154718e+01
5.165091e+01
5.175478e+01
5.185851e+01
5.196238e+01
5.206624e+01
5.217017e+01
5.227411e+01
5.237809e+01
5.248208e+01
5.258622e+01
5.269019e+01
5.279430e+01
5.289829e+01
5.300228e+01
5.310615e+01
5.321014e+01
5.331413e+01
5.341814e+01
5.352211e+01
5.362610e+01
5.373009e+01
5.383408e+01
5.393795e+01
5.404194e+01
5.414581e+01
5.424954e+01
5.435341e+01
5.445715e+01
5.456081e+01
5.466451e+01
5.476812e+01
5.487186e+01
5.497548e+01
5.507906e+01
5.518251e+01
5.528616e+01
5.538944e+01
5.549293e+01
5.559642e+01
5.569981e+01
5.580329e+01
5.590671e+01
5.601015e+01
5.611351e+01
5.621711e+01
5.632073e+01
5.642422e+01
5.652786e+01
5.663160e+01
5.673557e+01
5.683896e+01
5.694255e+01
5.704629e+01
5.714991e+01
5.725353e+01
5.735726e+01
5.746090e+01
5.756464e+01
5.766825e+01
5.777199e+01
5.787571e+01
5.797921e+01
5.808296e+01
5.818672e+01
5.829030e+01
5.839405e+01
5.849778e+01
5.860152e+01
5.870514e+01
5.880884e+01
5.891252e+01
5.901621e+01
5.911972e+01
5.922347e+01
5.932709e+01
5.943085e+01
5.953448e+01
5.963806e+01
5.974167e+01
5.984542e+01
5.994902e+01
6.005280e+01
6.015638e+01
6.026000e+01
6.036374e+01
6.046735e+01
6.057097e+01
6.067461e+01
6.077836e+01
6.088205e+01
6.098561e+01
6.108927e+01
6.119291e+01
6.129657e+01
6.140023e+01
6.150389e+01
6.160763e+01
6.171126e+01
6.181498e+01
6.191872e+01
6.202234e+01
6.212608e+01
6.222969e+01
6.233350e+01
6.243717e+01
6.254080e+01
6.264454e+01
6.274827e+01
6.285189e+01
6.295550e+01
6.305929e+01
6.316298e+01
6.326660e+01
6.337034e+01
6.347395e+01
6.357769e+01
6.368131e+01
6.378505e+01
6.388880e+01
6.399252e+01
6.409616e+01
6.419989e+01
6.430352e+01
6.440724e+01
6.451098e+01
6.461459e+01
6.471834e+01
6.482195e+01
6.492571e+01
6.502930e+01
6.513306e+01
6.523666e+01
6.534028e+01
6.544405e+01
6.554767e+01
6.565125e+01
6.575487e+01
6.585854e+01
6.596223e+01
6.606586e+01
6.616948e+01
6.627314e+01
6.637677e+01
6.648040e+01
6.658405e+01
6.668773e+01
6.679141e+01
6.689501e+01
6.699875e+01
6.710237e+01
6.720611e+01
6.730972e+01
6.741350e+01
6.751722e+01
6.762082e+01
6.772456e+01
6.782830e+01
6.793191e+01
6.803553e+01
6.813927e+01
6.824301e+01
6.834672e+01
6.845039e+01
6.855406e+01
6.865760e+01
6.876122e+01
6.886496e+01
6.896860e+01
6.907233e+01
6.917593e+01
6.927955e+01
6.938331e+01
6.948699e+01
6.959064e+01
6.969438e+01
6.979799e+01
6.990163e+01
7.000535e+01
7.010897e+01
7.021259e+01
7.031633e+01
7.041995e+01
7.052368e+01
7.062730e+01
7.073103e+01
7.083475e+01
7.093843e+01
7.104217e+01
7.114575e+01
7.124963e+01
7.135314e+01
7.145672e+01
7.156048e+01
7.166412e+01
7.176770e+01
7.187137e+01
7.197519e+01
7.207868e+01
7.218228e+01
7.228591e+01
7.238963e+01
7.249325e+01
7.259700e+01
7.270070e+01
7.280422e+01
7.290787e+01
7.301158e+01
7.311521e+01
7.321894e+01
7.332256e+01
7.342631e+01
7.352991e+01
7.363352e+01
7.373726e+01
7.384088e+01
7.394449e+01
7.404811e+01
7.415172e+01
7.425546e+01
7.435909e+01
7.446282e+01
7.456644e+01
7.467019e+01
7.477379e+01
7.487753e+01
7.498127e+01
7.508489e+01
7.518868e+01
7.529237e+01
7.539608e+01
7.549972e+01
7.560379e+01
7.570722e+01
7.581082e+01
7.591461e+01
7.601849e+01
7.612195e+01
7.622568e+01
7.632940e+01
7.643304e+01
7.653664e+01
7.664040e+01
7.674409e+01
7.684776e+01
7.695135e+01
7.705512e+01
7.715872e+01
7.726236e+01
7.736606e+01
7.746973e+01
7.757329e+01
7.767703e+01
7.778064e+01
7.788439e+01
7.798800e+01
7.809174e+01
7.819542e+01
7.829899e+01
7.840260e+01
7.850623e+01
7.860982e+01
7.871345e+01
7.881705e+01
7.892054e+01
7.902415e+01
7.912764e+01
7.923127e+01
7.933475e+01
7.943837e+01
7.954186e+01
7.964535e+01
7.974884e+01
7.985246e+01
7.995594e+01
8.005958e+01
8.016305e+01
8.026669e+01
8.037028e+01
8.047390e+01
8.057751e+01
8.068126e+01
8.078502e+01
8.088900e+01
8.099254e+01
8.109623e+01
8.119999e+01
8.130370e+01
8.140759e+01
8.151153e+01
8.161536e+01
8.171930e+01
8.182317e+01
8.192701e+01
8.203088e+01
8.213464e+01
8.223849e+01
8.234235e+01
8.244621e+01
8.255008e+01
8.265382e+01
8.275768e+01
8.286155e+01
8.296542e+01
8.306928e+01
8.317315e+01
8.327702e+01
8.338088e+01
8.348475e+01
8.358851e+01
8.369223e+01
8.379597e+01
8.389958e+01
8.400336e+01
8.410694e+01
8.421056e+01
8.431429e+01
8.441792e+01
8.452165e+01
8.462527e+01
8.472901e+01
8.483265e+01
8.493636e+01
8.503998e+01
8.514359e+01
8.524738e+01
8.535095e+01
8.545469e+01
8.555830e+01
8.566205e+01
8.576566e+01
8.586983e+01
8.597312e+01
8.607707e+01
8.618033e+01
8.628401e+01
8.638761e+01
8.649124e+01
8.659483e+01
8.669857e+01
8.680224e+01
8.690582e+01
8.700956e+01
8.711325e+01
8.721721e+01
8.732065e+01
8.742427e+01
8.752802e+01
8.763172e+01
8.773535e+01
8.783910e+01
8.794274e+01
8.804645e+01
8.815021e+01
8.825381e+01
8.835757e+01
8.846117e+01
8.856491e+01
8.866901e+01
8.877233e+01
8.887606e+01
8.897963e+01
8.908324e+01
8.918759e+01
8.929066e+01
8.939433e+01
8.949795e+01
8.960170e+01
8.970531e+01
8.980906e+01
8.991266e+01
9.001627e+01
9.011989e+01
9.022351e+01
9.032724e+01
9.043086e+01
9.053448e+01
9.063809e+01
9.074183e+01
9.084565e+01
9.094925e+01
9.105279e+01
9.115644e+01
9.126007e+01
9.136451e+01
9.146733e+01
9.157098e+01
9.167444e+01
9.177793e+01
9.188138e+01
9.198487e+01
9.208846e+01
9.219203e+01
9.229546e+01
9.239893e+01
9.250242e+01
9.260594e+01
9.270944e+01
9.281302e+01
9.291661e+01
9.302014e+01
9.312375e+01
9.322736e+01
9.333099e+01
9.343460e+01
9.353820e+01
9.364182e+01
9.374552e+01
9.384905e+01
9.395281e+01
9.405640e+01
9.416002e+01
9.426376e+01
9.436765e+01
9.447137e+01
9.457523e+01
9.467910e+01
9.478309e+01
9.488696e+01
9.499094e+01
9.509493e+01
9.519893e+01
9.530291e+01
9.540694e+01
9.551099e+01
9.561476e+01
9.571877e+01
9.582275e+01
9.592661e+01
9.603065e+01
9.613440e+01
9.623820e+01
9.634195e+01
9.644568e+01
9.654958e+01
9.665320e+01
9.675683e+01
9.686053e+01
9.696415e+01
9.706783e+01
9.717137e+01
9.727512e+01
9.737873e+01
9.748234e+01
9.758608e+01
9.768970e+01
9.779346e+01
9.789719e+01
9.800079e+01
9.810658e+01
9.820817e+01
9.831177e+01
9.841551e+01
9.851912e+01
9.862274e+01
9.872636e+01
9.882997e+01
9.893359e+01
9.903720e+01
9.914094e+01
9.924462e+01
9.934830e+01
9.945192e+01
9.955565e+01
9.965928e+01
9.976291e+01
9.986663e+01
9.997027e+01
1.000739e+02
1.001776e+02
1.002812e+02
1.003850e+02
1.004886e+02
1.005923e+02
1.006959e+02
1.007995e+02
1.009033e+02
1.010070e+02
1.011107e+02
1.012143e+02
1.013179e+02
1.014216e+02
1.015253e+02
1.016290e+02
1.017326e+02
1.018363e+02
1.019401e+02
1.020437e+02
1.021475e+02
1.022511e+02
1.023548e+02
1.024584e+02
1.025621e+02
1.026659e+02
1.027695e+02
1.028731e+02
1.029767e+02
1.030805e+02
1.031841e+02
1.032879e+02
1.033914e+02
1.034952e+02
1.035988e+02
1.037024e+02
1.038061e+02
1.039099e+02
1.040135e+02
1.041171e+02
1.042207e+02
1.043243e+02
1.044281e+02
1.045317e+02
1.046355e+02
1.047391e+02
1.048425e+02
1.049462e+02
1.050502e+02
1.051535e+02
1.052571e+02
1.053609e+02
1.054645e+02
1.055681e+02
1.056717e+02
1.057755e+02
1.058809e+02
1.059829e+02
1.060865e+02
1.061901e+02
1.062938e+02
1.063974e+02
1.065010e+02
1.066047e+02
1.067084e+02
1.068120e+02
1.069158e+02
1.070193e+02
1.071231e+02
1.072270e+02
1.073304e+02
1.074342e+02
1.075379e+02
1.076415e+02
1.077453e+02
1.078489e+02
1.079525e+02
1.080563e+02
1.081600e+02
1.082636e+02
1.083671e+02
1.084708e+02
1.085745e+02
1.086781e+02
1.087817e+02
1.088854e+02
1.089891e+02
1.090927e+02
1.091964e+02
1.093000e+02
1.094036e+02
1.095072e+02
1.096110e+02
1.097146e+02
1.098182e+02
1.099220e+02
1.100256e+02
1.101293e+02
1.102330e+02
1.103366e+02
1.104403e+02
1.105439e+02
1.106477e+02
1.107513e+02
1.108552e+02
1.109586e+02
1.110623e+02
1.111659e+02
1.112695e+02
1.113733e+02
1.114768e+02
1.115806e+02
1.116842e+02
1.117879e+02
1.118916e+02
1.119953e+02
1.120989e+02
1.122025e+02
1.123063e+02
1.124100e+02
1.125136e+02
1.126173e+02
1.127210e+02
1.128247e+02
1.129284e+02
1.130320e+02
1.131358e+02
1.132394e+02
1.133430e+02
1.134468e+02
1.135505e+02
1.136541e+02
1.137579e+02
1.138615e+02
1.139652e+02
1.140688e+02
1.141726e+02
1.142762e+02
1.143799e+02
1.144835e+02
1.145872e+02
1.146908e+02
1.147944e+02
1.148980e+02
1.150016e+02
1.151052e+02
1.152089e+02
1.153125e+02
1.154168e+02
1.155198e+02
1.156236e+02
1.157272e+02
1.158310e+02
1.159346e+02
1.160383e+02
1.161419e+02
1.162456e+02
1.163493e+02
1.164530e+02
1.165566e+02
1.166603e+02
1.167640e+02
1.168676e+02
1.169713e+02
1.170749e+02
1.171785e+02
1.172823e+02
1.173859e+02
1.174895e+02
1.175931e+02
1.176967e+02
1.178005e+02
1.179041e+02
1.180079e+02
1.181115e+02
1.182151e+02
1.183187e+02
1.184224e+02
1.185260e+02
1.186298e+02
1.187334e+02
1.188370e+02
1.189408e+02
1.190444e+02
1.191481e+02
1.192517e+02
1.193554e+02
1.194591e+02
1.195627e+02
1.196663e+02
1.197699e+02
1.198737e+02
1.199773e+02
1.200810e+02
1.201848e+02
1.202885e+02
1.203923e+02
1.204960e+02
1.205999e+02
1.207036e+02
1.208074e+02
1.209113e+02
1.210150e+02
1.211188e+02
1.212223e+02
1.213260e+02
1.214306e+02
1.215336e+02
1.216374e+02
1.217414e+02
1.218448e+02
1.219485e+02
1.220522e+02
1.221560e+02
1.222597e+02
1.223633e+02
1.224671e+02
1.225707e+02
1.226744e+02
1.227780e+02
1.228818e+02
1.229855e+02
1.230893e+02
1.231930e+02
1.232967e+02
1.234005e+02
1.235043e+02
1.236082e+02
1.237117e+02
1.238153e+02
1.239191e+02
1.240227e+02
1.241262e+02
1.242298e+02
1.243333e+02
1.244368e+02
1.245401e+02
1.246436e+02
1.247470e+02
1.248503e+02
1.249538e+02
1.250572e+02
1.251607e+02
1.252642e+02
1.253677e+02
1.254712e+02
1.255748e+02
1.256783e+02
1.257820e+02
1.258865e+02
1.259905e+02
1.260931e+02
1.261967e+02
1.263004e+02
1.264040e+02
1.265077e+02
1.266113e+02
1.267151e+02
1.268187e+02
1.269224e+02
1.270260e+02
1.271299e+02
1.272335e+02
1.273371e+02
1.274409e+02
1.275446e+02
1.276482e+02
1.277518e+02
1.278556e+02
1.279592e+02
1.280629e+02
1.281667e+02
1.282704e+02
1.283740e+02
1.284778e+02
1.285816e+02
1.286853e+02
1.287890e+02
1.288926e+02
1.289963e+02
1.291000e+02
1.292037e+02
1.293074e+02
1.294109e+02
1.295147e+02
1.296183e+02
1.297219e+02
1.298256e+02
1.299293e+02
1.300330e+02
1.301366e+02
1.302404e+02
1.303440e+02
1.304476e+02
1.305513e+02
1.306549e+02
1.307588e+02
1.308627e+02
1.309663e+02
1.310702e+02
1.311740e+02
1.312781e+02
1.313817e+02
1.314857e+02
1.315894e+02
1.316931e+02
1.317970e+02
1.319008e+02
1.320049e+02
1.321086e+02
1.322123e+02
1.323162e+02
1.324199e+02
1.325237e+02
1.326274e+02
1.327311e+02
1.328349e+02
1.329386e+02
1.330422e+02
1.331460e+02
1.332496e+02
1.333533e+02
1.334569e+02
1.335605e+02
1.336643e+02
1.337680e+02
1.338716e+02
1.339753e+02
1.340789e+02
1.341825e+02
1.342861e+02
1.343896e+02
1.344933e+02
1.345968e+02
1.347003e+02
1.348039e+02
1.349074e+02
1.350110e+02
1.351145e+02
1.352181e+02
1.353216e+02
1.354250e+02
1.355286e+02
1.356321e+02
1.357357e+02
1.358408e+02
1.359429e+02
1.360465e+02
1.361501e+02
1.362538e+02
1.363573e+02
1.364609e+02
1.365647e+02
1.366683e+02
1.367721e+02
1.368758e+02
1.369794e+02
1.370830e+02
1.371867e+02
1.372904e+02
1.373941e+02
1.374977e+02
1.376014e+02
1.377050e+02
1.378087e+02
1.379124e+02
1.380160e+02
1.381196e+02
1.382234e+02
1.383270e+02
1.384306e+02
1.385344e+02
1.386380e+02
1.387417e+02
1.388455e+02
1.389491e+02
1.390527e+02
1.391563e+02
1.392600e+02
1.393636e+02
1.394674e+02
1.395710e+02
1.396747e+02
1.397783e+02
1.398820e+02
1.399856e+02
1.400892e+02
1.401928e+02
1.402964e+02
1.404001e+02
1.405037e+02
1.406073e+02
1.407108e+02
1.408144e+02
1.409181e+02
1.410216e+02
1.411251e+02
1.412287e+02
1.413324e+02
1.414364e+02
1.415395e+02
1.416431e+02
1.417468e+02
1.418503e+02
1.419539e+02
1.420576e+02
1.421613e+02
1.422649e+02
1.423686e+02
1.424722e+02
1.425758e+02
1.426795e+02
1.427831e+02
1.428868e+02
1.429904e+02
1.430941e+02
1.431977e+02
1.433013e+02
1.434054e+02
1.435085e+02
1.436122e+02
1.437159e+02
1.438196e+02
1.439231e+02
1.440268e+02
1.441305e+02
1.442341e+02
1.443377e+02
1.444413e+02
1.445449e+02
1.446485e+02
1.447522e+02
1.448558e+02
1.449594e+02
1.450630e+02
1.451667e+02
1.452704e+02
1.453740e+02
1.454776e+02
1.455812e+02
1.456850e+02
1.457886e+02
1.458922e+02
1.459958e+02
1.460999e+02
1.462032e+02
1.463069e+02
1.464105e+02
1.465143e+02
1.466181e+02
1.467218e+02
1.468254e+02
1.469293e+02
1.470330e+02
1.471364e+02
1.472401e+02
1.473443e+02
1.474475e+02
1.475510e+02
1.476548e+02
1.477584e+02
1.478620e+02
1.479656e+02
1.480692e+02
1.481729e+02
1.482765e+02
1.483805e+02
1.484838e+02
1.485874e+02
1.486912e+02
1.487948e+02
1.488986e+02
1.490021e+02
1.491059e+02
1.492095e+02
1.493131e+02
1.494167e+02
1.495205e+02
1.496243e+02
1.497278e+02
1.498314e+02
1.499352e+02
1.500389e+02
1.501425e+02
1.502463e+02
1.503499e+02
1.504535e+02
1.505571e+02
1.506609e+02
1.507645e+02
1.508682e+02
1.509719e+02
1.510754e+02
1.511791e+02
1.512827e+02
1.513865e+02
1.514901e+02
1.515937e+02
1.516975e+02
1.518011e+02
1.519048e+02
1.520084e+02
1.521125e+02
1.522157e+02
1.523193e+02
1.524229e+02
1.525266e+02
1.526303e+02
1.527339e+02
1.528377e+02
1.529414e+02
1.530460e+02
1.531486e+02
1.532522e+02
1.533560e+02
1.534596e+02
1.535634e+02
1.536670e+02
1.537706e+02
1.538742e+02
1.539778e+02
1.540814e+02
1.541850e+02
1.542888e+02
1.543924e+02
1.544960e+02
1.545996e+02
1.547034e+02
1.548070e+02
1.549107e+02
1.550143e+02
1.551180e+02
1.552217e+02
1.553253e+02
1.554289e+02
1.555327e+02
1.556363e+02
1.557400e+02
1.558445e+02
1.559482e+02
1.560509e+02
1.561546e+02
1.562582e+02
1.563621e+02
1.564657e+02
1.565694e+02
1.566732e+02
1.567768e+02
1.568809e+02
1.569841e+02
1.570880e+02
1.571914e+02
1.572950e+02
1.573989e+02
1.575024e+02
1.576061e+02
1.577097e+02
1.578135e+02
1.579172e+02
1.580209e+02
1.581249e+02
1.582284e+02
1.583322e+02
1.584360e+02
1.585396e+02
1.586435e+02
1.587473e+02
1.588510e+02
1.589548e+02
1.590586e+02
1.591624e+02
1.592663e+02
1.593702e+02
1.594739e+02
1.595777e+02
1.596814e+02
1.597852e+02
1.598890e+02
1.599928e+02
1.600964e+02
1.602001e+02
1.603037e+02
1.604075e+02
1.605113e+02
1.606148e+02
1.607186e+02
1.608223e+02
1.609260e+02
1.610297e+02
1.611334e+02
1.612371e+02
1.613408e+02
1.614445e+02
1.615481e+02
1.616519e+02
1.617553e+02
1.618590e+02
1.619626e+02
1.620663e+02
1.621697e+02
1.622733e+02
1.623768e+02
1.624804e+02
1.625838e+02
1.626874e+02
1.627909e+02
1.628944e+02
1.629979e+02
1.631014e+02
1.632050e+02
1.633084e+02
1.634120e+02
1.635153e+02
1.636188e+02
1.637225e+02
1.638258e+02
1.639294e+02
1.640329e+02
1.641365e+02
1.642401e+02
1.643438e+02
1.644474e+02
1.645508e+02
1.646546e+02
1.647581e+02
1.648618e+02
1.649654e+02
1.650689e+02
1.651726e+02
1.652767e+02
1.653798e+02
1.654834e+02
1.655871e+02
1.656908e+02
1.657945e+02
1.658981e+02
1.660017e+02
1.661053e+02
1.662090e+02
1.663126e+02
1.664163e+02
1.665199e+02
1.666236e+02
1.667272e+02
1.668309e+02
1.669345e+02
1.670383e+02
1.671417e+02
1.672455e+02
1.673491e+02
1.674527e+02
1.675563e+02
1.676599e+02
1.677637e+02
1.678673e+02
1.679709e+02
1.680746e+02
1.681783e+02
1.682819e+02
1.683856e+02
1.684892e+02
1.685928e+02
1.686965e+02
1.688001e+02
1.689039e+02
1.690074e+02
1.691112e+02
1.692148e+02
1.693184e+02
1.694220e+02
1.695258e+02
1.696294e+02
1.697331e+02
1.698367e+02
1.699405e+02
1.700441e+02
1.701477e+02
1.702515e+02
1.703551e+02
1.704587e+02
1.705624e+02
1.706659e+02
1.707697e+02
1.708739e+02
1.709768e+02
1.710804e+02
1.711840e+02
1.712880e+02
1.713916e+02
1.714950e+02
1.715986e+02
1.717023e+02
1.718058e+02
1.719095e+02
1.720132e+02
1.721169e+02
1.722206e+02
1.723242e+02
1.724277e+02
1.725314e+02
1.726350e+02
1.727386e+02
1.728422e+02
1.729459e+02
1.730496e+02
1.731532e+02
1.732568e+02
1.733604e+02
1.734642e+02
1.735678e+02
1.736716e+02
1.737750e+02
1.738786e+02
1.739824e+02
1.740860e+02
1.741896e+02
1.742932e+02
1.743970e+02
1.745006e+02
1.746042e+02
1.747079e+02
1.748115e+02
1.749151e+02
1.750188e+02
1.751225e+02
1.752261e+02
1.753299e+02
1.754335e+02
1.755372e+02
1.756408e+02
1.757444e+02
1.758481e+02
1.759521e+02
1.760554e+02
1.761591e+02
1.762627e+02
1.763664e+02
1.764700e+02
1.765736e+02
1.766772e+02
1.767808e+02
1.768845e+02
1.769881e+02
1.770918e+02
1.771956e+02
1.772992e+02
1.774029e+02
1.775065e+02
1.776101e+02
1.777138e+02
1.778175e+02
1.779211e+02
1.780247e+02
1.781285e+02
1.782321e+02
1.783358e+02
1.784394e+02
1.785431e+02
1.786467e+02
1.787504e+02
1.788541e+02
1.789576e+02
1.790613e+02
1.791649e+02
1.792685e+02
1.793722e+02
