1 9.31323e-10 1.12777e-10 0 -9.31323e-10 1 -4.65661e-10 7.45058e-09 -1.34605e-10 -9.31323e-10 1 0
0.999999 -0.000219728 0.00176528 0.00461192 0.000218351 1 0.000778752 -0.0220325 -0.00176545 -0.000778367 0.999998 0.430917
0.999996 0.00144441 0.00258146 0.00900222 -0.00144107 0.999998 -0.00129503 -0.0301501 -0.00258333 0.0012913 0.999996 0.857505
0.999992 0.00302288 0.00248741 -0.00211285 -0.003015 0.999991 -0.00316552 -0.039111 -0.00249695 0.003158 0.999992 1.28713
0.999997 0.00176895 0.00164931 -0.000439144 -0.00176226 0.99999 -0.00404551 -0.047445 -0.00165645 0.00404259 0.999991 1.70934
0.999997 -0.00112269 -0.0020495 0.0119638 0.00111369 0.99999 -0.00439015 -0.0582588 0.00205441 0.00438785 0.999988 2.13809
0.999972 -0.00428594 -0.00607566 0.019522 0.00426879 0.999987 -0.00283199 -0.0723975 0.00608772 0.00280598 0.999978 2.55989
0.9999 -0.00633468 -0.012632 0.00857332 0.00630652 0.999978 -0.00226748 -0.0804936 0.0126461 0.00218758 0.999918 2.9879
0.999894 -0.0046826 -0.0138098 -0.0126358 0.00465794 0.999988 -0.00181714 -0.0909372 0.0138181 0.00175262 0.999903 3.405
0.999822 -0.00361621 -0.0185104 -0.0143613 0.00358292 0.999992 -0.00183109 -0.0994871 0.0185168 0.00176444 0.999827 3.81519
0.999681 -0.00307918 -0.0250912 -0.0282798 0.00303628 0.999994 -0.00174738 -0.112237 0.0250965 0.00167064 0.999684 4.20848
0.999606 -0.00270546 -0.0279251 -0.0416011 0.00266771 0.999996 -0.00138907 -0.12324 0.0279287 0.00131403 0.999609 4.61978
0.999552 -0.00351168 -0.0297251 -0.0646764 0.00346675 0.999993 -0.00156307 -0.131709 0.0297304 0.00145932 0.999557 5.00779
0.99932 -0.00386957 -0.0366806 -0.080561 0.00377971 0.99999 -0.00251873 -0.138988 0.03669 0.00237837 0.999324 5.39604
0.99917 -0.00430317 -0.0404963 -0.0889035 0.00418873 0.999987 -0.00291033 -0.147982 0.0405083 0.00273829 0.999175 5.77351
0.998916 -0.0038058 -0.0463974 -0.109998 0.0037026 0.999991 -0.00230989 -0.157821 0.0464058 0.00213559 0.99892 6.15067
0.998629 -0.00263076 -0.0522866 -0.119814 0.00254509 0.999995 -0.00170498 -0.165687 0.0522908 0.00156957 0.998631 6.51047
0.998451 -0.00184172 -0.055612 -0.15591 0.00179413 0.999998 -0.000905624 -0.177682 0.0556135 0.000804444 0.998452 6.85169
0.998315 -0.00122425 -0.0580094 -0.174073 0.00119445 0.999999 -0.000548286 -0.186673 0.05801 0.000478073 0.998316 7.18847
0.998163 -2.41948e-05 -0.0605901 -0.195137 -2.19559e-05 1 -0.000761002 -0.191819 0.0605901 0.000760932 0.998163 7.50824
0.998031 0.000229037 -0.0627271 -0.21206 -0.000331892 0.999999 -0.00162932 -0.200636 0.0627266 0.00164693 0.998029 7.81194
0.997958 0.000568936 -0.0638739 -0.233025 -0.000710961 0.999997 -0.00220082 -0.208356 0.0638725 0.00224174 0.997956 8.09649
0.997805 0.000618403 -0.0662187 -0.251504 -0.000825142 0.999995 -0.00309473 -0.215364 0.0662165 0.00314258 0.9978 8.38387
0.997711 0.00144141 -0.0676102 -0.274392 -0.00174574 0.999989 -0.00444247 -0.221378 0.067603 0.00455033 0.997702 8.64658
0.997648 0.00206977 -0.0685122 -0.299647 -0.00246877 0.999981 -0.00573969 -0.227126 0.068499 0.00589533 0.997634 8.91039
0.997611 0.00217878 -0.0690455 -0.326013 -0.00266371 0.999972 -0.0069321 -0.234598 0.0690285 0.00709945 0.99759 9.16713
0.99753 0.00136463 -0.0702275 -0.337323 -0.00191774 0.999968 -0.00780925 -0.242608 0.0702145 0.00792463 0.9975 9.42418
0.997583 0.000264912 -0.0694865 -0.357687 -0.000889693 0.999959 -0.0089606 -0.251917 0.0694813 0.00900076 0.997543 9.6796
0.997538 0.000387426 -0.0701326 -0.373813 -0.00112185 0.999945 -0.0104329 -0.26207 0.0701247 0.0104859 0.997483 9.94451
0.997473 0.00212572 -0.0710223 -0.395569 -0.00290637 0.999937 -0.0108902 -0.266984 0.0709947 0.0110691 0.997415 10.2045
0.997344 0.00438128 -0.0727083 -0.416965 -0.00506112 0.999945 -0.00916864 -0.271542 0.0726641 0.00951227 0.997311 10.4808
0.997304 0.0042687 -0.0732611 -0.43989 -0.00469999 0.999973 -0.00571565 -0.275895 0.0732347 0.00604456 0.997296 10.7607
0.997288 0.00293065 -0.0735398 -0.456177 -0.00316752 0.99999 -0.00310448 -0.28004 0.07353 0.003329 0.997287 11.0348
0.997336 0.00139979 -0.0729334 -0.482212 -0.00172833 0.999989 -0.00444175 -0.29143 0.0729263 0.00455597 0.997327 11.3006
0.997353 0.00151345 -0.0726918 -0.49784 -0.0020231 0.999974 -0.00693801 -0.304123 0.0726794 0.00706671 0.99733 11.5655
0.997341 0.00228845 -0.0728346 -0.520295 -0.00289614 0.999962 -0.008239 -0.312052 0.0728129 0.00842804 0.99731 11.8247
0.997316 0.0034647 -0.0731332 -0.542598 -0.00414352 0.99995 -0.00913225 -0.320822 0.0730978 0.00941077 0.99728 12.0801
0.997449 0.00307724 -0.0713114 -0.567352 -0.00377347 0.999947 -0.00963068 -0.325178 0.0712779 0.00987521 0.997408 12.3338
0.997575 0.00124465 -0.0695907 -0.582816 -0.00188304 0.999957 -0.0091086 -0.333188 0.0695764 0.00921755 0.997534 12.5298
0.997704 8.5752e-05 -0.067722 -0.599975 -0.000630239 0.999968 -0.0080187 -0.339871 0.0677192 0.00804297 0.997672 12.7835
0.997775 0.00122087 -0.0666623 -0.62298 -0.00198781 0.999933 -0.0114397 -0.342754 0.0666438 0.0115468 0.99771 13.03
0.997845 0.00498442 -0.0654241 -0.638777 -0.006236 0.999801 -0.01894 -0.347042 0.0653167 0.0193072 0.997678 13.2486
0.997855 0.00609436 -0.0651758 -0.653885 -0.00784791 0.999613 -0.0266828 -0.348775 0.064988 0.0271371 0.997517 13.5046
0.99807 0.00417606 -0.0619629 -0.671676 -0.00601033 0.999548 -0.0294459 -0.356654 0.0618119 0.0297615 0.997644 13.7839
0.99832 -4.96916e-05 -0.0579368 -0.693766 -0.0015119 0.999637 -0.0269092 -0.362042 0.0579171 0.0269516 0.997958 14.037
0.998369 -0.000874479 -0.0570849 -0.701329 -0.00050233 0.999709 -0.0240998 -0.38087 0.0570894 0.0240892 0.998079 14.3712
0.998559 0.000954644 -0.0536577 -0.72482 -0.00218 0.999738 -0.0227827 -0.391708 0.0536219 0.0228668 0.9983 14.6765
0.998676 -0.000176109 -0.0514358 -0.745412 -0.000975468 0.999749 -0.0223627 -0.399959 0.0514269 0.0223832 0.998426 15.0024
0.998779 -0.000205556 -0.0494113 -0.764758 -0.000949423 0.999727 -0.0233502 -0.414128 0.0494026 0.0233686 0.998506 15.3409
0.998977 -0.000861406 -0.0452149 -0.783212 -0.000262693 0.999691 -0.0248495 -0.423748 0.0452223 0.0248359 0.998668 15.6923
0.999009 -0.000703564 -0.0445106 -0.794721 -0.000418482 0.999683 -0.0251942 -0.43972 0.0445142 0.0251878 0.998691 16.0484
0.999037 -0.00155629 -0.0438556 -0.81487 0.000513309 0.999717 -0.0237835 -0.453252 0.0438802 0.023738 0.998755 16.4112
0.999158 -0.00249071 -0.0409446 -0.835363 0.00158266 0.999752 -0.022195 -0.470708 0.0409897 0.0221115 0.998915 16.7873
0.999035 -0.00105182 -0.0439218 -0.858973 0.000159356 0.999794 -0.020318 -0.484489 0.0439341 0.0202914 0.998829 17.1906
0.999065 -0.00190683 -0.0431921 -0.872334 0.00105898 0.999807 -0.0196442 -0.499607 0.0432212 0.0195801 0.998874 17.6168
0.999113 -0.00070359 -0.0420993 -0.881105 -7.91522e-05 0.999827 -0.0185882 -0.516696 0.0421051 0.018575 0.998941 18.0458
0.999075 -0.000346894 -0.0429918 -0.891766 -0.000392848 0.999852 -0.0171969 -0.534892 0.0429914 0.0171979 0.998928 18.509
0.998998 -0.000161084 -0.0447558 -0.927229 -0.00053253 0.99988 -0.0154854 -0.552637 0.0447529 0.0154937 0.998878 18.9289
0.999016 0.00119227 -0.0443356 -0.946607 -0.00184959 0.999889 -0.0147879 -0.570803 0.044313 0.0148554 0.998907 19.4345
0.998849 0.00452933 -0.0477549 -0.968938 -0.00527379 0.999866 -0.0154747 -0.584688 0.0476785 0.0157088 0.998739 19.881
0.998816 0.00755892 -0.0480581 -1.00684 -0.00831875 0.999843 -0.0156304 -0.599172 0.0479324 0.0160117 0.998722 20.3703
0.998781 0.00807695 -0.0486899 -1.03945 -0.00870483 0.999882 -0.0126973 -0.610473 0.0485816 0.0131057 0.998733 20.8539
0.998787 0.00597863 -0.0488729 -1.06287 -0.00638862 0.999946 -0.0082371 -0.622091 0.048821 0.00853934 0.998771 21.3286
0.998848 0.00535602 -0.0476887 -1.07903 -0.00557959 0.999974 -0.00455622 -0.636158 0.047663 0.00481705 0.998852 21.833
0.998702 0.00768585 -0.0503601 -1.11264 -0.00780435 0.999967 -0.0021569 -0.651488 0.0503418 0.00254713 0.998729 22.2871
0.998706 0.0112204 -0.0496011 -1.1333 -0.011292 0.999936 -0.00116426 -0.660417 0.0495848 0.00172285 0.998769 22.7806
0.998542 0.0125849 -0.0525015 -1.16434 -0.0126689 0.999919 -0.00126724 -0.673932 0.0524813 0.00193053 0.99862 23.2776
0.998416 0.0116481 -0.0550523 -1.19429 -0.0118404 0.999925 -0.00316923 -0.681755 0.0550112 0.00381605 0.998479 23.791
0.998244 0.00997895 -0.0583984 -1.20899 -0.0102938 0.999934 -0.00509233 -0.689942 0.0583437 0.00568453 0.99828 24.217
0.998083 0.00936497 -0.0611824 -1.25448 -0.00976339 0.999933 -0.00621632 -0.696249 0.0611201 0.00680175 0.998107 24.671
0.998184 0.01036 -0.0593422 -1.28189 -0.0107299 0.999925 -0.00591838 -0.710532 0.0592764 0.00654437 0.99822 25.1772
0.998345 0.01282 -0.056057 -1.32914 -0.0131339 0.9999 -0.00523556 -0.722509 0.0559842 0.00596314 0.998414 25.712
0.998531 0.0141248 -0.0523153 -1.38291 -0.0143887 0.999886 -0.00467032 -0.732356 0.0522433 0.00541621 0.99862 26.232
0.998769 0.0130327 -0.0478554 -1.37839 -0.0132699 0.999901 -0.00464349 -0.742647 0.0477902 0.00527281 0.998844 26.7242
0.998654 0.0128592 -0.0502474 -1.41443 -0.0131257 0.999901 -0.004978 -0.753537 0.0501785 0.00563084 0.998724 27.2253
0.998786 0.0116014 -0.0478752 -1.43105 -0.0118597 0.999917 -0.00511563 -0.766154 0.0478118 0.0056772 0.99884 27.7665
0.99884 0.0102054 -0.0470695 -1.43458 -0.0104611 0.999932 -0.00519086 -0.777493 0.0470133 0.00567723 0.998878 28.262
0.998835 0.00939918 -0.0473366 -1.46371 -0.00965592 0.99994 -0.00519799 -0.792967 0.0472849 0.00564902 0.998866 28.8249
0.998887 0.00843879 -0.0464071 -1.46378 -0.00869492 0.999948 -0.00532015 -0.803117 0.0463598 0.00571773 0.998908 29.321
0.998839 0.0083265 -0.0474562 -1.49087 -0.00861922 0.999945 -0.0059671 -0.815598 0.0474039 0.00636921 0.998856 29.8314
0.998876 0.00742483 -0.0468269 -1.51332 -0.00773308 0.99995 -0.00640515 -0.828954 0.0467769 0.00676006 0.998883 30.3749
0.998942 0.00572635 -0.0456328 -1.53123 -0.00602658 0.999961 -0.00644434 -0.842782 0.0455941 0.00671253 0.998938 30.8807
0.998903 0.00489674 -0.046574 -1.57078 -0.00521192 0.999964 -0.00664832 -0.854119 0.0465398 0.00688377 0.998893 31.4141
0.999017 0.00424859 -0.0441175 -1.57894 -0.00457602 0.999963 -0.0073236 -0.868516 0.0440848 0.00751828 0.999 31.9808
0.998993 0.00402712 -0.0446878 -1.61362 -0.00438405 0.999959 -0.00789213 -0.882804 0.0446542 0.00808009 0.99897 32.5133
0.998896 0.00349542 -0.046848 -1.65392 -0.00389883 0.999956 -0.00852225 -0.896311 0.0468162 0.00869549 0.998866 33.0415
0.998984 0.00367579 -0.044927 -1.6798 -0.00409875 0.999948 -0.00932573 -0.913888 0.0448904 0.00950039 0.998947 33.6523
0.999076 0.00337717 -0.0428402 -1.71726 -0.00379707 0.999946 -0.00972382 -0.928407 0.0428051 0.00987751 0.999035 34.2314
0.999045 0.00351817 -0.0435493 -1.70395 -0.00394726 0.999945 -0.00977081 -0.948475 0.0435125 0.00993338 0.999004 34.8494
0.9991 0.00367735 -0.042263 -1.74495 -0.00408935 0.999945 -0.00966631 -0.962492 0.0422251 0.00983043 0.99906 35.4357
0.999116 0.00413488 -0.0418287 -1.77173 -0.00454245 0.999943 -0.00965343 -0.980036 0.0417864 0.00983491 0.999078 36.0391
0.999028 0.00390427 -0.0439171 -1.78604 -0.00432243 0.999946 -0.00943067 -0.99617 0.0438779 0.00961132 0.998991 36.6037
0.999035 0.00331673 -0.0437895 -1.82717 -0.00367794 0.99996 -0.00817079 -1.01167 0.0437607 0.00832396 0.999007 37.217
0.99885 0.00398218 -0.0477849 -1.83897 -0.00435468 0.999961 -0.00769377 -1.0276 0.0477524 0.00789301 0.998828 37.7927
0.998809 0.00458039 -0.0485682 -1.88438 -0.00494989 0.99996 -0.00749024 -1.04526 0.0485319 0.00772173 0.998792 38.388
0.998747 0.00512211 -0.0497843 -1.93965 -0.00544806 0.999965 -0.0064138 -1.06019 0.0497497 0.00667698 0.99874 38.9985
0.99876 0.0048001 -0.0495551 -1.96408 -0.00511612 0.999967 -0.0062523 -1.07754 0.0495234 0.00649807 0.998752 39.6225
0.998629 0.00470838 -0.0521449 -2.00916 -0.00507205 0.999964 -0.00684406 -1.09174 0.0521108 0.00709916 0.998616 40.231
0.998604 0.0043339 -0.0526517 -2.04713 -0.00472551 0.999962 -0.00731545 -1.11133 0.052618 0.00755403 0.998586 40.8465
0.998642 0.00509896 -0.0518523 -2.09046 -0.00550329 0.999956 -0.00765791 -1.12439 0.0518109 0.00793286 0.998626 41.4356
0.998459 0.00562712 -0.0552172 -2.12528 -0.00608521 0.999948 -0.00813157 -1.13935 0.0551686 0.00845504 0.998441 42.0473
0.998426 0.00490091 -0.0558662 -2.14405 -0.00536793 0.999952 -0.00821268 -1.15252 0.0558233 0.00849964 0.998405 42.6274
0.99843 0.00373749 -0.0558889 -2.1973 -0.00416291 0.999963 -0.0074975 -1.17213 0.0558588 0.00771838 0.998409 43.2518
0.998297 0.00297165 -0.0582672 -2.23045 -0.0033961 0.999968 -0.00718698 -1.18629 0.0582439 0.00737262 0.998275 43.8571
0.998294 0.00361181 -0.0582704 -2.27225 -0.00403789 0.999966 -0.00719609 -1.20456 0.0582424 0.0074191 0.998275 44.4514
0.998142 0.00429635 -0.0607844 -2.30793 -0.00484263 0.999949 -0.00884258 -1.22338 0.0607434 0.0091205 0.998112 45.0778
0.998063 0.00386738 -0.0620916 -2.37151 -0.00463449 0.999915 -0.0122154 -1.24032 0.0620391 0.0124795 0.997996 45.6876
0.997948 0.00154581 -0.0640175 -2.38441 -0.00252527 0.999881 -0.0152219 -1.26171 0.0639863 0.0153524 0.997833 46.2828
0.99785 -0.00107826 -0.0655251 -2.42725 -4.39137e-05 0.999853 -0.017122 -1.28167 0.065534 0.0170881 0.997704 46.8822
0.997847 -0.000651503 -0.0655894 -2.46768 -0.000570491 0.999827 -0.0186105 -1.30193 0.0655902 0.0186078 0.997673 47.4811
0.997736 0.00147369 -0.0672422 -2.50143 -0.00263567 0.999849 -0.0171951 -1.32306 0.0672067 0.0173334 0.997589 48.0994
0.997648 0.00194075 -0.0685211 -2.56114 -0.0027967 0.999919 -0.012398 -1.3392 0.0684915 0.0125605 0.997573 48.7086
0.997658 0.00114375 -0.0683966 -2.59742 -0.00156898 0.99998 -0.00616373 -1.36006 0.0683881 0.0062566 0.997639 49.3303
0.997693 0.000717011 -0.0678796 -2.64825 -0.000619776 0.999999 0.00145353 -1.37518 0.0678806 -0.00140811 0.997693 49.9285
0.997642 0.00153727 -0.0686208 -2.70149 -0.000975067 0.999966 0.00822566 -1.38715 0.0686311 -0.00813935 0.997609 50.5394
0.997819 0.00226111 -0.0659732 -2.74424 -0.00150208 0.999932 0.0115525 -1.40222 0.0659948 -0.0114282 0.997755 51.1979
0.99786 0.00308824 -0.0653099 -2.77159 -0.00234337 0.999931 0.0114788 -1.4081 0.0653409 -0.0113012 0.997799 51.7893
0.997934 0.00396083 -0.0641295 -2.80119 -0.00342941 0.999959 0.00839458 -1.41924 0.0641601 -0.00815731 0.997906 52.4231
0.998053 0.00438641 -0.0622255 -2.85071 -0.00411036 0.999981 0.00456361 -1.42283 0.0622443 -0.00429896 0.998052 53.0159
0.99815 0.00265488 -0.0607504 -2.88348 -0.00259562 0.999996 0.00105426 -1.43396 0.060753 -0.000894621 0.998152 53.6278
0.998184 0.000596906 -0.060239 -2.90485 -0.000686794 0.999999 -0.00147153 -1.44415 0.0602381 0.00151023 0.998183 54.2478
0.998327 0.000233987 -0.0578206 -2.9566 -0.00039554 0.999996 -0.00278262 -1.45853 0.0578197 0.00280084 0.998323 54.8419
0.998517 0.00218407 -0.0543989 -2.9736 -0.00233123 0.999994 -0.00264202 -1.46594 0.0543928 0.00276492 0.998516 55.4221
0.998483 0.00379565 -0.0549381 -3.01867 -0.00393943 0.999989 -0.002509 -1.47996 0.0549279 0.00272162 0.998487 56.051
0.998538 0.0053083 -0.0537902 -3.04714 -0.00547313 0.999981 -0.00291741 -1.49646 0.0537737 0.00320754 0.998548 56.6554
0.9985 0.00434304 -0.0545885 -3.10328 -0.00448126 0.999987 -0.00240992 -1.5068 0.0545773 0.00265093 0.998506 57.25
0.998471 0.00524733 -0.0550389 -3.12869 -0.00544174 0.99998 -0.00338293 -1.52582 0.05502 0.00367726 0.998479 57.8687
0.998432 0.00632667 -0.0556162 -3.15073 -0.006576 0.999969 -0.00430129 -1.5399 0.0555873 0.00466028 0.998443 58.4658
0.998462 0.00751628 -0.0549283 -3.21216 -0.00775461 0.999961 -0.0041271 -1.55146 0.0548951 0.00454669 0.998482 59.0557
0.998328 0.00818986 -0.0572228 -3.22708 -0.00841813 0.999958 -0.00374921 -1.56808 0.0571897 0.00422465 0.998355 59.6551
0.998384 0.00811659 -0.056239 -3.28716 -0.00832068 0.99996 -0.00339581 -1.58177 0.0562092 0.00385828 0.998412 60.2194
0.99838 0.0082792 -0.0562866 -3.34224 -0.00845651 0.99996 -0.00291256 -1.59793 0.0562603 0.00338383 0.998411 60.8199
0.998375 0.00876777 -0.0563032 -3.37043 -0.00891789 0.999957 -0.00241547 -1.61346 0.0562796 0.00291365 0.998411 61.4124
0.998382 0.00916364 -0.0561201 -3.41683 -0.00929637 0.999955 -0.00210442 -1.62816 0.0560983 0.00262273 0.998422 62.0212
0.998247 0.00957917 -0.0584063 -3.45271 -0.0096987 0.999951 -0.00176343 -1.6425 0.0583866 0.0023268 0.998291 62.5869
0.998214 0.00993823 -0.0589155 -3.48683 -0.0100651 0.999948 -0.00185643 -1.65588 0.0588939 0.0024461 0.998261 63.2058
0.998217 0.00982884 -0.0588703 -3.51804 -0.00993882 0.999949 -0.00157587 -1.67214 0.0588518 0.00215816 0.998264 63.7739
0.998029 0.010641 -0.0618515 -3.55613 -0.0107622 0.999941 -0.00162684 -1.68567 0.0618305 0.00228929 0.998084 64.3515
0.998011 0.0110072 -0.062068 -3.61055 -0.0111007 0.999938 -0.00116201 -1.69651 0.0620513 0.0018487 0.998071 64.9242
0.99782 0.0116343 -0.0649575 -3.6517 -0.0117188 0.999931 -0.000919712 -1.71128 0.0649423 0.00167893 0.997888 65.5109
0.997706 0.0125067 -0.0665308 -3.69274 -0.0125482 0.999921 -0.000205989 -1.72185 0.0665229 0.00104036 0.997784 66.0698
0.997546 0.0130505 -0.0687936 -3.74389 -0.0130667 0.999915 0.000213293 -1.73511 0.0687905 0.000686138 0.997631 66.6267
0.997424 0.0138509 -0.0703822 -3.76568 -0.0138338 0.999904 0.000731157 -1.74839 0.0703856 0.000244377 0.99752 67.1995
0.99704 0.0147652 -0.0754562 -3.8172 -0.0147389 0.999891 0.000905876 -1.75917 0.0754613 0.000208945 0.997149 67.782
0.996952 0.015857 -0.0763959 -3.85855 -0.0158432 0.999874 0.000786505 -1.77116 0.0763987 0.000426249 0.997077 68.3405
0.996759 0.016276 -0.0787785 -3.88779 -0.0163223 0.999867 5.65033e-05 -1.78306 0.0787689 0.00122953 0.996892 68.9142
0.996397 0.016293 -0.0832272 -3.95471 -0.0164066 0.999865 -0.000681702 -1.79588 0.0832048 0.00204472 0.99653 69.4628
0.996242 0.0158792 -0.08515 -3.97396 -0.0160718 0.99987 -0.00157647 -1.80891 0.0851138 0.00293905 0.996367 70.0217
0.995915 0.0161442 -0.0888421 -4.05768 -0.0164445 0.999861 -0.00264958 -1.82182 0.088787 0.00409972 0.996042 70.6165
0.995544 0.0161907 -0.0929042 -4.10817 -0.0165918 0.999856 -0.00354749 -1.83491 0.0928334 0.00507313 0.995669 71.1597
0.995227 0.0157521 -0.0963059 -4.15343 -0.0162166 0.99986 -0.00404238 -1.84672 0.0962287 0.00558484 0.995344 71.6968
0.995063 0.0154767 -0.0980357 -4.20426 -0.0159789 0.999863 -0.00433972 -1.85946 0.097955 0.0058848 0.995173 72.1995
0.994951 0.0151754 -0.0992104 -4.2753 -0.0156674 0.999869 -0.00418205 -1.87545 0.0991339 0.0057153 0.995058 72.7477
0.994786 0.0160295 -0.100719 -4.31613 -0.0164694 0.999858 -0.003538 -1.88776 0.100648 0.00517833 0.994909 73.247
0.994811 0.0177412 -0.100186 -4.38779 -0.0181068 0.999832 -0.00274166 -1.89999 0.100121 0.00454149 0.994965 73.7338
0.995156 0.0197227 -0.0963103 -4.42684 -0.0200227 0.999797 -0.00214934 -1.91118 0.0962484 0.00406731 0.995349 74.2208
0.995478 0.0213709 -0.09256 -4.46239 -0.0216323 0.999764 -0.00182188 -1.92554 0.0924993 0.00381593 0.995705 74.7117
0.996334 0.0230473 -0.0823889 -4.50213 -0.0232842 0.999727 -0.00191595 -1.93629 0.0823223 0.00382729 0.996598 75.1461
0.997279 0.0257628 -0.069077 -4.52567 -0.0259425 0.999662 -0.00170525 -1.94788 0.0690097 0.00349264 0.99761 75.5734
0.99841 0.0283092 -0.0487421 -4.5308 -0.0284114 0.999595 -0.00140459 -1.95652 0.0486826 0.00278719 0.998811 76.0107
0.999253 0.0300202 -0.0243557 -4.55011 -0.0300634 0.999547 -0.00141277 -1.96766 0.0243022 0.00214393 0.999702 76.4072
0.999524 0.0297892 0.00798086 -4.52417 -0.0297735 0.999555 -0.0020845 -1.97861 -0.0080394 0.00184589 0.999966 76.8261
0.998736 0.0280797 0.0416929 -4.4908 -0.0279795 0.999604 -0.00298509 -1.98944 -0.0417602 0.00181477 0.999126 77.1502
0.996239 0.0257681 0.0827226 -4.45521 -0.0255323 0.999666 -0.0039068 -2.00258 -0.0827957 0.00178001 0.996565 77.5612
0.991361 0.022813 0.129166 -4.37075 -0.0223625 0.999738 -0.00493714 -2.01429 -0.129245 0.00200601 0.991611 77.9526
0.983085 0.0195206 0.182107 -4.22947 -0.0187155 0.999806 -0.00613907 -2.02715 -0.182192 0.00262701 0.983259 78.3146
0.972584 0.0152583 0.23205 -4.11329 -0.0140002 0.999877 -0.00706749 -2.03828 -0.232129 0.00362498 0.972678 78.6578
0.957197 0.0106665 0.289242 -3.95026 -0.0089703 0.999934 -0.00718921 -2.05096 -0.2893 0.0042869 0.957229 78.9795
0.938479 0.00558977 0.345292 -3.79591 -0.0037133 0.999975 -0.00609564 -2.06146 -0.345317 0.00443846 0.938476 79.3235
0.916131 0.00172487 0.400876 -3.60575 0.000124953 0.99999 -0.00458827 -2.06883 -0.40088 0.00425354 0.916121 79.6139
0.889617 -0.00425366 0.456688 -3.39409 0.00583905 0.999981 -0.00206038 -2.07976 -0.45667 0.00449957 0.889625 79.8969
0.858274 -0.00845982 0.513123 -3.14473 0.0099823 0.99995 -0.000210771 -2.0896 -0.513095 0.00530304 0.858315 80.2087
0.824741 -0.00857856 0.565446 -2.96647 0.0108846 0.999941 -0.00070548 -2.1016 -0.565406 0.00673647 0.824785 80.3951
0.785682 -0.00571251 0.618604 -2.6426 0.00811197 0.999967 -0.00106872 -2.10524 -0.618577 0.00585777 0.785703 80.6993
0.742568 -0.00252219 0.669766 -2.39517 0.00354791 0.999994 -0.000167805 -2.10687 -0.669762 0.00250088 0.742572 80.9317
0.695174 -0.00143634 0.71884 -2.08107 0.000979963 0.999999 0.00105044 -2.10866 -0.718841 -2.58023e-05 0.695175 81.1912
0.644365 -0.0046163 0.764704 -1.78435 0.0035872 0.999989 0.00301395 -2.1229 -0.764709 0.000801059 0.644375 81.4069
0.589978 -0.00616002 0.807396 -1.43218 0.00462096 0.99998 0.00425272 -2.13035 -0.807406 0.00122194 0.589995 81.5963
0.529524 -0.00415463 0.848285 -1.10555 0.00108276 0.999991 0.00422174 -2.12953 -0.848294 -0.00131703 0.529523 81.7518
0.473383 -0.00344055 0.88085 -0.743724 -0.000520132 0.999991 0.00418543 -2.13371 -0.880857 -0.00243947 0.473377 81.9205
0.41539 -0.00433478 0.909633 -0.368449 0.00134927 0.999991 0.00414922 -2.14104 -0.909642 -0.000496201 0.415392 82.0491
0.36029 -0.00565548 0.932823 0.0154503 0.00585651 0.999976 0.00380061 -2.14599 -0.932822 0.00409377 0.360314 82.1627
0.312749 -0.00613955 0.949816 0.400021 0.00991857 0.999946 0.00319767 -2.15416 -0.949784 0.00842074 0.312793 82.2353
0.268013 -0.00557211 0.963399 0.815107 0.0116361 0.999929 0.00254628 -2.15754 -0.963345 0.0105278 0.268059 82.3127
0.228321 -0.00540445 0.973571 1.22554 0.0120877 0.999923 0.00271593 -2.16238 -0.973511 0.0111482 0.228369 82.368
0.192012 -0.00487849 0.981381 1.63551 0.0130661 0.999912 0.00241417 -2.16593 -0.981306 0.0123592 0.192059 82.4135
0.159604 -0.0047148 0.98717 2.06791 0.0151191 0.999883 0.00233109 -2.17116 -0.987065 0.014553 0.159657 82.4615
0.131935 -0.00410853 0.99125 2.49066 0.0172619 0.999849 0.00184662 -2.17789 -0.991108 0.0168672 0.131986 82.4787
0.109104 -0.00316099 0.994025 2.91056 0.0179969 0.999837 0.00120414 -2.18373 -0.993867 0.017758 0.109143 82.4926
0.0857565 -0.00258936 0.996313 3.35066 0.0189004 0.999821 0.000971651 -2.18848 -0.996137 0.0187474 0.0857901 82.5333
0.06849 -0.00188759 0.99765 3.85085 0.0211153 0.999777 0.000442022 -2.19237 -0.997428 0.0210354 0.0685145 82.5512
0.0519969 -0.000299776 0.998647 4.29576 0.0234168 0.999725 -0.00091915 -2.19915 -0.998373 0.0234329 0.0519896 82.5449
0.0383671 0.00131473 0.999263 4.79244 0.0247701 0.999691 -0.00226635 -2.20811 -0.998957 0.0248388 0.0383226 82.5529
0.0288338 0.00178032 0.999583 5.3022 0.0256015 0.999669 -0.00251897 -2.21499 -0.999256 0.0256635 0.0287787 82.5601
0.0207835 0.00165349 0.999783 5.79653 0.0260872 0.999657 -0.00219558 -2.22089 -0.999444 0.0261272 0.0207333 82.5422
0.0177102 0.00169902 0.999842 6.3214 0.0275289 0.999619 -0.00218626 -2.22756 -0.999464 0.0275632 0.0176567 82.5538
0.0156533 0.0019469 0.999876 6.8655 0.0275136 0.999619 -0.00237713 -2.2339 -0.999499 0.0275474 0.0155937 82.5492
0.013507 0.000910549 0.999909 7.4 0.0271243 0.999631 -0.0012767 -2.24163 -0.999541 0.027139 0.0134773 82.5417
0.0146682 0.000182447 0.999893 7.9932 0.0264402 0.99965 -0.000570275 -2.25153 -0.999543 0.0264457 0.0146582 82.5713
0.0182433 -0.000649652 0.999834 8.58824 0.0266802 0.999644 0.000162712 -2.26147 -0.999478 0.0266728 0.0182541 82.5722
0.0197335 -0.00131295 0.999805 9.16584 0.0266227 0.999645 0.000787277 -2.26928 -0.999451 0.0266019 0.0197614 82.6102
0.0246013 -0.00151694 0.999696 9.77643 0.0258763 0.999665 0.00088011 -2.27546 -0.999362 0.0258468 0.0246323 82.6179
0.0272208 -0.00159205 0.999628 10.3937 0.0257835 0.999667 0.000890007 -2.28291 -0.999297 0.0257497 0.0272528 82.6204
0.0327458 -0.00286323 0.99946 11.0524 0.0258927 0.999663 0.00201548 -2.28975 -0.999128 0.0258127 0.0328089 82.6628
0.0351963 -0.00420899 0.999372 11.6983 0.0262452 0.99965 0.00328585 -2.29895 -0.999036 0.0261131 0.0352945 82.6787
0.0410828 -0.00542975 0.999141 12.3682 0.0267557 0.999633 0.00433228 -2.307 -0.998797 0.0265547 0.041213 82.7186
0.0443892 -0.00716252 0.998989 13.0258 0.0283584 0.99958 0.00590668 -2.31473 -0.998612 0.0280676 0.0445737 82.7572
0.0498519 -0.00800058 0.998725 13.6958 0.0291972 0.999552 0.00654981 -2.32085 -0.99833 0.0288335 0.0500632 82.8005
0.0535028 -0.00930402 0.998525 14.3568 0.0296499 0.999531 0.0077247 -2.32719 -0.998127 0.0291928 0.0537536 82.8146
0.0586143 -0.0104891 0.998226 15.0414 0.0294449 0.999528 0.00877378 -2.33143 -0.997846 0.0288784 0.0588955 82.874
0.0623666 -0.0110644 0.997992 15.7298 0.0295522 0.999521 0.00923457 -2.33695 -0.997616 0.0289169 0.0626637 82.8552
0.0669372 -0.0109738 0.997697 16.4385 0.030079 0.999507 0.00897566 -2.34714 -0.997304 0.0294089 0.0672343 82.9628
0.0672392 -0.0108417 0.997678 17.1303 0.0292382 0.999533 0.0088913 -2.35094 -0.997308 0.0285725 0.0675248 83.0049
0.0667198 -0.00992792 0.997723 17.8141 0.028387 0.999565 0.00804795 -2.3544 -0.997368 0.0277853 0.0669726 83.0555
0.065853 -0.0093441 0.997786 18.5635 0.0289801 0.999552 0.00744798 -2.36383 -0.997408 0.0284254 0.0660943 83.1129
0.0648654 -0.00867941 0.997856 19.2575 0.0304844 0.999513 0.00671219 -2.36885 -0.997428 0.0299836 0.0650984 83.1335
0.064617 -0.0084794 0.997874 19.9779 0.0313267 0.999488 0.00646457 -2.37796 -0.997418 0.0308424 0.0648495 83.1843
0.0647524 -0.00957637 0.997856 20.7241 0.0320364 0.999459 0.00751286 -2.38306 -0.997387 0.0314812 0.0650242 83.2272
0.0630152 -0.0102452 0.99796 21.4205 0.0321084 0.999451 0.00823308 -2.39053 -0.997496 0.0315241 0.0633095 83.2842
0.0619062 -0.0108425 0.998023 22.1659 0.0327468 0.999425 0.00882644 -2.39734 -0.997545 0.0321357 0.0622256 83.3185
0.0626051 -0.0105998 0.997982 22.9212 0.0328777 0.999423 0.00855264 -2.40783 -0.997497 0.0322759 0.0629174 83.3398
0.0630641 -0.00946151 0.997965 23.6617 0.0333015 0.999418 0.00737087 -2.41418 -0.997454 0.0327689 0.0633425 83.3829
0.062388 -0.00745655 0.998024 24.3838 0.0334861 0.999425 0.00537374 -2.4248 -0.99749 0.0330847 0.0626018 83.4266
0.0627891 -0.00685493 0.998003 25.172 0.0350261 0.999376 0.0046607 -2.43549 -0.997412 0.0346635 0.06299 83.5034
0.0631258 -0.00694329 0.997982 25.8089 0.0363112 0.99933 0.00465586 -2.44453 -0.997345 0.035944 0.0633356 83.5581
0.0641352 -0.00833786 0.997907 26.6066 0.0370335 0.999296 0.00596934 -2.45722 -0.997254 0.0365731 0.0643988 83.6093
0.0638793 -0.0106917 0.9979 27.2618 0.038011 0.999243 0.00827288 -2.4645 -0.997233 0.0374027 0.0642374 83.6803
0.0653523 -0.0120563 0.99779 28.02 0.037633 0.999245 0.00960907 -2.47394 -0.997152 0.0369218 0.0657567 83.7266
0.0665507 -0.012482 0.997705 28.7239 0.0379628 0.999229 0.00996879 -2.48494 -0.997061 0.0372122 0.0669733 83.7253
0.0671879 -0.011687 0.997672 29.4401 0.0375646 0.999252 0.0091757 -2.49349 -0.997033 0.0368606 0.0675767 83.8002
0.0650758 -0.0108181 0.997822 30.1887 0.0353793 0.999338 0.00852718 -2.50415 -0.997253 0.0347474 0.0654155 83.9228
0.0620782 -0.00990602 0.998022 30.8671 0.0332329 0.999417 0.00785273 -2.51138 -0.997518 0.0326797 0.0623712 83.9687
0.0582724 -0.00982278 0.998253 31.5758 0.0320848 0.999453 0.00796167 -2.51716 -0.997785 0.0315647 0.0585557 84.0067
0.0587293 -0.0105033 0.998219 32.3085 0.0310117 0.999481 0.00869207 -2.53086 -0.997792 0.030446 0.0590245 84.0598
0.0558817 -0.0104375 0.998383 33.0321 0.0309776 0.999482 0.00871515 -2.53729 -0.997957 0.0304405 0.0561761 84.1076
0.0541085 -0.0103155 0.998482 33.7994 0.0307013 0.999491 0.00866219 -2.54917 -0.998063 0.030186 0.0543976 84.1428
0.0521227 -0.010167 0.998589 34.4965 0.0294002 0.99953 0.00864199 -2.5551 -0.998208 0.0289083 0.0523972 84.1946
0.0512817 -0.0105651 0.998628 35.2153 0.0288634 0.999542 0.00909256 -2.56315 -0.998267 0.0283576 0.0515631 84.2363
0.0490648 -0.0112165 0.998733 35.9498 0.0301617 0.999498 0.00974335 -2.57196 -0.99834 0.0296454 0.0493785 84.2952
0.0499783 -0.0116541 0.998682 36.6936 0.0305461 0.999482 0.0101348 -2.58003 -0.998283 0.0299993 0.0503084 84.3058
0.0503448 -0.011998 0.99866 37.4223 0.0316484 0.999445 0.0104119 -2.58748 -0.99823 0.0310818 0.0506966 84.3607
0.0496598 -0.0114581 0.998701 38.1634 0.0312937 0.999461 0.00991072 -2.59617 -0.998276 0.0307609 0.0499916 84.4026
0.0498491 -0.0111052 0.998695 38.8862 0.0317739 0.99945 0.00952766 -2.60392 -0.998251 0.0312575 0.0501745 84.4485
0.0491916 -0.0109074 0.99873 39.6176 0.0313308 0.999465 0.00937228 -2.6126 -0.998298 0.03083 0.049507 84.4893
0.0497865 -0.0112573 0.998697 40.3335 0.0313328 0.999462 0.00970398 -2.61897 -0.998268 0.0308089 0.0501124 84.5623
0.0501864 -0.0114147 0.998675 41.0847 0.0309782 0.999471 0.00986704 -2.62883 -0.998259 0.0304419 0.0505135 84.5806
0.0497188 -0.011872 0.998693 41.7993 0.0309631 0.999467 0.0103398 -2.63444 -0.998283 0.0304086 0.0500599 84.6304
0.0501667 -0.0115847 0.998674 42.5465 0.0301541 0.999495 0.0100795 -2.64405 -0.998286 0.0296085 0.0504907 84.6699
0.0503872 -0.0117006 0.998661 43.2978 0.0291746 0.999522 0.0102387 -2.64999 -0.998304 0.0286196 0.0507045 84.7129
0.0489631 -0.0115876 0.998734 44.0052 0.0285054 0.999542 0.0101995 -2.65629 -0.998394 0.0279699 0.049271 84.7669
0.0483646 -0.0115644 0.998763 44.7589 0.0285081 0.999542 0.0101929 -2.66528 -0.998423 0.0279798 0.0486721 84.8047
0.0473624 -0.0118831 0.998807 45.451 0.0290538 0.999523 0.0105139 -2.67194 -0.998455 0.0285212 0.0476851 84.8247
0.0471492 -0.0115434 0.998821 46.1669 0.0291771 0.999523 0.0101742 -2.67918 -0.998462 0.028663 0.0474635 84.8506
0.0464132 -0.0111708 0.99886 46.9211 0.0297676 0.999509 0.00979483 -2.68644 -0.998479 0.029279 0.046723 84.8956
0.0457996 -0.0106014 0.998895 47.6765 0.0293383 0.999527 0.00926292 -2.69491 -0.99852 0.0288817 0.046089 84.9421
0.0453771 -0.0105142 0.998915 48.3956 0.0287266 0.999545 0.00921585 -2.70156 -0.998557 0.0282772 0.0456584 84.9719
0.0454633 -0.0108599 0.998907 49.1071 0.0284993 0.999548 0.00956973 -2.70906 -0.998559 0.0280331 0.0457523 85.0219
0.0460266 -0.0110843 0.998879 49.8965 0.0284064 0.999549 0.00978284 -2.71779 -0.998536 0.0279243 0.0463207 85.0563
0.0438711 -0.0114372 0.998972 50.6067 0.0271312 0.999579 0.0102526 -2.7249 -0.998669 0.0266535 0.0441629 85.1206
0.0433163 -0.0114304 0.998996 51.3716 0.0263952 0.999599 0.0102928 -2.7321 -0.998713 0.0259228 0.0436006 85.1732
0.0444825 -0.0110068 0.99895 52.146 0.0252654 0.999632 0.00988927 -2.73909 -0.998691 0.024799 0.0447442 85.2007
0.0438367 -0.0109661 0.998979 52.8656 0.0245898 0.999649 0.00989445 -2.7475 -0.998736 0.024131 0.044091 85.2329
0.043248 -0.0110932 0.999003 53.5953 0.0247859 0.999642 0.0100273 -2.75548 -0.998757 0.0243275 0.0435075 85.2731
0.0420922 -0.0112027 0.999051 54.3132 0.0248617 0.999639 0.0101618 -2.76327 -0.998804 0.0244104 0.0423555 85.3043
0.0431141 -0.0116172 0.999003 55.0457 0.0244389 0.999645 0.01057 -2.76942 -0.998771 0.0239588 0.0433827 85.3272
0.0414715 -0.0119485 0.999068 55.7916 0.0243369 0.999644 0.0109451 -2.77644 -0.998843 0.0238603 0.0417475 85.3624
0.0424312 -0.0124772 0.999022 56.5322 0.0253922 0.999613 0.0114061 -2.7845 -0.998777 0.0248834 0.0427316 85.4005
0.0432952 -0.0129781 0.998978 57.2331 0.0270065 0.999565 0.0118153 -2.79126 -0.998697 0.0264673 0.0436269 85.4368
0.042114 -0.0126813 0.999032 57.9673 0.0265056 0.999582 0.011571 -2.80034 -0.998761 0.0259926 0.0424325 85.4744
0.0422307 -0.0123742 0.999031 58.6963 0.0259989 0.999598 0.0112822 -2.80788 -0.99877 0.0254973 0.0425354 85.5062
0.0423737 -0.0122658 0.999027 59.3937 0.0259406 0.999601 0.0111726 -2.81219 -0.998765 0.0254419 0.042675 85.5159
0.0411976 -0.0119647 0.99908 60.126 0.0260148 0.999602 0.0108982 -2.82024 -0.998812 0.0255419 0.0414924 85.5838
0.0419222 -0.0117638 0.999052 60.8361 0.0262461 0.999599 0.0106689 -2.82974 -0.998776 0.0257739 0.0422141 85.6339
0.0412024 -0.0114475 0.999085 61.5374 0.025434 0.999622 0.0104048 -2.8367 -0.998827 0.024982 0.041478 85.6457
0.0404447 -0.0114723 0.999116 62.2791 0.0244964 0.999645 0.0104868 -2.84352 -0.998881 0.0240506 0.0407114 85.6992
0.0407263 -0.0116422 0.999103 62.9656 0.0236755 0.999663 0.0106837 -2.85011 -0.99889 0.0232191 0.0409881 85.7176
0.0416238 -0.0120044 0.999061 63.6536 0.0234541 0.999664 0.0110345 -2.85904 -0.998858 0.0229728 0.0418913 85.7477
0.0425288 -0.0127148 0.999014 64.3664 0.0230665 0.999665 0.0117411 -2.86471 -0.998829 0.0225444 0.0428078 85.7777
0.0437315 -0.0130727 0.998958 65.0814 0.0228362 0.999666 0.0120822 -2.87258 -0.998782 0.022284 0.0440155 85.81
0.0426241 -0.0131922 0.999004 65.7434 0.0228213 0.999665 0.0122272 -2.87944 -0.99883 0.0222774 0.0429109 85.8627
0.0455894 -0.0137884 0.998865 66.4472 0.0232859 0.999648 0.0127364 -2.88685 -0.998689 0.0226788 0.0458944 85.8873
0.0465702 -0.0141149 0.998815 67.1397 0.0229015 0.999652 0.013059 -2.89106 -0.998653 0.0222662 0.0468773 85.9265
0.0487592 -0.0146982 0.998703 67.8114 0.0225297 0.999654 0.0136123 -2.89592 -0.998557 0.0218368 0.0490734 85.9791
0.0509463 -0.0155643 0.99858 68.5151 0.0233267 0.999624 0.0143905 -2.90161 -0.998429 0.0225604 0.0512902 86.0095
0.0519026 -0.0161388 0.998522 69.1752 0.0242292 0.999595 0.0148967 -2.90692 -0.998358 0.0234202 0.0522727 86.0445
0.0546238 -0.0159436 0.99838 69.8333 0.0240113 0.999604 0.0146494 -2.91188 -0.998218 0.0231722 0.054985 86.0798
0.0574803 -0.0161998 0.998215 70.5145 0.0234639 0.999614 0.0148713 -2.91805 -0.998071 0.0225672 0.0578382 86.1404
0.0594509 -0.0160928 0.998102 71.1859 0.0232052 0.999622 0.0147351 -2.92078 -0.997962 0.0222851 0.0598019 86.1762
0.0621737 -0.0164936 0.997929 71.8463 0.0229092 0.999624 0.0150943 -2.92645 -0.997802 0.0219233 0.0625282 86.2297
0.0649549 -0.0173495 0.997737 72.4766 0.0228135 0.999613 0.0158969 -2.93134 -0.997627 0.0217293 0.0653255 86.2735
0.0685481 -0.0179831 0.997486 73.1308 0.0219608 0.999623 0.0165124 -2.93599 -0.997406 0.0207737 0.0689172 86.3477
0.0704781 -0.0174884 0.99736 73.7395 0.0210405 0.99965 0.0160417 -2.9404 -0.997291 0.0198544 0.0708214 86.3674
0.0726732 -0.0167312 0.997216 74.3337 0.020612 0.999671 0.0152702 -2.94678 -0.997143 0.0194449 0.0729941 86.421
0.076572 -0.016174 0.996933 74.9145 0.0197572 0.999697 0.0147013 -2.95275 -0.996868 0.0185709 0.0768683 86.4889
0.0806771 -0.0157589 0.996616 75.4929 0.0175329 0.999743 0.0143891 -2.95588 -0.996586 0.0163127 0.0809327 86.5569
0.0840744 -0.015195 0.996344 76.0612 0.0159705 0.999776 0.0138997 -2.96225 -0.996332 0.0147435 0.0842983 86.5982
0.0894722 -0.0149303 0.995878 76.5895 0.0155999 0.999786 0.0135874 -2.96769 -0.995867 0.0143199 0.089686 86.6533
0.0911448 -0.0144449 0.995733 77.1203 0.01546 0.999795 0.0130887 -2.97254 -0.995718 0.014201 0.0913495 86.7004
0.09502 -0.014423 0.995371 77.6332 0.0154409 0.999796 0.0130131 -2.97931 -0.995356 0.0141329 0.0952233 86.7601
0.0945888 -0.0148587 0.995406 78.1166 0.0134118 0.999817 0.0136501 -2.98487 -0.995426 0.012059 0.0947708 86.8042
0.0957333 -0.0147787 0.995297 78.6058 0.00974958 0.999856 0.0139086 -2.98998 -0.995359 0.00837221 0.0958636 86.8574
0.0934022 -0.0142373 0.995527 79.0929 0.00634651 0.999886 0.0137042 -2.99697 -0.995608 0.00503811 0.0934819 86.9104
0.0845204 -0.0137911 0.996326 79.5022 0.00320684 0.999903 0.0135685 -3.00206 -0.996417 0.00204824 0.0845564 86.9678
0.0740618 -0.0139924 0.997156 79.9614 -0.000718052 0.999901 0.0140843 -3.00397 -0.997253 -0.00175912 0.0740444 86.9907
0.0534027 -0.0142136 0.998472 80.3824 -0.00347302 0.99989 0.0144196 -3.00652 -0.998567 -0.00423776 0.0533474 87.005
0.0260905 -0.0143189 0.999557 80.7696 -0.00406018 0.999888 0.0144296 -3.01253 -0.999651 -0.00443485 0.0260294 87.0066
-0.00714219 -0.0150116 0.999862 81.1295 -0.00503223 0.999875 0.0149759 -3.01641 -0.999962 -0.00492457 -0.00721684 86.9659
-0.0513789 -0.0145915 0.998573 81.519 -0.00438753 0.999887 0.0143849 -3.02063 -0.99867 -0.00364219 -0.0514371 86.9128
-0.100633 -0.0144708 0.994818 81.8726 -0.0034484 0.999893 0.0141958 -3.02725 -0.994918 -0.00200196 -0.100672 86.8667
-0.155832 -0.0143929 0.987679 82.2522 -0.00186045 0.999896 0.0142774 -3.03051 -0.987782 0.000387345 -0.155842 86.7534
-0.217921 -0.0131858 0.975877 82.5808 6.48443e-05 0.999909 0.013525 -3.03569 -0.975967 0.00301066 -0.2179 86.6494
-0.28106 -0.0118339 0.959617 82.8995 0.00386249 0.999902 0.013462 -3.04001 -0.959682 0.00749014 -0.280987 86.4703
-0.347725 -0.0110489 0.937532 83.2099 0.00918977 0.999842 0.0151916 -3.04061 -0.937552 0.0138982 -0.347569 86.3089
-0.413035 -0.0120119 0.910636 83.4767 0.0136641 0.999719 0.0193846 -3.03739 -0.910613 0.0204496 -0.412754 86.0887
-0.476022 -0.0128136 0.87934 83.766 0.016281 0.999594 0.0233795 -3.03532 -0.879283 0.0254457 -0.47562 85.887
-0.538098 -0.013898 0.842768 83.9955 0.0152905 0.999539 0.0262461 -3.0369 -0.842744 0.0270093 -0.537637 85.6791
-0.596398 -0.0162803 0.802524 84.2295 0.0111223 0.999531 0.0285424 -3.03115 -0.802612 0.0259485 -0.595937 85.4459
-0.655819 -0.0198642 0.754657 84.4318 0.00739034 0.999437 0.0327298 -3.02467 -0.754882 0.027042 -0.655303 85.1895
-0.709148 -0.0239321 0.704654 84.6518 0.00352612 0.999291 0.0374874 -3.02485 -0.705051 0.0290688 -0.70856 84.9382
-0.757853 -0.0230416 0.652018 84.803 0.00236615 0.999273 0.0380634 -3.01825 -0.652421 0.0303892 -0.757247 84.628
-0.802776 -0.0201019 0.595942 84.9686 0.00365478 0.999247 0.0386291 -3.0161 -0.59627 0.0331886 -0.802098 84.3295
-0.840411 -0.0158683 0.541718 85.0956 0.00534393 0.99928 0.0375619 -3.01205 -0.541924 0.0344623 -0.839721 84.0174
-0.87284 -0.0125963 0.487844 85.2056 0.00523202 0.999368 0.0351651 -3.002 -0.487979 0.0332459 -0.872222 83.7184
-0.899682 -0.0132458 0.436345 85.3031 0.00167835 0.999427 0.0337993 -2.9901 -0.436543 0.0311409 -0.899144 83.379
-0.921053 -0.0137619 0.389193 85.4433 -0.00051402 0.999417 0.0341229 -2.98155 -0.389436 0.031229 -0.920524 83.0459
-0.93818 -0.0152699 0.34581 85.5191 -0.00271277 0.99932 0.036767 -2.97611 -0.346136 0.033556 -0.937584 82.7375
-0.952067 -0.0154076 0.305503 85.6157 -0.00371149 0.999239 0.0388288 -2.96986 -0.305869 0.0358337 -0.951399 82.3846
-0.963716 -0.0156609 0.26647 85.674 -0.00539537 0.999216 0.0392127 -2.96317 -0.266876 0.0363522 -0.963045 82.0124
-0.97276 -0.0159198 0.231269 85.7322 -0.00702601 0.999206 0.0392293 -2.9551 -0.23171 0.0365358 -0.972099 81.6478
-0.980088 -0.0160895 0.197913 85.7931 -0.00848536 0.999195 0.0392098 -2.94515 -0.198385 0.0367497 -0.979435 81.2606
-0.985597 -0.0160459 0.168348 85.8414 -0.00956633 0.999184 0.0392297 -2.93646 -0.16884 0.0370542 -0.984947 80.8677
-0.989611 -0.015393 0.142945 85.876 -0.00994601 0.9992 0.0387423 -2.92594 -0.143427 0.036918 -0.988972 80.4778
-0.992777 -0.0156184 0.118956 85.9446 -0.0111817 0.99922 0.0378732 -2.91534 -0.119454 0.0362696 -0.992177 80.0546
-0.994911 -0.0149453 0.0996475 85.9547 -0.0112486 0.999231 0.0375563 -2.90672 -0.100132 0.0362443 -0.994314 79.6224
-0.996343 -0.0137297 0.0843356 86 -0.0106235 0.999253 0.0371698 -2.89567 -0.0847829 0.0361379 -0.995744 79.1878
-0.997211 -0.0134272 0.0734195 86.0219 -0.0107465 0.999265 0.0367855 -2.8838 -0.0738595 0.0358939 -0.996623 78.7188
-0.997917 -0.0129605 0.063191 86.0523 -0.0106966 0.999294 0.036033 -2.87358 -0.0636133 0.035282 -0.997351 78.2573
-0.998396 -0.0121209 0.0553083 86.0765 -0.010141 0.999303 0.0359376 -2.863 -0.0557053 0.0353191 -0.997822 77.7912
-0.99862 -0.0110937 0.0513393 86.1128 -0.00926903 0.999322 0.0356441 -2.85059 -0.0516999 0.0351191 -0.998045 77.2694
-0.998693 -0.0102445 0.0500744 86.1153 -0.00848636 0.999344 0.0351975 -2.83611 -0.0504021 0.0347266 -0.998125 76.7544
-0.99864 -0.00917585 0.0513189 86.1445 -0.007375 0.999354 0.0351712 -2.82684 -0.0516085 0.0347449 -0.998063 76.2334
-0.998625 -0.00865539 0.0517074 86.1772 -0.00681806 0.999343 0.0356045 -2.81475 -0.0519815 0.035203 -0.998028 75.7008
-0.998659 -0.00804726 0.0511529 86.2106 -0.00618239 0.999314 0.036511 -2.80261 -0.0514116 0.0361457 -0.998023 75.1489
-0.998536 -0.00704768 0.0536249 86.2568 -0.0050124 0.999266 0.0379942 -2.7905 -0.0538532 0.0376698 -0.997838 74.5764
-0.99857 -0.0052171 0.0532149 86.2882 -0.00310922 0.99921 0.0396168 -2.77682 -0.0533795 0.0393947 -0.997797 74.0004
-0.998362 -0.00413643 0.0570611 86.3095 -0.00180057 0.999161 0.040927 -2.76453 -0.0571825 0.0407572 -0.997532 73.4529
-0.998349 -0.00301092 0.0573663 86.3473 -0.000607776 0.999123 0.0418626 -2.75302 -0.057442 0.0417586 -0.997475 72.8816
-0.998111 -0.00120321 0.0614189 86.3594 0.00142704 0.999084 0.0427629 -2.74088 -0.0614141 0.0427698 -0.997196 72.344
-0.998108 -0.000227533 0.0614802 86.3819 0.00242247 0.999071 0.0430253 -2.73041 -0.0614328 0.0430929 -0.997181 71.8168
-0.997896 0.000507365 0.0648348 86.4467 0.00330701 0.999066 0.0430812 -2.71478 -0.0647524 0.043205 -0.996966 71.2415
-0.997825 0.00210273 0.0658817 86.4626 0.00491486 0.999082 0.0425517 -2.70493 -0.0657317 0.0427829 -0.99692 70.7538
-0.99771 0.00335311 0.0675494 86.5181 0.00619107 0.999105 0.0418476 -2.69219 -0.0673486 0.04217 -0.996838 70.1227
-0.997424 0.00405369 0.0716221 86.5396 0.00701057 0.999131 0.0410814 -2.68231 -0.0713934 0.0414777 -0.996585 69.6519
-0.997344 0.00388091 0.0727279 86.5949 0.00684044 0.999157 0.0404885 -2.66953 -0.0725095 0.0408784 -0.99653 69.079
-0.997253 0.00474714 0.0739193 86.6476 0.00776039 0.999148 0.0405304 -2.656 -0.0736639 0.0409927 -0.99644 68.4928
-0.996982 0.00446235 0.0775075 86.6654 0.00766658 0.999126 0.0410927 -2.64335 -0.0772564 0.0415629 -0.996145 67.9261
-0.996775 0.0040644 0.0801412 86.6974 0.00745544 0.999087 0.0420597 -2.63354 -0.0798971 0.0425215 -0.995896 67.4141
-0.996645 0.00462954 0.0817194 86.7615 0.00815987 0.999045 0.0429196 -2.62326 -0.0814427 0.0434424 -0.995731 66.8453
-0.996616 0.00393124 0.0821059 86.8307 0.00751599 0.99903 0.0433968 -2.61093 -0.0818556 0.043867 -0.995678 66.3163
-0.996736 0.00295495 0.0806713 86.8513 0.00647913 0.999034 0.0434589 -2.59839 -0.080465 0.0438397 -0.995793 65.7517
-0.996825 0.00241211 0.0795924 86.9146 0.00588043 0.999042 0.0433706 -2.58558 -0.0794115 0.0437009 -0.995884 65.2163
-0.996901 0.0019847 0.0786375 86.9705 0.00542311 0.999037 0.0435355 -2.57482 -0.0784753 0.043827 -0.995952 64.6981
-0.997279 0.00211483 0.0736887 87.0008 0.00532441 0.999044 0.0433868 -2.56353 -0.0735265 0.0436611 -0.996337 64.157
-0.997251 0.000841126 0.074092 87.0311 0.00407904 0.999043 0.0435607 -2.55219 -0.0739844 0.0437432 -0.9963 63.6347
-0.997508 -0.00078926 0.070544 87.0872 0.00232336 0.999028 0.0440301 -2.54072 -0.0705102 0.0440843 -0.996536 63.1426
-0.997968 -0.00270199 0.0636608 87.1124 0.000117619 0.999021 0.0442457 -2.52969 -0.063718 0.0441633 -0.99699 62.6304
-0.998369 -0.00585185 0.0567881 87.1423 -0.00331397 0.998996 0.0446819 -2.51965 -0.0569926 0.0444209 -0.997386 62.1705
-0.999085 -0.00775866 0.0420727 87.1671 -0.00587897 0.998987 0.0446183 -2.50974 -0.0423762 0.0443301 -0.998118 61.7547
-0.9997 -0.00825762 0.0230742 87.1741 -0.00721188 0.998959 0.0450421 -2.50159 -0.0234221 0.0448622 -0.998719 61.2586
-0.999954 -0.0095697 -0.000375627 87.1666 -0.0095769 0.998939 0.0450511 -2.49378 -5.5896e-05 0.0450526 -0.998985 60.8557
-0.999518 -0.00993616 -0.0294111 87.1309 -0.0112718 0.998896 0.0456021 -2.48493 0.0289255 0.0459116 -0.998527 60.4312
-0.99782 -0.00949564 -0.0653136 87.0823 -0.0124678 0.998898 0.0452494 -2.47577 0.064812 0.0459651 -0.996838 60.0596
-0.994126 -0.00716787 -0.10799 87.0049 -0.0120524 0.99893 0.0446471 -2.469 0.107555 0.0456864 -0.993149 59.6938
-0.988197 -0.00347864 -0.153153 86.8986 -0.0103663 0.998969 0.0441969 -2.46444 0.152841 0.0452628 -0.987214 59.3375
-0.979427 0.00132523 -0.201797 86.7866 -0.00772543 0.998999 0.0440561 -2.45463 0.201654 0.0447087 -0.978436 58.9829
-0.966787 0.00601181 -0.255515 86.6616 -0.0054038 0.999019 0.0439514 -2.44796 0.255529 0.0438723 -0.965806 58.6363
-0.950289 0.0104491 -0.311195 86.4938 -0.00323844 0.999051 0.0434348 -2.44312 0.311353 0.0422833 -0.949353 58.2859
-0.930644 0.0150846 -0.365614 86.3251 -0.000734137 0.999071 0.0430885 -2.43741 0.365925 0.0403685 -0.929769 58.0017
-0.906819 0.0189023 -0.421095 86.1235 0.000738013 0.999064 0.0432572 -2.43162 0.421519 0.0389157 -0.905984 57.701
-0.879335 0.0216252 -0.475712 85.9062 0.00149736 0.999089 0.0426495 -2.42358 0.476201 0.0367909 -0.878567 57.4109
-0.848299 0.0230286 -0.529016 85.6891 0.00152767 0.999156 0.0410445 -2.41917 0.529515 0.0340099 -0.847619 57.1415
-0.815275 0.0223803 -0.578642 85.4456 0.000230998 0.999265 0.0383235 -2.41809 0.579074 0.0311105 -0.814681 56.8919
-0.778692 0.0187846 -0.627125 85.1799 -0.00373717 0.999395 0.0345758 -2.40595 0.627395 0.0292676 -0.778151 56.6711
-0.736715 0.0156689 -0.676022 84.9369 -0.0074805 0.999481 0.0313182 -2.40079 0.676162 0.0281296 -0.736216 56.4574
-0.690852 0.0143322 -0.722855 84.6289 -0.0107264 0.99949 0.0300686 -2.39075 0.722917 0.0285266 -0.690346 56.2361
-0.642961 0.0161898 -0.765728 84.3359 -0.0124925 0.999422 0.0316204 -2.38297 0.765797 0.0298965 -0.642387 56.0367
-0.591229 0.0165675 -0.806334 83.9904 -0.0160105 0.999351 0.0322728 -2.37434 0.806345 0.0319904 -0.59058 55.8555
-0.537547 0.0188621 -0.843023 83.6335 -0.0175475 0.999283 0.0335474 -2.36656 0.843051 0.0328263 -0.536831 55.673
-0.485458 0.0233684 -0.873948 83.2981 -0.0170771 0.999199 0.0362034 -2.36648 0.874093 0.0324998 -0.48467 55.5684
-0.434861 0.0262242 -0.900116 82.8957 -0.0172628 0.999149 0.0374494 -2.3641 0.900332 0.0318238 -0.434038 55.4035
-0.386816 0.0266279 -0.921772 82.5472 -0.0184119 0.999161 0.0365899 -2.36194 0.921973 0.0311252 -0.386002 55.3049
-0.342062 0.0250779 -0.939343 82.1766 -0.0211512 0.999185 0.0343778 -2.35319 0.939439 0.0316275 -0.341253 55.2014
-0.30103 0.0216805 -0.953368 81.7802 -0.024868 0.999223 0.0305755 -2.34613 0.95329 0.0329126 -0.300257 55.1052
-0.260029 0.0189716 -0.965415 81.3672 -0.0278408 0.999244 0.0271352 -2.34034 0.965199 0.0339339 -0.259304 55.022
-0.221466 0.0163377 -0.975031 80.913 -0.0291364 0.999303 0.0233623 -2.33686 0.974733 0.0335828 -0.220836 54.9757
-0.186207 0.0145111 -0.982404 80.502 -0.0293842 0.999362 0.0203311 -2.33457 0.982071 0.032653 -0.185661 54.9139
-0.152796 0.0131952 -0.98817 80.0958 -0.0288981 0.999424 0.0178138 -2.3315 0.987835 0.0312781 -0.152326 54.8446
-0.124722 0.0122909 -0.992116 79.6193 -0.0274828 0.999497 0.0158373 -2.32722 0.991811 0.0292413 -0.124321 54.8363
-0.0982739 0.0114415 -0.995094 79.1549 -0.0261346 0.999559 0.0140739 -2.32648 0.994816 0.0273894 -0.0979316 54.7784
-0.0772712 0.0117924 -0.996941 78.7054 -0.0238705 0.999622 0.0136743 -2.32657 0.996724 0.0248541 -0.0769605 54.7602
-0.0617585 0.0135973 -0.997999 78.166 -0.0231817 0.999618 0.0150539 -2.32921 0.997822 0.024065 -0.0614197 54.7743
-0.0484961 0.0157162 -0.9987 77.6893 -0.0235874 0.999579 0.0168754 -2.32981 0.998545 0.0243751 -0.048105 54.7576
-0.0388416 0.0168647 -0.999103 77.1812 -0.0236841 0.999561 0.0177932 -2.32696 0.998965 0.024354 -0.0384252 54.7402
-0.0320551 0.017758 -0.999328 76.6398 -0.0234016 0.999555 0.0185126 -2.32371 0.999212 0.0239793 -0.0316253 54.7341
-0.0260344 0.0190798 -0.999479 76.0717 -0.0219649 0.999566 0.0196536 -2.32268 0.99942 0.0224652 -0.025604 54.7206
-0.0253727 0.0199501 -0.999479 75.5263 -0.0216305 0.999556 0.0205007 -2.31955 0.999444 0.0221394 -0.0249299 54.7118
-0.0225485 0.0202406 -0.999541 74.9528 -0.0213209 0.999558 0.0207219 -2.3158 0.999518 0.0217784 -0.022107 54.7122
-0.0240836 0.0197188 -0.999516 74.3483 -0.021147 0.999572 0.0202295 -2.30855 0.999486 0.021624 -0.0236563 54.6781
-0.0268401 0.0190054 -0.999459 73.7374 -0.0207392 0.999593 0.0195649 -2.3029 0.999425 0.0212531 -0.026435 54.6795
-0.0284452 0.0179875 -0.999434 73.1035 -0.0194112 0.99964 0.0185437 -2.29702 0.999407 0.0199277 -0.0280858 54.6586
-0.0321165 0.0173683 -0.999333 72.4702 -0.0173879 0.999688 0.0179333 -2.29551 0.999333 0.0179523 -0.0318044 54.6712
-0.0344699 0.0172886 -0.999256 71.7941 -0.016506 0.999704 0.0178657 -2.28917 0.999269 0.0171096 -0.0341743 54.6258
-0.0361621 0.0171797 -0.999198 71.1052 -0.0156449 0.99972 0.0177549 -2.28469 0.999223 0.0162744 -0.0358832 54.5982
-0.0422062 0.0168685 -0.998967 70.4236 -0.0141641 0.999747 0.0174801 -2.28286 0.999009 0.0148872 -0.0419566 54.609
-0.0436653 0.0172472 -0.998898 69.6887 -0.0130418 0.999756 0.0178321 -2.2771 0.998961 0.013806 -0.0434297 54.5605
-0.0457479 0.0177236 -0.998796 68.9923 -0.011939 0.999762 0.0182876 -2.27513 0.998882 0.0127613 -0.0455254 54.5295
-0.0491566 0.0177732 -0.998633 68.2367 -0.0118508 0.999761 0.0183766 -2.27167 0.998721 0.012738 -0.0489342 54.5096
-0.0499169 0.0179629 -0.998592 67.4998 -0.0125832 0.999748 0.0186127 -2.26576 0.998674 0.0134946 -0.0496783 54.4538
-0.0512397 0.0190212 -0.998505 66.7729 -0.0126056 0.999727 0.0196913 -2.26343 0.998607 0.0135957 -0.0509859 54.4446
-0.0511416 0.0204031 -0.998483 65.9701 -0.0124251 0.999701 0.0210644 -2.25743 0.998614 0.0134835 -0.0508728 54.3598
-0.052904 0.0214902 -0.998369 65.21 -0.0130552 0.999668 0.02221 -2.25517 0.998514 0.0142089 -0.0526059 54.3395
-0.0532145 0.0220647 -0.998339 64.4445 -0.0133496 0.999651 0.0228052 -2.25041 0.998494 0.014541 -0.0529013 54.3109
-0.0551045 0.0217548 -0.998244 63.6414 -0.0145072 0.99964 0.0225861 -2.24698 0.998375 0.0157263 -0.054769 54.2803
-0.0565836 0.0211471 -0.998174 62.901 -0.0154738 0.999637 0.0220553 -2.24118 0.998278 0.0166935 -0.0562359 54.2556
-0.0549882 0.0208946 -0.998269 62.0727 -0.0164428 0.999627 0.0218287 -2.23565 0.998352 0.0176146 -0.0546241 54.1793
-0.0554074 0.0205957 -0.998252 61.2707 -0.0175562 0.999613 0.0215982 -2.23115 0.998309 0.0187222 -0.0550244 54.1415
-0.0543307 0.0210293 -0.998302 60.4466 -0.0182646 0.99959 0.0220504 -2.22555 0.998356 0.0194316 -0.0539243 54.0719
-0.0532922 0.0218193 -0.998341 59.6446 -0.0188525 0.999561 0.0228524 -2.22049 0.998401 0.0200391 -0.0528574 54.0632
-0.0532409 0.0226455 -0.998325 58.8031 -0.0184934 0.999549 0.0236596 -2.21421 0.99841 0.0197221 -0.0527981 54.0146
-0.0530907 0.0233942 -0.998316 57.974 -0.0171949 0.999556 0.0243377 -2.20987 0.998442 0.0184581 -0.0526649 53.987
-0.05313 0.0237901 -0.998304 57.1579 -0.0157145 0.999572 0.0246567 -2.2034 0.998464 0.0169978 -0.0527334 53.9582
-0.0523883 0.0240499 -0.998337 56.2931 -0.0141652 0.999592 0.0248234 -2.197 0.998526 0.0154421 -0.0520262 53.9016
-0.0528631 0.0238912 -0.998316 55.471 -0.0126579 0.999618 0.0245926 -2.19022 0.998522 0.0139366 -0.0525404 53.881
-0.0536177 0.0238331 -0.998277 54.6206 -0.0115051 0.999634 0.0244835 -2.18379 0.998495 0.012798 -0.0533238 53.8198
-0.0528252 0.0243404 -0.998307 53.7482 -0.0106715 0.999632 0.0249374 -2.17664 0.998547 0.0119708 -0.052546 53.7849
-0.05445 0.0251579 -0.9982 52.9183 -0.0100453 0.999618 0.0257416 -2.1664 0.998466 0.0114289 -0.0541765 53.7281
-0.0538912 0.0261872 -0.998204 52.0468 -0.00897982 0.999603 0.0267087 -2.16212 0.998506 0.0104031 -0.0536346 53.6946
-0.0543548 0.0274078 -0.998146 51.1822 -0.00877028 0.999572 0.0279246 -2.15374 0.998483 0.0102719 -0.0540912 53.6472
-0.0542918 0.0284452 -0.99812 50.3256 -0.00878201 0.999542 0.0289635 -2.14461 0.998487 0.010338 -0.0540171 53.6138
-0.0555472 0.0282859 -0.998055 49.4697 -0.00889086 0.999545 0.028823 -2.13864 0.998417 0.0104746 -0.0552704 53.5495
-0.0541971 0.0281333 -0.998134 48.6018 -0.00885134 0.99955 0.0286538 -2.13087 0.998491 0.0103878 -0.0539237 53.4808
-0.0562626 0.0281376 -0.99802 47.7399 -0.00960035 0.999541 0.0287218 -2.12022 0.99837 0.0111973 -0.0559666 53.4522
-0.056509 0.0285444 -0.997994 46.8684 -0.0103241 0.999521 0.0291726 -2.11171 0.998349 0.0119519 -0.0561873 53.3862
-0.0588768 0.0292192 -0.997838 46.038 -0.0106222 0.999497 0.0298946 -2.10159 0.998209 0.0123593 -0.0585368 53.3294
-0.0601892 0.0293126 -0.997757 45.1858 -0.0102255 0.999498 0.0299807 -2.09548 0.998135 0.0120071 -0.0598593 53.2979
-0.0588261 0.029376 -0.997836 44.325 -0.0106493 0.999492 0.0300525 -2.08762 0.998212 0.0123942 -0.0584834 53.2493
-0.0593225 0.0292695 -0.99781 43.4939 -0.0107165 0.999494 0.029956 -2.0774 0.998181 0.0124701 -0.0589788 53.1982
-0.060022 0.0290085 -0.997776 42.6585 -0.0103085 0.999506 0.0296789 -2.07223 0.998144 0.012067 -0.0596934 53.1382
-0.0590745 0.0292549 -0.997825 41.836 -0.0100497 0.999502 0.0298991 -2.06349 0.998203 0.0117941 -0.0587511 53.1
-0.0588257 0.0298221 -0.997823 40.989 -0.00929475 0.999494 0.03042 -2.05507 0.998225 0.011064 -0.0585188 53.0407
-0.0591945 0.0297552 -0.997803 40.174 -0.00864234 0.999503 0.0303186 -2.04783 0.998209 0.010418 -0.058908 52.9958
-0.0580703 0.0291141 -0.997888 39.3266 -0.00752735 0.999534 0.0296001 -2.04138 0.998284 0.00923034 -0.0578241 52.9389
-0.0580693 0.0281364 -0.997916 38.5285 -0.00727367 0.999564 0.0286062 -2.03271 0.998286 0.00891965 -0.0578394 52.9004
-0.0574622 0.0268225 -0.997987 37.6841 -0.00810036 0.999594 0.0273321 -2.02713 0.998315 0.00965462 -0.0572216 52.8428
-0.0566382 0.0270761 -0.998028 36.8787 -0.00828109 0.999585 0.0275883 -2.01814 0.99836 0.0098273 -0.0563905 52.7726
-0.0562979 0.0281568 -0.998017 36.0912 -0.00832076 0.999554 0.0286696 -2.01446 0.998379 0.00991829 -0.0560386 52.7408
-0.0568887 0.0296195 -0.997941 35.2487 -0.00800381 0.999514 0.0301225 -2.00754 0.998349 0.00970096 -0.056624 52.6856
-0.0561063 0.0306577 -0.997954 34.4656 -0.00752801 0.999487 0.031128 -2.00123 0.998396 0.00925909 -0.0558468 52.6461
-0.0570218 0.031172 -0.997886 33.6656 -0.00686477 0.999477 0.0316139 -1.99401 0.998349 0.00865294 -0.0567779 52.5912
-0.058339 0.0310354 -0.997814 32.8621 -0.00597686 0.999488 0.0314369 -1.98481 0.998279 0.00779779 -0.0581236 52.533
-0.058919 0.030692 -0.997791 32.0682 -0.00541408 0.999503 0.0310644 -1.97499 0.998248 0.0072324 -0.0587235 52.5136
-0.0606892 0.0303829 -0.997694 31.2762 -0.00473917 0.999517 0.0307267 -1.96464 0.998146 0.00659302 -0.0605159 52.4264
-0.0612801 0.0301489 -0.997665 30.4829 -0.00463417 0.999524 0.0304897 -1.95801 0.99811 0.00649176 -0.0611112 52.3979
-0.0641627 0.0299247 -0.997491 29.7008 -0.00509495 0.999528 0.0303135 -1.95005 0.997927 0.00702716 -0.0639799 52.3395
-0.065925 0.0300366 -0.997373 28.9272 -0.00681326 0.99951 0.0305513 -1.94191 0.997801 0.00880946 -0.065688 52.2726
-0.0658577 0.0305037 -0.997363 28.1289 -0.00882723 0.999476 0.0311513 -1.93283 0.99779 0.0108555 -0.0655539 52.2258
-0.0650483 0.0322849 -0.99736 27.3673 -0.0109061 0.999394 0.0330621 -1.91882 0.997823 0.013028 -0.0646568 52.1623
-0.0644664 0.0342755 -0.997331 26.6321 -0.0119977 0.999311 0.035119 -1.90747 0.997848 0.0142297 -0.0640108 52.126
-0.0633482 0.0353019 -0.997367 25.8731 -0.0130788 0.999259 0.0361995 -1.89915 0.997906 0.0153375 -0.0628396 52.0775
-0.0617486 0.0368608 -0.997411 25.0687 -0.0121612 0.999216 0.0376804 -1.88154 0.998018 0.0144564 -0.0612519 52.0222
-0.0609369 0.0370641 -0.997453 24.3411 -0.0116119 0.999216 0.037839 -1.86332 0.998074 0.0138881 -0.0604587 51.9943
-0.058431 0.0373867 -0.997591 23.5794 -0.0101628 0.999224 0.0380432 -1.84191 0.99824 0.0123613 -0.0580057 51.926
-0.05533 0.037368 -0.997769 22.7852 -0.00941381 0.999236 0.0379449 -1.82302 0.998424 0.0114923 -0.0549359 51.884
-0.054388 0.0379785 -0.997797 22.1067 -0.00783457 0.999229 0.0384601 -1.8043 0.998489 0.00990908 -0.0540485 51.8633
-0.0532388 0.0380961 -0.997855 21.3565 -0.00695118 0.999234 0.0385196 -1.78977 0.998558 0.008987 -0.0529332 51.8288
-0.0517343 0.0384664 -0.99792 20.6243 -0.00695268 0.99922 0.0388769 -1.77423 0.998637 0.00894949 -0.0514264 51.7546
-0.0492085 0.0386578 -0.99804 19.8705 -0.00646668 0.999217 0.0390223 -1.7595 0.998768 0.00837423 -0.04892 51.7123
-0.049541 0.038011 -0.998049 19.1366 -0.0065666 0.999242 0.0383824 -1.74789 0.998751 0.00845528 -0.0492538 51.7107
-0.0479128 0.0372348 -0.998158 18.3731 -0.00635459 0.999273 0.0375814 -1.73343 0.998831 0.00814352 -0.0476414 51.6397
-0.0478443 0.0367485 -0.998179 17.6646 -0.00557978 0.999298 0.0370571 -1.71765 0.998839 0.00734259 -0.0476057 51.6222
-0.046534 0.0375202 -0.998212 16.961 -0.00477894 0.999275 0.0377829 -1.70159 0.998905 0.00652858 -0.0463209 51.5968
-0.0468527 0.0386117 -0.998155 16.2252 -0.0036898 0.999239 0.0388268 -1.68821 0.998895 0.00550214 -0.0466746 51.5708
-0.0465551 0.0395875 -0.998131 15.5755 -0.00327041 0.999203 0.0397826 -1.67356 0.99891 0.00511639 -0.0463886 51.5492
-0.0447177 0.0410007 -0.998158 14.8125 -0.00225486 0.999151 0.0411425 -1.66095 0.998997 0.0040905 -0.0445873 51.5115
-0.0449316 0.0426098 -0.998081 14.1444 -0.00160166 0.999086 0.0427248 -1.64827 0.998989 0.00351828 -0.0448223 51.4823
-0.0430515 0.0436309 -0.99812 13.3881 -0.00152547 0.999042 0.043737 -1.62913 0.999072 0.00340555 -0.0429437 51.4491
-0.0429595 0.0447701 -0.998073 12.6884 -0.00243601 0.998988 0.044916 -1.61619 0.999074 0.00436089 -0.042807 51.4617
-0.0389595 0.04484 -0.998234 12.0292 -0.00252229 0.998985 0.0449722 -1.60137 0.999238 0.00426993 -0.0388068 51.4175
-0.034332 0.0441622 -0.998434 11.3701 -0.00236052 0.999017 0.0442691 -1.58641 0.999408 0.00387666 -0.034194 51.399
-0.0317701 0.0427865 -0.998579 10.7182 -0.00287787 0.999075 0.0428994 -1.57225 0.999491 0.0042367 -0.0316176 51.3632
-0.0300338 0.0413176 -0.998695 10.0547 -0.00229319 0.99914 0.0414049 -1.5562 0.999546 0.00353375 -0.0299132 51.3528
-0.0242509 0.0415751 -0.998841 9.47866 -0.00112732 0.999133 0.0416146 -1.54449 0.999705 0.0021352 -0.024183 51.3299
-0.0219375 0.041819 -0.998884 8.87539 -0.000798942 0.999124 0.0418466 -1.53664 0.999759 0.00171606 -0.0218848 51.3198
-0.0200149 0.0429702 -0.998876 8.27964 0.000268391 0.999076 0.0429734 -1.52429 0.9998 0.000592019 -0.020008 51.32
-0.0188785 0.0432563 -0.998886 7.69545 0.00216213 0.999063 0.0432231 -1.51557 0.999819 -0.00134373 -0.0189544 51.3058
-0.0179519 0.043616 -0.998887 7.17722 0.00155319 0.999048 0.0435951 -1.51507 0.999838 -0.000768843 -0.0180026 51.294
-0.0173148 0.0442104 -0.998872 6.62061 0.00356294 0.999018 0.0441551 -1.50156 0.999844 -0.00279438 -0.0174553 51.2902
-0.0160664 0.0439689 -0.998904 6.11169 0.00454022 0.999026 0.0439012 -1.49426 0.999861 -0.00382991 -0.0162504 51.2923
-0.0160352 0.0431102 -0.998942 5.6248 0.00636219 0.999054 0.0430129 -1.48427 0.999851 -0.00566574 -0.0162943 51.2729
-0.0165426 0.0421247 -0.998975 5.11872 0.0082651 0.999084 0.0419924 -1.47385 0.999829 -0.00756197 -0.0168756 51.2624
-0.0178972 0.0414948 -0.998978 4.65636 0.011147 0.999085 0.0412995 -1.46565 0.999778 -0.0103964 -0.0183434 51.2605
-0.0216015 0.040604 -0.998942 4.21117 0.013713 0.999093 0.0403136 -1.45631 0.999673 -0.0128277 -0.0221387 51.2529
-0.0291111 0.0401036 -0.998771 3.78379 0.0152455 0.999096 0.0396723 -1.45053 0.99946 -0.0140719 -0.0296962 51.2365
-0.0413746 0.040082 -0.99834 3.36083 0.0175724 0.99907 0.0393831 -1.44277 0.998989 -0.0159137 -0.0420405 51.2188
-0.0556326 0.0398269 -0.997657 2.97969 0.0186067 0.999072 0.0388459 -1.43977 0.998278 -0.016402 -0.056322 51.1855
-0.072963 0.0393974 -0.996556 2.5907 0.0183548 0.999103 0.0381543 -1.4348 0.997166 -0.0155077 -0.0736207 51.1457
-0.0929079 0.0405157 -0.99485 2.26262 0.0177719 0.99908 0.0390283 -1.43153 0.995516 -0.0140544 -0.0935425 51.0924
-0.119903 0.0406627 -0.991953 1.90953 0.0188366 0.999074 0.0386777 -1.42867 0.992607 -0.0140475 -0.120557 51.0494
-0.150103 0.0392778 -0.98789 1.60933 0.0210763 0.999111 0.0365215 -1.42936 0.988446 -0.015339 -0.150798 50.9718
-0.186862 0.0374071 -0.981674 1.30295 0.0206218 0.999204 0.0341498 -1.42688 0.98217 -0.0138626 -0.187485 50.8655
-0.226151 0.0362689 -0.973417 1.0259 0.0178968 0.999293 0.0330751 -1.42399 0.973928 -0.00994113 -0.22664 50.7732
-0.269 0.0362154 -0.962459 0.742724 0.0136568 0.999336 0.033786 -1.42185 0.963044 -0.00405569 -0.269315 50.6532
-0.314208 0.0355825 -0.948687 0.473032 0.00965603 0.999365 0.0342851 -1.41962 0.949305 0.00161209 -0.314352 50.5083
-0.360571 0.0346431 -0.932088 0.252507 0.00734813 0.999385 0.0343018 -1.41422 0.932703 0.00551911 -0.360604 50.3458
-0.410443 0.034156 -0.911246 -0.0153725 0.00589875 0.999377 0.0348024 -1.41478 0.911867 0.00890921 -0.410389 50.1859
-0.459013 0.0319595 -0.887855 -0.223591 0.00312859 0.999405 0.0343575 -1.40585 0.888424 0.0129928 -0.45884 50.0237
-0.509403 0.0294868 -0.860023 -0.427339 0.000279401 0.999418 0.0341006 -1.4027 0.860528 0.0171306 -0.509115 49.8523
-0.558568 0.0266089 -0.829032 -0.639223 -0.00391363 0.99939 0.0347136 -1.3935 0.82945 0.0226344 -0.558123 49.6384
-0.607047 0.0235616 -0.794317 -0.802527 -0.00696682 0.999364 0.0349681 -1.39372 0.794635 0.0267612 -0.606497 49.4459
-0.652428 0.0202011 -0.757581 -0.990672 -0.00916277 0.999361 0.0345392 -1.38075 0.757795 0.0294759 -0.651827 49.2064
-0.697059 0.0205311 -0.71672 -1.15384 -0.0065085 0.999368 0.0349578 -1.37479 0.716985 0.0290324 -0.696484 48.9821
-0.740594 0.0251633 -0.671482 -1.33048 6.72294e-05 0.999301 0.0373739 -1.36505 0.671953 0.0276337 -0.740078 48.7321
-0.781231 0.0303703 -0.623503 -1.46228 0.00603531 0.999137 0.0411051 -1.3607 0.624214 0.0283495 -0.780739 48.4684
-0.819412 0.0313679 -0.572346 -1.60739 0.00729958 0.998992 0.0442999 -1.34825 0.573158 0.032122 -0.818815 48.1753
-0.8552 0.0302592 -0.517414 -1.72017 0.00654592 0.998845 0.0475947 -1.33637 0.518257 0.0373161 -0.854411 47.8934
-0.888537 0.0293022 -0.457868 -1.822 0.00692943 0.998702 0.0504668 -1.3217 0.458752 0.0416688 -0.887587 47.5738
-0.916614 0.0273942 -0.398835 -1.91401 0.00741807 0.998643 0.0515439 -1.31019 0.399706 0.0442872 -0.915573 47.2647
-0.93931 0.0263208 -0.342059 -1.96143 0.00938537 0.998651 0.0510718 -1.29695 0.342942 0.0447619 -0.93829 46.9419
-0.957901 0.0240297 -0.286091 -2.03371 0.010119 0.998698 0.0500028 -1.28557 0.28692 0.0450028 -0.956897 46.5728
-0.97247 0.0217155 -0.232014 -2.06066 0.0107214 0.998764 0.0485422 -1.2742 0.232781 0.0447184 -0.971501 46.2359
-0.98286 0.0185616 -0.183418 -2.08262 0.010096 0.998845 0.0469814 -1.26025 0.184078 0.0443243 -0.981912 45.8593
-0.990187 0.0174279 -0.138659 -2.12248 0.0113558 0.998947 0.0444628 -1.2472 0.139288 0.0424519 -0.989342 45.4852
-0.994564 0.0182373 -0.102521 -2.13655 0.0140135 0.999029 0.0417695 -1.23458 0.103183 0.0401057 -0.993854 45.0652
-0.997383 0.018622 -0.0698581 -2.15186 0.0159309 0.999117 0.0388838 -1.22367 0.0705205 0.0376691 -0.996799 44.6557
-0.998739 0.0176744 -0.0469963 -2.13738 0.0158865 0.999146 0.0381487 -1.21207 0.0476304 0.0373539 -0.998166 44.2396
-0.999494 0.0163437 -0.0273051 -2.16222 0.0152958 0.999155 0.0381551 -1.1944 0.0279056 0.0377181 -0.998899 43.7677
-0.999799 0.0160329 -0.0120146 -2.16061 0.0155528 0.999117 0.0390413 -1.18158 0.0126299 0.0388466 -0.999165 43.3048
-0.999847 0.0175104 -0.000200987 -2.15142 0.0174888 0.999065 0.03953 -1.1713 0.000892987 0.0395204 -0.999219 42.8176
-0.999772 0.017969 0.0115717 -2.17183 0.0184159 0.99904 0.0397488 -1.15915 -0.0108464 0.0399529 -0.999143 42.3011
-0.999694 0.0181543 0.0168131 -2.18232 0.0188067 0.999043 0.0394959 -1.14557 -0.01608 0.0398 -0.999078 41.8071
-0.999643 0.017778 0.0199362 -2.12975 0.0185464 0.999065 0.0390476 -1.13394 -0.0192234 0.0394034 -0.999039 41.2869
-0.999644 0.0167741 0.0207706 -2.13607 0.0175604 0.999113 0.0382677 -1.12001 -0.0201103 0.0386188 -0.999052 40.7548
-0.999617 0.0159103 0.0226312 -2.10034 0.0167547 0.999152 0.0376237 -1.10666 -0.0220134 0.0379884 -0.999036 40.2237
-0.999628 0.0162419 0.0219369 -2.08355 0.0170618 0.999143 0.0377178 -1.09041 -0.0213055 0.038078 -0.999048 39.6377
-0.999612 0.0181203 0.021168 -2.08971 0.018915 0.9991 0.0379679 -1.07958 -0.020461 0.0383536 -0.999055 39.0906
-0.999593 0.0192753 0.021057 -2.04916 0.0200759 0.999057 0.0384929 -1.06437 -0.0202952 0.0388999 -0.999037 38.4885
-0.9996 0.01909 0.0208698 -2.02977 0.0199026 0.999023 0.0394465 -1.04723 -0.0200964 0.0398461 -0.999004 37.8937
-0.999597 0.0206358 0.0194757 -2.01316 0.0214053 0.998964 0.0401662 -1.0293 -0.0186266 0.0405669 -0.999003 37.2275
-0.99956 0.0213484 0.0205929 -1.98469 0.0221861 0.998898 0.0413491 -1.0143 -0.0196874 0.0417878 -0.998933 36.5746
-0.999513 0.0226692 0.0214685 -1.95227 0.0235943 0.998759 0.043866 -0.998018 -0.0204474 0.0443511 -0.998807 35.94
-0.99936 0.0232032 0.0272322 -1.93375 0.0244327 0.998656 0.0457196 -0.979147 -0.0261347 0.0463557 -0.998583 35.3062
-0.999354 0.0226133 0.0279329 -1.90351 0.0238971 0.998632 0.0465152 -0.960084 -0.0268428 0.0471527 -0.998527 34.6891
-0.999182 0.0220898 0.03386 -1.8618 0.0236351 0.998665 0.0459384 -0.939153 -0.0328 0.0467011 -0.99837 34.0182
-0.999076 0.0230053 0.0363075 -1.85562 0.0246336 0.998681 0.0450572 -0.925074 -0.0352231 0.0459099 -0.998325 33.4143
-0.998748 0.0227161 0.0445672 -1.82857 0.0246963 0.998709 0.0443965 -0.908162 -0.0435011 0.0454415 -0.99802 32.8044
-0.998604 0.0223081 0.0478913 -1.79842 0.0244075 0.998746 0.0437098 -0.889858 -0.0468562 0.0448177 -0.997896 32.1483
-0.998427 0.0223845 0.0514115 -1.75329 0.0246173 0.998762 0.0432157 -0.873489 -0.0503805 0.0444133 -0.997742 31.5072
-0.998137 0.0217965 0.0569962 -1.72111 0.0242898 0.998762 0.0434235 -0.858223 -0.0559791 0.044727 -0.99743 30.9053
-0.997962 0.0218505 0.0599538 -1.66401 0.0244828 0.998752 0.0435275 -0.841432 -0.0589279 0.0449067 -0.997252 30.2699
-0.997778 0.0231745 0.062464 -1.64535 0.0259734 0.998677 0.0443761 -0.826224 -0.061353 0.0458999 -0.99706 29.6496
-0.997772 0.0242828 0.0621488 -1.59823 0.0270588 0.998655 0.0442214 -0.814026 -0.0609914 0.0458045 -0.997087 29.0304
-0.997817 0.0242663 0.0614218 -1.56547 0.0269943 0.998668 0.043981 -0.798296 -0.0602727 0.0455431 -0.997142 28.4184
-0.997419 0.0245674 0.0674726 -1.55976 0.0275632 0.998659 0.043835 -0.783205 -0.0663052 0.0455816 -0.996758 27.8298
-0.997422 0.0246056 0.06741 -1.50576 0.027579 0.998671 0.0435396 -0.770145 -0.0662491 0.0452864 -0.996775 27.2601
-0.997482 0.0239938 0.0667369 -1.45762 0.0269492 0.998679 0.0437423 -0.756804 -0.0655992 0.0454306 -0.996811 26.7164
-0.997445 0.024047 0.0672711 -1.44961 0.0270739 0.998645 0.0444514 -0.746021 -0.066111 0.0461592 -0.996744 26.1631
-0.997863 0.0237698 0.0608622 -1.393 0.0264918 0.998666 0.0443147 -0.734145 -0.0597276 0.0458323 -0.997162 25.6336
-0.997725 0.0229767 0.0633861 -1.37703 0.0258067 0.99869 0.0441957 -0.723864 -0.0622876 0.0457309 -0.99701 25.1362
-0.997734 0.0221859 0.0635132 -1.33643 0.025037 0.998698 0.0444526 -0.71007 -0.0624443 0.045942 -0.996991 24.6095
-0.997265 0.0211821 0.0708044 -1.32129 0.0243516 0.998726 0.044205 -0.695407 -0.0697778 0.0458083 -0.99651 24.1024
-0.997466 0.0222538 0.0675771 -1.28674 0.0251238 0.998805 0.0419227 -0.691748 -0.0665634 0.0435143 -0.996833 23.5625
-0.997485 0.0228222 0.0670973 -1.23918 0.0255708 0.998857 0.0403956 -0.681861 -0.0660986 0.0420097 -0.996928 23.0296
-0.99765 0.0218495 0.0649394 -1.22253 0.0245487 0.998855 0.0410621 -0.673114 -0.0639678 0.0425598 -0.997044 22.4961
-0.997927 0.0180296 0.0617847 -1.18607 0.0207908 0.9988 0.0443442 -0.653674 -0.060911 0.0455369 -0.997104 22.0082
-0.998122 0.014861 0.0594377 -1.13997 0.0177256 0.998692 0.0479614 -0.639999 -0.0586472 0.0489249 -0.997079 21.5247
-0.998271 0.0148514 0.0568717 -1.1244 0.0177621 0.99854 0.0510221 -0.627902 -0.0560309 0.0519441 -0.997077 21.0438
-0.99825 0.016522 0.0567842 -1.1026 0.0196124 0.998332 0.0543036 -0.623643 -0.0557922 0.0553222 -0.996909 20.5723
-0.998139 0.0170111 0.058556 -1.07604 0.0203008 0.998221 0.0560527 -0.611106 -0.0574983 0.0571371 -0.996709 20.0669
-0.998144 0.0136328 0.0593498 -1.03686 0.0169123 0.998337 0.0551093 -0.596947 -0.0584998 0.0560107 -0.996715 19.6514
-0.998157 0.00937597 0.0599633 -1.01061 0.0125944 0.998487 0.0535228 -0.579251 -0.0593708 0.0541793 -0.996765 19.2272
-0.998414 0.00774622 0.0557629 -0.969098 0.010717 0.998528 0.0531756 -0.562572 -0.0552688 0.0536889 -0.997027 18.7993
-0.998459 0.00893678 0.0547732 -0.949266 0.0119379 0.998431 0.0547113 -0.552144 -0.0541983 0.0552808 -0.996999 18.4225
-0.998365 0.0102814 0.0562244 -0.93325 0.0134466 0.998328 0.056212 -0.540938 -0.0555524 0.0568761 -0.996835 18.0543
-0.998448 0.010651 0.0546638 -0.908447 0.0137648 0.998285 0.0569073 -0.531295 -0.0539639 0.0575714 -0.996882 17.6767
-0.998528 0.00993224 0.0533233 -0.876311 0.0129864 0.998276 0.0572381 -0.517436 -0.0526628 0.0578463 -0.996936 17.2945
-0.998646 0.00999957 0.0510602 -0.851622 0.0129425 0.998254 0.0576344 -0.503925 -0.0503948 0.0582172 -0.997031 16.9596
-0.998674 0.0105601 0.0503934 -0.830053 0.0134816 0.998226 0.0579912 -0.491103 -0.0496916 0.0585936 -0.997044 16.5927
-0.99855 0.00982757 0.0529356 -0.814581 0.0129142 0.998216 0.058287 -0.473478 -0.0522683 0.0588861 -0.996895 16.2538
-0.998513 0.0100169 0.0535888 -0.787293 0.0130892 0.998272 0.0572906 -0.462163 -0.0529223 0.0579069 -0.996918 15.895
-0.998379 0.00870137 0.0562583 -0.763859 0.0118735 0.998343 0.0562989 -0.442135 -0.0556752 0.0568756 -0.996828 15.5422
-0.998238 0.00869463 0.0586977 -0.736877 0.0119001 0.998444 0.0544827 -0.432414 -0.0581327 0.0550852 -0.996788 15.2842
-0.998264 0.00967566 0.0580938 -0.723375 0.0127707 0.998505 0.0531442 -0.422795 -0.0574927 0.0537939 -0.996896 14.999
-0.99785 0.01061 0.0646747 -0.687773 0.0140546 0.998494 0.0530398 -0.408189 -0.0640145 0.0538347 -0.996496 14.5358
-0.997799 0.0102346 0.0655251 -0.677613 0.0137038 0.998516 0.0527163 -0.395217 -0.0648882 0.0534982 -0.996457 14.1738
-0.998079 0.0109692 0.0609781 -0.649749 0.0141405 0.998556 0.0518227 -0.381313 -0.0603216 0.0525854 -0.996793 13.8028
-0.998127 0.0123494 0.0599128 -0.644813 0.0152337 0.998735 0.0479265 -0.364416 -0.0592451 0.0487494 -0.997052 13.4066
-0.998128 0.0122233 0.0599351 -0.610388 0.0147659 0.999002 0.0421655 -0.363951 -0.0593598 0.0429716 -0.997311 13.0683
-0.998057 0.0119545 0.0611576 -0.562431 0.0144347 0.999084 0.0402735 -0.357348 -0.0606201 0.041078 -0.997315 12.7074
-0.998277 0.0115827 0.0575231 -0.555715 0.0139604 0.999057 0.0411072 -0.344314 -0.0569927 0.0418394 -0.997498 12.272
-0.998249 0.0121792 0.0578817 -0.539429 0.0145999 0.999028 0.0415838 -0.32904 -0.057319 0.0423561 -0.997457 11.9346
-0.998303 0.0119282 0.0569927 -0.518072 0.0142559 0.999073 0.0406123 -0.310352 -0.0564554 0.0413559 -0.997548 11.4266
-0.998027 0.0129014 0.0614486 -0.49056 0.0153424 0.999105 0.0394197 -0.302684 -0.060885 0.0402847 -0.997332 11.0636
-0.998172 0.0131079 0.0590026 -0.469053 0.0155924 0.999002 0.0418459 -0.292485 -0.0583952 0.0426894 -0.99738 10.5643
-0.99828 0.0103331 0.0577183 -0.405253 0.0129597 0.998888 0.0453199 -0.280034 -0.0571859 0.04599 -0.997304 10.0479
-0.998236 0.00952462 0.0586005 -0.385706 0.0121454 0.998934 0.0445314 -0.26957 -0.0581139 0.0451646 -0.997288 9.53528
-0.99828 0.0100273 0.0577595 -0.349577 0.0124855 0.999025 0.0423576 -0.254356 -0.0572784 0.0430059 -0.997432 9.07984
-0.998251 0.0112042 0.0580414 -0.326381 0.0135605 0.999093 0.0403645 -0.243559 -0.0575365 0.041081 -0.997498 8.62289
-0.998326 0.0103206 0.0569078 -0.300896 0.0125744 0.999145 0.0393898 -0.231399 -0.0564526 0.0400394 -0.997602 8.17253
-0.998388 0.00955471 0.0559464 -0.269419 0.0117608 0.999161 0.0392358 -0.220993 -0.0555246 0.0398305 -0.997663 7.73046
-0.998477 0.00839028 0.0545226 -0.253984 0.0105178 0.99919 0.038852 -0.210452 -0.0541525 0.0393663 -0.997756 7.2678
-0.9986 0.00837587 0.0522397 -0.221219 0.0104431 0.999168 0.0394252 -0.197931 -0.051866 0.0399155 -0.997856 6.80198
-0.99861 0.00831166 0.0520536 -0.18158 0.0104215 0.99913 0.0403921 -0.188537 -0.0516726 0.0408785 -0.997827 6.33078
-0.998639 0.008213 0.0515059 -0.15276 0.0103083 0.999124 0.0405475 -0.176973 -0.0511278 0.0410233 -0.997849 5.85513
-0.99881 0.00965178 0.0478175 -0.130791 0.0116181 0.999091 0.0410163 -0.164756 -0.0473781 0.041523 -0.998014 5.37758
-0.998878 0.0117637 0.0458818 -0.108689 0.0136448 0.99907 0.0409038 -0.159244 -0.0453579 0.0414839 -0.998109 4.89442
-0.999091 0.012034 0.0408836 -0.081815 0.0137143 0.999062 0.0410704 -0.146713 -0.040351 0.0415938 -0.99832 4.42081
-0.999108 0.0111341 0.040722 -0.0856853 0.0128258 0.999055 0.0415201 -0.131989 -0.0402213 0.0420053 -0.998308 3.9379
-0.999063 0.0104158 0.0420175 -0.0500208 0.0121916 0.999034 0.0422294 -0.119574 -0.0415371 0.0427021 -0.998224 3.46429
-0.99922 0.01052 0.038076 -0.0323904 0.0121549 0.999003 0.0429639 -0.103132 -0.037586 0.0433932 -0.998351 2.99201
-0.999141 0.0116543 0.0397576 -0.0251243 0.0133712 0.998977 0.0431942 -0.0958921 -0.0392135 0.0436887 -0.998275 2.51914
-0.999195 0.0140143 0.037589 -0.0130922 0.0156701 0.998903 0.0441221 -0.0873848 -0.0369294 0.0446756 -0.998319 2.05827
-0.999248 0.0156843 0.0354517 0.0158286 0.0172382 0.998885 0.0439596 -0.0759522 -0.0347226 0.0445377 -0.998404 1.60149
-0.999354 0.0158213 0.032283 0.0134049 0.0171957 0.998938 0.0427496 -0.0671228 -0.0315724 0.043277 -0.998564 1.13341
-0.999434 0.014415 0.0304002 0.0337015 0.0156492 0.999046 0.0407602 -0.0545591 -0.0297837 0.0412129 -0.998706 0.689775
-0.999479 0.0126987 0.0296809 0.0382048 0.0138402 0.99916 0.0385761 -0.0423888 -0.0291661 0.0389668 -0.998815 0.237632
-0.999542 0.0132159 0.0272289 0.0496463 0.0142433 0.99918 0.0378883 -0.0343549 -0.0267059 0.0382587 -0.998911 -0.208759
-0.999591 0.0150732 0.0243057 0.0661468 0.0159917 0.999148 0.0380464 -0.0285283 -0.0237115 0.0384196 -0.99898 -0.643852
-0.999597 0.0173919 0.0224419 0.0598184 0.0182484 0.99909 0.038542 -0.0175374 -0.0217512 0.038936 -0.999005 -1.08545
-0.999554 0.0186675 0.0232958 0.0387614 0.0195565 0.999066 0.0385366 -0.00999249 -0.0225547 0.038975 -0.998986 -1.51736
-0.999746 0.016957 0.0148368 0.0650243 0.0175077 0.999131 0.0378156 -0.012862 -0.0141827 0.0380657 -0.999175 -1.95183
-0.999862 0.0127089 0.0107485 0.08092 0.0130941 0.999246 0.0365539 -0.00245777 -0.0102759 0.0366896 -0.999274 -2.37345
