0.000000e+00
1.036901e-01
2.074373e-01
3.111184e-01
4.148173e-01
5.184784e-01
6.221802e-01
7.259555e-01
8.297026e-01
9.334373e-01
1.037148e+00
1.141085e+00
1.245451e+00
1.348611e+00
1.452357e+00
1.556536e+00
1.659998e+00
1.763880e+00
1.867838e+00
1.971472e+00
2.075337e+00
2.179192e+00
2.283223e+00
2.387110e+00
2.490878e+00
2.594790e+00
2.698677e+00
2.802544e+00
2.906353e+00
3.010440e+00
3.114218e+00
3.218199e+00
3.322153e+00
3.426167e+00
3.529925e+00
3.633938e+00
3.737911e+00
3.841664e+00
3.945668e+00
4.049552e+00
4.153558e+00
4.257417e+00
4.361249e+00
4.465038e+00
4.568856e+00
4.672726e+00
4.776580e+00
4.880628e+00
4.984431e+00
5.088318e+00
5.192175e+00
5.296049e+00
5.399916e+00
5.503781e+00
5.607645e+00
5.711500e+00
5.815376e+00
5.919239e+00
6.023121e+00
6.126937e+00
6.230970e+00
6.334679e+00
6.438559e+00
6.542428e+00
6.646258e+00
6.750160e+00
6.854042e+00
6.957869e+00
7.061761e+00
7.165659e+00
7.269634e+00
7.373458e+00
7.477339e+00
7.581294e+00
7.685131e+00
7.788788e+00
7.892720e+00
7.996457e+00
8.100309e+00
8.204125e+00
8.308034e+00
8.413885e+00
8.515680e+00
8.619539e+00
8.723405e+00
8.827091e+00
8.931003e+00
9.034889e+00
9.138747e+00
9.242595e+00
9.348486e+00
9.450175e+00
9.553905e+00
9.657745e+00
9.761488e+00
9.865546e+00
9.970836e+00
1.007289e+01
1.017661e+01
1.028034e+01
1.038409e+01
1.048779e+01
1.059211e+01
1.069543e+01
1.079916e+01
1.090292e+01
1.100663e+01
1.111109e+01
1.121416e+01
1.131861e+01
1.142178e+01
1.152549e+01
1.162919e+01
1.173305e+01
1.183681e+01
1.194077e+01
1.204442e+01
1.214829e+01
1.225215e+01
1.235605e+01
1.245992e+01
1.256367e+01
1.266750e+01
1.277129e+01
1.287514e+01
1.297900e+01
1.308271e+01
1.318658e+01
1.329035e+01
1.339417e+01
1.349789e+01
1.360308e+01
1.370552e+01
1.380927e+01
1.391321e+01
1.401677e+01
1.412049e+01
1.422421e+01
1.432796e+01
1.443181e+01
1.453588e+01
1.463913e+01
1.474324e+01
1.484658e+01
1.495031e+01
1.505396e+01
1.515762e+01
1.526156e+01
1.536527e+01
1.546903e+01
1.557284e+01
1.567657e+01
1.578033e+01
1.588418e+01
1.598805e+01
1.609256e+01
1.619577e+01
1.629976e+01
1.640380e+01
1.650801e+01
1.661214e+01
1.671648e+01
1.682075e+01
1.692617e+01
1.702943e+01
1.713397e+01
1.723839e+01
1.734266e+01
1.744704e+01
1.755142e+01
1.765567e+01
1.775989e+01
1.786421e+01
1.796826e+01
1.807238e+01
1.817704e+01
1.828070e+01
1.838487e+01
1.848943e+01
1.859293e+01
1.869680e+01
1.880066e+01
1.890446e+01
1.900874e+01
1.911164e+01
1.921529e+01
1.931891e+01
1.942250e+01
1.952598e+01
1.962962e+01
1.973321e+01
1.983680e+01
1.994033e+01
2.004394e+01
2.014757e+01
2.025117e+01
2.035480e+01
2.045856e+01
2.056218e+01
2.066576e+01
2.076947e+01
2.087356e+01
2.097685e+01
2.108057e+01
2.118436e+01
2.128810e+01
2.139186e+01
2.149556e+01
2.159938e+01
2.170301e+01
2.180678e+01
2.191054e+01
2.201434e+01
2.211810e+01
2.222193e+01
2.232580e+01
2.242948e+01
2.253327e+01
2.263709e+01
2.274082e+01
2.284455e+01
2.294836e+01
2.305208e+01
2.315594e+01
2.325966e+01
2.336341e+01
2.346713e+01
2.357101e+01
2.367471e+01
2.377846e+01
2.388238e+01
2.398611e+01
2.408998e+01
2.419382e+01
2.429767e+01
2.440146e+01
2.450530e+01
2.460915e+01
2.471287e+01
2.481660e+01
2.492051e+01
2.502420e+01
2.512795e+01
2.523191e+01
2.533566e+01
2.543949e+01
2.554319e+01
2.564689e+01
2.575088e+01
2.585465e+01
2.595839e+01
2.606232e+01
2.616607e+01
2.626993e+01
2.637358e+01
2.647736e+01
2.658149e+01
2.668506e+01
2.678883e+01
2.689267e+01
2.699646e+01
2.710029e+01
2.720413e+01
2.730794e+01
2.741162e+01
2.751539e+01
2.761927e+01
2.772296e+01
2.782670e+01
2.793057e+01
2.803435e+01
2.813810e+01
2.824183e+01
2.834616e+01
2.844942e+01
2.855316e+01
2.865700e+01
2.876083e+01
2.886468e+01
2.896839e+01
2.907212e+01
2.917603e+01
2.927972e+01
2.938342e+01
2.948729e+01
2.959112e+01
2.969483e+01
2.979864e+01
2.990245e+01
3.000616e+01
3.010989e+01
3.021360e+01
3.031737e+01
3.042112e+01
3.052484e+01
3.062859e+01
3.073249e+01
3.083625e+01
3.093994e+01
3.104377e+01
3.114765e+01
3.125159e+01
3.135558e+01
3.145951e+01
3.156370e+01
3.166789e+01
3.177210e+01
3.187646e+01
3.198103e+01
3.208552e+01
3.218986e+01
3.229430e+01
3.239880e+01
3.250324e+01
3.260745e+01
3.271169e+01
3.281591e+01
3.292014e+01
3.302424e+01
3.312839e+01
3.323239e+01
3.333620e+01
3.344025e+01
3.354400e+01
3.364773e+01
3.375135e+01
3.385492e+01
3.395851e+01
3.406220e+01
3.416577e+01
3.426936e+01
3.437306e+01
3.447662e+01
3.458012e+01
3.468370e+01
3.478733e+01
3.489100e+01
3.499456e+01
3.509822e+01
3.520178e+01
3.530552e+01
3.540921e+01
3.551283e+01
3.561656e+01
3.572018e+01
3.582387e+01
3.592747e+01
3.603120e+01
3.613498e+01
3.623914e+01
3.634232e+01
3.644591e+01
3.654972e+01
3.665329e+01
3.675701e+01
3.686083e+01
3.696451e+01
3.706825e+01
3.717205e+01
3.727574e+01
3.737953e+01
3.748324e+01
3.758702e+01
3.769061e+01
3.779435e+01
3.789806e+01
3.800179e+01
3.810563e+01
3.820970e+01
3.831365e+01
3.841763e+01
3.852178e+01
3.862600e+01
3.873021e+01
3.883447e+01
3.893884e+01
3.904308e+01
3.914734e+01
3.925156e+01
3.935566e+01
3.945977e+01
3.956388e+01
3.966788e+01
3.977189e+01
3.987604e+01
3.998004e+01
4.008405e+01
4.018785e+01
4.029178e+01
4.039557e+01
4.049934e+01
4.060296e+01
4.070660e+01
4.081014e+01
4.091379e+01
4.101725e+01
4.112148e+01
4.122436e+01
4.132786e+01
4.143149e+01
4.153500e+01
4.163844e+01
4.174224e+01
4.184633e+01
4.194924e+01
4.205321e+01
4.215670e+01
4.226014e+01
4.236378e+01
4.246736e+01
4.257121e+01
4.267478e+01
4.277846e+01
4.288225e+01
4.298617e+01
4.308971e+01
4.319344e+01
4.329755e+01
4.340106e+01
4.350478e+01
4.360853e+01
4.371260e+01
4.381602e+01
4.391975e+01
4.402479e+01
4.412729e+01
4.423099e+01
4.433470e+01
4.443845e+01
4.454225e+01
4.464582e+01
4.474956e+01
4.485331e+01
4.495701e+01
4.506070e+01
4.516444e+01
4.526814e+01
4.537189e+01
4.547559e+01
4.557934e+01
4.568308e+01
4.578687e+01
4.589295e+01
4.599432e+01
4.609804e+01
4.620168e+01
4.630540e+01
4.640900e+01
4.651277e+01
4.661668e+01
4.672049e+01
4.682611e+01
4.692786e+01
4.703344e+01
4.713536e+01
4.723912e+01
4.734269e+01
4.744646e+01
4.755017e+01
4.765414e+01
4.775763e+01
4.786362e+01
4.796643e+01
4.806891e+01
4.817268e+01
4.827644e+01
4.838023e+01
4.848404e+01
4.858770e+01
4.869144e+01
4.879531e+01
4.889905e+01
4.900280e+01
4.910658e+01
4.921044e+01
4.931415e+01
4.941777e+01
4.952152e+01
4.962523e+01
4.972911e+01
4.983284e+01
4.993658e+01
5.004030e+01
5.014404e+01
5.024780e+01
5.035198e+01
5.045540e+01
5.055929e+01
5.066303e+01
5.076698e+01
5.087063e+01
5.097448e+01
5.107820e+01
5.118194e+01
5.128584e+01
5.138956e+01
5.149329e+01
5.159719e+01
5.170092e+01
5.180464e+01
5.190841e+01
5.201213e+01
5.211584e+01
5.221937e+01
5.232298e+01
5.242646e+01
5.253485e+01
5.263375e+01
5.273727e+01
5.284090e+01
5.294435e+01
5.304797e+01
5.315154e+01
5.325595e+01
5.335875e+01
5.346239e+01
5.356601e+01
5.366963e+01
5.377331e+01
5.387695e+01
5.398059e+01
5.408440e+01
5.418795e+01
5.429164e+01
5.439530e+01
5.449892e+01
5.460269e+01
5.470638e+01
5.481015e+01
5.491397e+01
5.501791e+01
5.512177e+01
5.522577e+01
5.532984e+01
5.543393e+01
5.553823e+01
5.564243e+01
5.574667e+01
5.585076e+01
5.595506e+01
5.605918e+01
5.616330e+01
5.626737e+01
5.637147e+01
5.647549e+01
5.657952e+01
5.668350e+01
5.678735e+01
5.689118e+01
5.699506e+01
5.709893e+01
5.720276e+01
5.730650e+01
5.741033e+01
5.751400e+01
5.761781e+01
5.772152e+01
5.782523e+01
5.792899e+01
5.803259e+01
5.813630e+01
5.824006e+01
5.834391e+01
5.844759e+01
5.855130e+01
5.865501e+01
5.875878e+01
5.886253e+01
5.896625e+01
5.907001e+01
5.917452e+01
5.927746e+01
5.938125e+01
5.948497e+01
5.958889e+01
5.969255e+01
5.979617e+01
5.989992e+01
6.000364e+01
6.010770e+01
6.021114e+01
6.031495e+01
6.041863e+01
6.052227e+01
6.062598e+01
6.072972e+01
6.083347e+01
6.093730e+01
6.104127e+01
6.114487e+01
6.124854e+01
6.135242e+01
6.145613e+01
6.155989e+01
6.166376e+01
6.176749e+01
6.187128e+01
6.197504e+01
6.207873e+01
6.218248e+01
6.228606e+01
6.238983e+01
6.249357e+01
6.259731e+01
6.270092e+01
6.280467e+01
6.290839e+01
6.301222e+01
6.311592e+01
6.321967e+01
6.332333e+01
6.342709e+01
6.353144e+01
6.363458e+01
6.373833e+01
6.384208e+01
6.394578e+01
6.404953e+01
6.415326e+01
6.425701e+01
6.436342e+01
6.446527e+01
6.456813e+01
6.467181e+01
6.477542e+01
6.487909e+01
6.498271e+01
6.508638e+01
6.519010e+01
6.529385e+01
6.539756e+01
