0.000000e+00
1.039162e-01
2.076588e-01
3.115022e-01
4.153442e-01
5.191069e-01
6.228390e-01
7.265887e-01
8.303051e-01
9.340420e-01
1.037811e+00
1.141541e+00
1.245352e+00
1.349029e+00
1.452636e+00
1.556988e+00
1.660120e+00
1.763899e+00
1.867603e+00
1.971306e+00
2.075052e+00
2.178792e+00
2.282623e+00
2.386303e+00
2.490014e+00
2.593786e+00
2.697574e+00
2.801240e+00
2.904916e+00
3.008598e+00
3.112348e+00
3.216105e+00
3.319834e+00
3.423609e+00
3.527327e+00
3.631043e+00
3.734805e+00
3.838531e+00
3.942259e+00
4.046131e+00
4.149925e+00
4.253670e+00
4.357323e+00
4.460985e+00
4.564765e+00
4.668359e+00
4.772064e+00
4.875739e+00
4.979321e+00
5.083026e+00
5.186726e+00
5.290287e+00
5.393912e+00
5.497624e+00
5.601251e+00
5.705054e+00
5.808778e+00
5.912480e+00
6.016216e+00
6.119996e+00
6.223748e+00
6.327328e+00
6.431030e+00
6.534834e+00
6.638445e+00
6.742166e+00
6.845909e+00
6.949512e+00
7.053376e+00
7.157113e+00
7.260870e+00
7.364572e+00
7.468337e+00
7.572170e+00
7.676670e+00
7.779860e+00
7.883410e+00
7.987201e+00
8.090887e+00
8.194621e+00
8.298366e+00
8.402258e+00
8.505872e+00
8.609610e+00
8.713348e+00
8.817100e+00
8.920917e+00
9.024626e+00
9.128402e+00
9.232153e+00
9.335883e+00
9.439630e+00
9.543562e+00
9.647161e+00
9.751032e+00
9.854758e+00
9.958474e+00
1.006207e+01
1.016601e+01
1.026963e+01
1.037331e+01
1.047699e+01
1.058070e+01
1.068444e+01
1.078814e+01
1.089176e+01
1.099552e+01
1.109926e+01
1.120301e+01
1.130676e+01
1.141048e+01
1.151419e+01
1.161802e+01
1.172170e+01
1.182545e+01
1.192906e+01
1.203284e+01
1.213661e+01
1.224025e+01
1.234411e+01
1.244805e+01
1.255172e+01
1.265560e+01
1.275953e+01
1.286322e+01
1.296706e+01
1.307101e+01
1.317469e+01
1.327853e+01
1.338230e+01
1.348602e+01
1.358994e+01
1.369369e+01
1.379757e+01
1.390116e+01
1.400487e+01
1.410859e+01
1.421232e+01
1.431620e+01
1.441991e+01
1.452358e+01
1.462735e+01
1.473104e+01
1.483489e+01
1.493880e+01
1.504278e+01
1.514668e+01
1.525051e+01
1.535421e+01
1.545811e+01
1.556183e+01
1.566556e+01
1.576917e+01
1.587297e+01
1.597632e+01
1.607980e+01
1.618331e+01
1.628682e+01
1.639028e+01
1.649374e+01
1.659743e+01
1.670104e+01
1.680452e+01
1.690811e+01
1.701174e+01
1.711551e+01
1.721925e+01
1.732308e+01
1.742692e+01
1.753078e+01
1.763463e+01
1.773880e+01
1.784280e+01
1.794688e+01
1.805098e+01
1.815525e+01
1.825961e+01
1.836363e+01
1.846771e+01
1.857180e+01
1.867599e+01
1.878009e+01
1.888407e+01
1.898807e+01
1.909193e+01
1.919595e+01
1.929979e+01
1.940360e+01
1.950753e+01
1.961119e+01
1.971495e+01
1.981855e+01
1.992238e+01
2.002594e+01
2.012967e+01
2.023343e+01
2.033705e+01
2.044068e+01
2.054438e+01
2.064801e+01
2.075162e+01
2.085545e+01
2.095910e+01
2.106272e+01
2.116644e+01
2.127029e+01
2.137394e+01
2.147785e+01
2.158153e+01
2.168529e+01
2.178913e+01
2.189288e+01
2.199676e+01
2.210061e+01
2.220448e+01
2.230852e+01
2.241237e+01
2.251626e+01
2.261999e+01
2.272370e+01
2.282747e+01
2.293110e+01
2.303467e+01
2.313817e+01
2.324174e+01
2.334541e+01
2.345151e+01
2.355275e+01
2.365647e+01
2.376019e+01
2.386394e+01
2.396792e+01
2.407152e+01
2.417521e+01
2.427893e+01
2.438265e+01
2.448642e+01
2.459025e+01
2.469392e+01
2.479763e+01
2.490150e+01
2.500524e+01
2.510987e+01
2.521286e+01
2.531659e+01
2.542034e+01
2.552420e+01
2.562812e+01
2.573210e+01
2.583595e+01
2.594005e+01
2.604382e+01
2.614777e+01
2.625231e+01
2.635587e+01
2.646002e+01
2.656398e+01
2.666798e+01
2.677210e+01
2.687612e+01
2.698021e+01
2.708423e+01
2.718833e+01
2.729245e+01
2.739644e+01
2.750054e+01
2.760463e+01
2.770848e+01
2.781261e+01
2.791657e+01
2.802073e+01
2.812473e+01
2.822869e+01
2.833293e+01
2.843644e+01
2.854029e+01
2.864405e+01
2.874887e+01
2.885128e+01
2.895488e+01
2.905848e+01
2.916200e+01
2.926563e+01
2.936917e+01
2.947462e+01
2.957842e+01
2.967981e+01
2.978359e+01
2.988729e+01
2.999103e+01
3.009476e+01
3.019836e+01
3.030212e+01
3.041019e+01
3.050935e+01
3.061297e+01
3.071675e+01
3.082221e+01
3.092384e+01
3.102745e+01
3.113121e+01
3.123477e+01
3.133841e+01
3.144268e+01
3.154581e+01
3.164949e+01
3.175321e+01
3.185849e+01
3.196066e+01
3.206424e+01
3.216785e+01
3.227154e+01
3.237523e+01
3.247894e+01
3.258279e+01
3.268652e+01
3.279026e+01
3.289417e+01
3.299798e+01
3.310161e+01
3.320533e+01
3.330909e+01
3.341288e+01
3.351658e+01
3.362033e+01
3.372408e+01
3.382770e+01
3.393139e+01
3.403515e+01
3.413933e+01
3.424265e+01
3.434637e+01
3.445014e+01
3.455372e+01
3.465774e+01
3.476121e+01
3.486496e+01
3.496893e+01
3.507245e+01
3.517616e+01
3.527989e+01
3.538364e+01
3.548740e+01
3.559114e+01
3.569489e+01
3.579860e+01
3.590240e+01
3.600602e+01
3.610984e+01
3.621343e+01
3.631717e+01
3.642108e+01
3.652470e+01
3.662847e+01
3.673213e+01
3.683590e+01
3.693964e+01
3.704335e+01
3.714736e+01
3.725202e+01
3.735461e+01
3.745835e+01
3.756211e+01
3.766570e+01
3.776943e+01
3.787322e+01
3.797689e+01
3.808057e+01
3.818432e+01
3.828797e+01
3.839161e+01
3.849527e+01
3.859899e+01
3.870277e+01
3.880765e+01
3.891010e+01
3.901395e+01
3.911758e+01
3.922116e+01
3.932529e+01
3.942954e+01
3.953243e+01
3.963600e+01
3.973990e+01
3.984353e+01
3.994725e+01
4.005096e+01
4.015471e+01
4.025834e+01
4.036208e+01
4.046570e+01
4.056945e+01
4.067302e+01
4.077693e+01
4.088051e+01
4.098425e+01
4.108805e+01
4.119174e+01
4.129536e+01
4.139918e+01
4.150294e+01
4.160650e+01
4.171030e+01
4.181394e+01
4.191769e+01
4.202146e+01
4.212523e+01
4.222893e+01
4.233263e+01
4.243650e+01
4.254012e+01
4.264388e+01
4.274763e+01
4.285124e+01
4.295497e+01
4.305873e+01
4.316230e+01
4.326614e+01
4.336972e+01
4.347338e+01
4.357711e+01
4.368070e+01
4.378445e+01
4.388802e+01
4.399173e+01
4.409534e+01
4.419908e+01
4.430286e+01
4.440655e+01
4.451023e+01
4.461394e+01
4.471782e+01
4.482153e+01
4.492528e+01
4.502903e+01
4.513275e+01
4.523640e+01
4.534023e+01
4.544411e+01
4.554804e+01
4.565211e+01
4.575623e+01
4.586032e+01
4.596442e+01
4.606890e+01
4.617296e+01
4.627717e+01
4.638139e+01
4.648551e+01
4.658971e+01
4.669380e+01
4.679762e+01
4.690161e+01
4.700557e+01
4.710974e+01
4.721324e+01
4.731707e+01
4.742079e+01
4.752453e+01
4.762848e+01
4.773205e+01
4.783578e+01
4.793950e+01
4.804310e+01
4.814690e+01
4.825046e+01
4.835407e+01
4.845777e+01
4.856133e+01
4.866499e+01
4.876859e+01
4.887227e+01
4.897583e+01
4.907940e+01
4.918303e+01
4.928674e+01
4.939039e+01
4.949400e+01
4.959749e+01
4.970110e+01
4.980485e+01
4.990872e+01
5.001221e+01
5.011581e+01
5.021943e+01
5.032314e+01
5.042679e+01
5.053040e+01
5.063413e+01
5.073787e+01
5.084159e+01
5.094542e+01
5.104899e+01
5.115273e+01
5.125646e+01
5.136019e+01
5.146408e+01
5.156781e+01
5.167152e+01
5.177573e+01
5.187919e+01
5.198305e+01
5.208668e+01
5.219041e+01
5.229415e+01
5.239789e+01
5.250147e+01
5.260529e+01
5.270894e+01
5.281270e+01
5.291641e+01
5.302069e+01
5.312396e+01
5.322766e+01
5.333137e+01
5.343514e+01
5.353894e+01
5.364266e+01
5.374627e+01
5.384998e+01
5.395374e+01
5.405763e+01
5.416128e+01
5.426525e+01
5.436904e+01
5.447289e+01
5.457691e+01
5.468088e+01
5.478476e+01
5.488873e+01
5.499268e+01
5.509649e+01
5.520036e+01
5.530398e+01
5.540759e+01
5.551106e+01
5.561470e+01
5.571827e+01
5.582189e+01
5.592553e+01
5.602916e+01
5.613276e+01
5.623650e+01
5.634016e+01
5.644390e+01
5.654751e+01
5.665127e+01
5.675483e+01
5.685858e+01
5.696216e+01
5.706598e+01
5.716967e+01
5.727339e+01
5.737741e+01
5.748089e+01
5.758463e+01
5.768834e+01
5.779195e+01
5.789573e+01
5.799957e+01
5.810332e+01
5.820705e+01
5.831098e+01
5.841471e+01
5.851853e+01
5.862231e+01
5.872605e+01
5.882974e+01
5.893354e+01
5.903725e+01
5.914097e+01
5.924474e+01
5.934843e+01
5.945226e+01
5.955600e+01
5.965972e+01
5.976344e+01
5.986721e+01
5.997097e+01
6.007466e+01
6.017843e+01
6.028202e+01
6.038580e+01
6.048951e+01
6.059323e+01
6.070070e+01
6.080070e+01
6.090449e+01
6.100823e+01
6.111181e+01
6.121555e+01
6.131918e+01
6.142302e+01
6.152672e+01
6.163029e+01
6.173388e+01
6.183762e+01
6.194122e+01
6.204498e+01
6.214867e+01
6.225233e+01
6.235595e+01
6.245959e+01
6.256332e+01
6.266692e+01
6.277068e+01
6.287427e+01
6.297789e+01
6.308160e+01
6.318523e+01
6.328900e+01
6.339274e+01
6.349689e+01
6.360005e+01
6.370384e+01
6.380758e+01
6.391127e+01
6.401505e+01
6.411883e+01
6.422250e+01
6.432624e+01
6.443005e+01
6.453372e+01
6.463752e+01
6.474192e+01
6.484698e+01
6.494858e+01
6.505232e+01
6.515607e+01
6.525978e+01
6.536354e+01
6.546873e+01
6.557097e+01
6.567456e+01
6.577827e+01
6.588198e+01
6.598701e+01
6.608942e+01
6.619310e+01
6.629682e+01
6.640058e+01
6.650417e+01
6.660796e+01
6.671170e+01
6.681548e+01
6.691917e+01
6.702275e+01
6.712674e+01
6.723034e+01
6.733400e+01
6.743759e+01
6.754137e+01
6.764502e+01
6.774869e+01
6.785234e+01
6.795606e+01
6.805964e+01
6.816328e+01
6.826704e+01
6.837066e+01
6.847444e+01
6.857806e+01
6.868165e+01
6.878524e+01
6.888883e+01
6.899258e+01
6.909625e+01
6.919981e+01
6.930343e+01
6.940709e+01
6.951064e+01
6.961428e+01
6.971793e+01
6.982152e+01
6.992513e+01
7.002877e+01
7.013245e+01
7.023609e+01
7.033974e+01
7.044321e+01
7.054682e+01
7.065059e+01
7.075442e+01
7.085795e+01
7.096143e+01
7.106503e+01
7.116852e+01
7.127227e+01
7.137601e+01
7.147967e+01
7.158333e+01
7.168713e+01
7.179095e+01
7.189496e+01
7.199881e+01
7.210290e+01
7.220710e+01
7.231104e+01
7.241529e+01
7.251940e+01
7.262361e+01
7.272774e+01
7.283186e+01
7.293600e+01
7.304009e+01
7.314409e+01
7.324807e+01
7.335207e+01
7.345591e+01
7.355990e+01
7.366428e+01
7.376766e+01
7.387152e+01
7.397539e+01
7.407925e+01
7.418309e+01
7.428700e+01
7.439070e+01
7.449463e+01
7.459843e+01
7.470229e+01
7.480620e+01
7.490992e+01
7.501378e+01
7.511783e+01
7.522138e+01
7.532529e+01
7.542899e+01
7.553274e+01
7.563647e+01
7.574026e+01
7.584388e+01
7.594744e+01
7.605109e+01
7.615472e+01
7.625844e+01
7.636204e+01
7.646578e+01
7.656942e+01
7.667304e+01
7.677677e+01
7.688038e+01
7.698396e+01
7.708777e+01
7.719135e+01
7.729496e+01
7.739856e+01
7.750231e+01
7.760594e+01
7.770970e+01
7.781342e+01
7.791707e+01
7.802075e+01
7.812449e+01
7.822810e+01
7.833184e+01
7.843550e+01
7.853921e+01
7.864295e+01
7.874655e+01
7.885032e+01
7.895406e+01
7.905782e+01
7.916143e+01
7.926519e+01
7.936890e+01
7.947262e+01
7.957638e+01
7.968011e+01
7.978383e+01
7.988772e+01
7.999144e+01
8.009531e+01
8.019920e+01
8.030306e+01
8.040690e+01
8.051092e+01
8.061489e+01
8.071902e+01
8.082299e+01
8.092710e+01
8.103124e+01
8.113535e+01
8.123949e+01
8.134355e+01
8.144770e+01
8.155187e+01
8.165580e+01
8.175985e+01
8.186366e+01
8.196780e+01
8.207250e+01
8.217550e+01
8.228104e+01
8.238338e+01
8.248725e+01
8.259110e+01
8.269493e+01
8.279872e+01
8.290246e+01
8.300607e+01
8.310983e+01
8.321345e+01
8.331705e+01
8.342065e+01
8.352426e+01
8.362777e+01
8.373126e+01
8.383474e+01
8.393814e+01
8.404156e+01
8.414747e+01
8.424880e+01
8.435220e+01
8.445565e+01
8.455928e+01
8.466289e+01
8.476652e+01
8.487026e+01
8.497387e+01
8.507749e+01
8.518124e+01
8.528496e+01
8.538860e+01
8.549231e+01
8.559608e+01
8.569996e+01
8.580331e+01
8.590704e+01
8.601062e+01
8.611440e+01
8.621817e+01
8.632186e+01
8.642549e+01
8.652925e+01
8.663298e+01
8.673682e+01
8.684060e+01
8.694459e+01
8.704820e+01
8.715196e+01
8.725576e+01
8.735951e+01
8.746454e+01
8.756706e+01
8.767076e+01
8.777451e+01
8.787829e+01
8.798200e+01
8.808574e+01
8.818946e+01
8.829306e+01
8.839795e+01
8.850060e+01
8.860431e+01
8.870792e+01
8.881166e+01
8.891542e+01
8.901913e+01
8.912286e+01
8.922647e+01
8.933020e+01
8.943383e+01
8.953757e+01
8.964176e+01
8.974505e+01
8.984868e+01
8.995252e+01
9.005774e+01
9.015968e+01
9.026331e+01
9.036702e+01
9.047074e+01
9.057439e+01
9.067815e+01
9.078185e+01
9.088558e+01
9.098932e+01
9.109294e+01
9.119675e+01
9.130036e+01
9.140405e+01
9.150769e+01
9.161138e+01
9.171500e+01
9.181876e+01
9.192237e+01
9.202608e+01
9.212986e+01
9.223416e+01
9.233799e+01
9.244106e+01
9.254481e+01
9.264964e+01
9.275243e+01
9.285627e+01
9.296028e+01
9.306419e+01
9.316817e+01
9.327207e+01
9.337602e+01
9.347973e+01
9.358350e+01
9.368721e+01
9.379081e+01
9.389444e+01
9.399834e+01
9.410178e+01
9.420541e+01
9.430907e+01
9.441276e+01
9.451721e+01
9.462002e+01
9.472380e+01
9.482748e+01
9.493124e+01
9.503500e+01
9.513860e+01
9.524245e+01
9.534608e+01
9.544978e+01
9.555353e+01
9.565732e+01
9.576089e+01
9.586454e+01
9.596828e+01
9.607190e+01
9.617548e+01
9.627914e+01
9.638271e+01
9.648633e+01
9.659001e+01
9.669368e+01
9.679743e+01
9.690101e+01
9.700477e+01
9.710836e+01
9.721221e+01
9.731577e+01
9.741986e+01
9.752342e+01
9.762687e+01
9.773047e+01
9.783419e+01
9.793783e+01
9.804141e+01
9.814503e+01
9.824863e+01
9.835226e+01
9.845601e+01
9.855977e+01
9.866335e+01
9.876724e+01
9.887247e+01
9.897576e+01
9.907911e+01
9.918368e+01
9.928706e+01
9.939092e+01
9.949531e+01
9.959904e+01
9.970305e+01
9.980713e+01
9.991246e+01
1.000152e+02
1.001204e+02
1.002231e+02
1.003270e+02
1.004308e+02
1.005348e+02
1.006386e+02
1.007424e+02
1.008463e+02
1.009501e+02
1.010540e+02
1.011579e+02
1.012616e+02
1.013654e+02
1.014691e+02
1.015728e+02
1.016766e+02
1.017802e+02
1.018839e+02
1.019876e+02
1.020913e+02
1.021951e+02
1.022987e+02
1.024024e+02
1.025062e+02
1.026099e+02
1.027136e+02
1.028179e+02
1.029212e+02
1.030247e+02
1.031307e+02
1.032323e+02
1.033359e+02
1.034396e+02
1.035433e+02
1.036471e+02
1.037508e+02
1.038546e+02
1.039583e+02
1.040620e+02
1.041658e+02
1.042698e+02
1.043733e+02
1.044770e+02
1.045806e+02
1.046843e+02
1.047881e+02
1.048917e+02
1.049954e+02
1.050996e+02
1.052028e+02
1.053064e+02
1.054102e+02
1.055139e+02
1.056176e+02
1.057213e+02
1.058249e+02
1.059289e+02
1.060326e+02
1.061365e+02
1.062402e+02
1.063440e+02
1.064483e+02
1.065518e+02
1.066557e+02
1.067596e+02
1.068635e+02
1.069676e+02
1.070717e+02
1.071757e+02
1.072797e+02
1.073839e+02
1.074883e+02
1.075923e+02
1.076964e+02
1.078013e+02
1.079047e+02
1.080088e+02
1.081133e+02
1.082172e+02
1.083212e+02
1.084252e+02
1.085294e+02
1.086333e+02
1.087376e+02
1.088412e+02
1.089451e+02
1.090493e+02
1.091530e+02
1.092564e+02
1.093601e+02
1.094637e+02
1.095673e+02
1.096707e+02
1.097742e+02
1.098777e+02
1.099812e+02
1.100848e+02
1.101883e+02
1.102918e+02
1.103955e+02
1.104989e+02
1.106026e+02
1.107062e+02
1.108097e+02
1.109141e+02
1.110173e+02
1.111210e+02
1.112248e+02
1.113291e+02
1.114325e+02
1.115362e+02
1.116401e+02
1.117439e+02
1.118484e+02
1.119515e+02
1.120553e+02
1.121591e+02
1.122626e+02
1.123664e+02
1.124700e+02
1.125736e+02
1.126771e+02
1.127806e+02
1.128841e+02
1.129877e+02
1.130912e+02
1.131946e+02
1.132983e+02
1.134018e+02
1.135055e+02
1.136091e+02
1.137128e+02
1.138165e+02
1.139202e+02
1.140240e+02
1.141277e+02
1.142316e+02
1.143355e+02
1.144394e+02
1.145433e+02
1.146470e+02
1.147511e+02
1.148546e+02
1.149583e+02
1.150620e+02
1.151658e+02
1.152694e+02
1.153731e+02
1.154769e+02
1.155806e+02
1.156843e+02
1.157879e+02
1.158918e+02
1.159957e+02
1.160992e+02
1.162036e+02
1.163093e+02
1.164110e+02
1.165140e+02
1.166177e+02
1.167215e+02
1.168251e+02
1.169288e+02
1.170324e+02
1.171362e+02
1.172399e+02
1.173437e+02
1.174473e+02
1.175511e+02
1.176547e+02
1.177584e+02
1.178620e+02
1.179658e+02
1.180694e+02
1.181731e+02
1.182768e+02
1.183804e+02
1.184842e+02
1.185885e+02
1.186936e+02
1.187955e+02
1.188992e+02
1.190029e+02
1.191067e+02
1.192105e+02
1.193143e+02
1.194182e+02
1.195219e+02
1.196258e+02
1.197295e+02
1.198332e+02
1.199372e+02
1.200408e+02
1.201446e+02
1.202484e+02
1.203525e+02
1.204561e+02
1.205599e+02
1.206638e+02
1.207677e+02
1.208715e+02
1.209754e+02
1.210801e+02
1.211848e+02
1.212872e+02
1.213910e+02
1.214950e+02
1.215990e+02
1.217030e+02
1.218069e+02
1.219109e+02
1.220147e+02
1.221186e+02
1.222224e+02
1.223265e+02
1.224302e+02
1.225339e+02
1.226377e+02
1.227414e+02
1.228452e+02
1.229494e+02
1.230524e+02
1.231560e+02
1.232599e+02
1.233629e+02
1.234664e+02
1.235698e+02
1.236732e+02
1.237767e+02
1.238802e+02
1.239838e+02
1.240874e+02
1.241910e+02
1.242949e+02
1.243983e+02
1.245020e+02
1.246056e+02
1.247094e+02
1.248132e+02
1.249174e+02
1.250208e+02
1.251245e+02
1.252282e+02
1.253319e+02
1.254357e+02
1.255394e+02
1.256431e+02
1.257470e+02
1.258506e+02
1.259544e+02
1.260580e+02
1.261616e+02
1.262652e+02
1.263688e+02
1.264725e+02
1.265762e+02
1.266798e+02
1.267836e+02
1.268872e+02
1.269909e+02
1.270945e+02
1.271981e+02
1.273017e+02
1.274055e+02
1.275092e+02
1.276131e+02
1.277170e+02
1.278205e+02
1.279243e+02
1.280280e+02
1.281318e+02
1.282356e+02
1.283392e+02
1.284429e+02
1.285466e+02
1.286503e+02
1.287539e+02
1.288575e+02
1.289612e+02
1.290648e+02
1.291685e+02
1.292722e+02
1.293765e+02
1.294796e+02
1.295833e+02
1.296870e+02
1.297908e+02
1.298945e+02
1.299987e+02
1.301023e+02
1.302056e+02
1.303115e+02
1.304129e+02
1.305165e+02
1.306202e+02
1.307238e+02
1.308274e+02
1.309311e+02
1.310349e+02
1.311385e+02
1.312423e+02
1.313460e+02
1.314497e+02
1.315535e+02
1.316572e+02
1.317610e+02
1.318646e+02
1.319683e+02
1.320721e+02
1.321757e+02
1.322794e+02
1.323834e+02
1.324879e+02
1.325905e+02
1.326943e+02
1.327979e+02
1.329017e+02
1.330054e+02
1.331090e+02
1.332129e+02
1.333165e+02
1.334202e+02
1.335240e+02
1.336277e+02
1.337313e+02
1.338350e+02
1.339386e+02
1.340424e+02
1.341461e+02
1.342499e+02
1.343536e+02
1.344572e+02
1.345610e+02
1.346646e+02
1.347683e+02
1.348731e+02
1.349758e+02
1.350794e+02
1.351831e+02
1.352869e+02
1.353906e+02
1.354944e+02
1.355981e+02
1.357018e+02
1.358055e+02
1.359092e+02
1.360129e+02
1.361185e+02
1.362213e+02
1.363242e+02
1.364278e+02
1.365316e+02
1.366353e+02
1.367390e+02
1.368427e+02
1.369465e+02
1.370502e+02
1.371546e+02
1.372577e+02
1.373615e+02
1.374652e+02
1.375688e+02
1.376726e+02
1.377780e+02
1.378800e+02
1.379837e+02
1.380874e+02
1.381910e+02
1.382947e+02
1.383985e+02
1.385022e+02
1.386066e+02
1.387097e+02
1.388133e+02
1.389173e+02
1.390207e+02
1.391244e+02
1.392281e+02
1.393316e+02
1.394359e+02
1.395397e+02
1.396436e+02
1.397487e+02
1.398502e+02
1.399541e+02
1.400578e+02
1.401616e+02
1.402653e+02
1.403700e+02
1.404729e+02
1.405766e+02
1.406803e+02
1.407841e+02
1.408878e+02
1.409916e+02
1.410953e+02
1.411988e+02
1.413026e+02
1.414064e+02
1.415100e+02
1.416137e+02
1.417175e+02
1.418211e+02
1.419248e+02
1.420286e+02
1.421322e+02
1.422359e+02
1.423395e+02
1.424432e+02
1.425470e+02
1.426506e+02
1.427543e+02
1.428584e+02
1.429615e+02
1.430652e+02
1.431696e+02
1.432724e+02
1.433761e+02
1.434797e+02
1.435832e+02
1.436878e+02
1.437907e+02
1.438947e+02
1.439979e+02
1.441016e+02
1.442052e+02
1.443090e+02
1.444129e+02
1.445168e+02
1.446207e+02
1.447253e+02
1.448288e+02
1.449329e+02
1.450406e+02
1.451412e+02
1.452455e+02
1.453496e+02
1.454538e+02
1.455580e+02
1.456621e+02
1.457662e+02
1.458704e+02
1.459743e+02
1.460791e+02
1.461821e+02
1.462857e+02
1.463894e+02
1.464931e+02
1.465968e+02
1.467004e+02
1.468040e+02
1.469074e+02
1.470112e+02
1.471147e+02
1.472188e+02
1.473220e+02
1.474266e+02
1.475294e+02
1.476332e+02
1.477368e+02
1.478405e+02
1.479443e+02
1.480479e+02
1.481516e+02
1.482553e+02
1.483589e+02
1.484626e+02
1.485662e+02
1.486699e+02
1.487736e+02
1.488775e+02
1.489810e+02
1.490848e+02
1.491884e+02
1.492922e+02
1.493957e+02
1.494995e+02
1.496032e+02
1.497070e+02
1.498107e+02
1.499144e+02
1.500183e+02
1.501221e+02
1.502259e+02
1.503298e+02
1.504338e+02
1.505377e+02
1.506416e+02
1.507455e+02
1.508495e+02
1.509532e+02
1.510569e+02
1.511605e+02
1.512639e+02
1.513673e+02
1.514708e+02
1.515744e+02
1.516780e+02
1.517815e+02
1.518852e+02
1.519888e+02
1.520925e+02
1.521961e+02
1.522998e+02
1.524036e+02
1.525074e+02
1.526112e+02
1.527152e+02
1.528192e+02
1.529231e+02
1.530269e+02
1.531308e+02
1.532347e+02
1.533384e+02
1.534421e+02
1.535456e+02
1.536506e+02
1.537543e+02
1.538565e+02
1.539602e+02
1.540641e+02
1.541677e+02
1.542725e+02
1.543753e+02
1.544790e+02
1.545829e+02
1.546866e+02
1.547904e+02
1.548942e+02
1.549980e+02
1.551017e+02
1.552055e+02
1.553103e+02
1.554130e+02
1.555167e+02
1.556204e+02
1.557242e+02
1.558301e+02
1.559318e+02
1.560356e+02
1.561394e+02
1.562432e+02
1.563471e+02
1.564510e+02
1.565547e+02
1.566584e+02
1.567622e+02
1.568658e+02
1.569693e+02
1.570728e+02
1.571764e+02
1.572798e+02
1.573840e+02
1.574867e+02
1.575903e+02
1.576937e+02
1.577973e+02
1.579011e+02
1.580046e+02
1.581082e+02
1.582121e+02
1.583162e+02
1.584221e+02
1.585234e+02
1.586272e+02
1.587310e+02
1.588356e+02
1.589394e+02
1.590425e+02
1.591469e+02
1.592503e+02
1.593536e+02
1.594598e+02
1.595610e+02
1.596678e+02
1.597683e+02
1.598725e+02
1.599757e+02
1.600793e+02
1.601829e+02
1.602866e+02
1.603902e+02
1.604938e+02
1.605976e+02
1.607013e+02
1.608049e+02
1.609086e+02
1.610130e+02
1.611160e+02
1.612195e+02
1.613233e+02
1.614282e+02
1.615311e+02
1.616344e+02
1.617380e+02
1.618417e+02
1.619469e+02
1.620493e+02
1.621534e+02
1.622567e+02
1.623604e+02
1.624653e+02
1.625681e+02
1.626718e+02
1.627755e+02
1.628792e+02
1.629848e+02
1.630876e+02
1.631906e+02
1.632945e+02
1.633980e+02
1.635017e+02
1.636055e+02
1.637092e+02
1.638129e+02
1.639166e+02
1.640203e+02
1.641239e+02
1.642275e+02
1.643330e+02
1.644350e+02
1.645386e+02
1.646423e+02
1.647461e+02
1.648499e+02
1.649534e+02
1.650572e+02
1.651609e+02
1.652647e+02
1.653684e+02
1.654720e+02
1.655758e+02
1.656795e+02
1.657832e+02
1.658870e+02
1.659908e+02
1.660946e+02
1.661984e+02
1.663019e+02
1.664058e+02
1.665096e+02
1.666137e+02
1.667178e+02
1.668215e+02
1.669256e+02
1.670296e+02
1.671336e+02
1.672377e+02
1.673417e+02
1.674457e+02
1.675500e+02
1.676540e+02
1.677575e+02
1.678622e+02
1.679655e+02
1.680694e+02
1.681733e+02
1.682772e+02
1.683813e+02
1.684854e+02
1.685887e+02
1.686925e+02
1.687963e+02
1.689000e+02
1.690037e+02
1.691073e+02
1.692111e+02
1.693149e+02
1.694186e+02
1.695217e+02
1.696251e+02
1.697286e+02
1.698321e+02
1.699357e+02
1.700393e+02
1.701428e+02
1.702463e+02
1.703499e+02
1.704534e+02
1.705570e+02
1.706607e+02
1.707646e+02
1.708680e+02
1.709718e+02
1.710753e+02
1.711789e+02
1.712826e+02
1.713862e+02
1.714900e+02
1.715937e+02
1.716975e+02
1.718010e+02
1.719048e+02
1.720088e+02
1.721127e+02
1.722159e+02
1.723201e+02
1.724233e+02
1.725270e+02
1.726307e+02
1.727344e+02
1.728381e+02
1.729417e+02
1.730454e+02
1.731503e+02
1.732528e+02
1.733569e+02
1.734603e+02
1.735641e+02
1.736677e+02
1.737714e+02
1.738750e+02
1.739786e+02
1.740824e+02
1.741861e+02
1.742898e+02
1.743936e+02
1.744979e+02
1.746010e+02
1.747046e+02
1.748083e+02
1.749121e+02
1.750157e+02
1.751194e+02
1.752231e+02
1.753268e+02
1.754305e+02
1.755341e+02
1.756379e+02
1.757416e+02
1.758452e+02
1.759490e+02
1.760526e+02
1.761563e+02
1.762599e+02
1.763635e+02
1.764672e+02
1.765708e+02
1.766746e+02
1.767783e+02
1.768819e+02
1.769856e+02
1.770893e+02
1.771930e+02
1.772967e+02
1.774004e+02
1.775042e+02
1.776079e+02
1.777117e+02
1.778154e+02
1.779192e+02
1.780228e+02
1.781265e+02
1.782302e+02
1.783340e+02
1.784376e+02
1.785413e+02
1.786450e+02
1.787487e+02
1.788524e+02
1.789560e+02
1.790598e+02
1.791634e+02
1.792671e+02
1.793707e+02
1.794745e+02
1.795781e+02
1.796819e+02
1.797856e+02
1.798894e+02
1.799931e+02
1.800968e+02
1.802006e+02
1.803043e+02
1.804082e+02
1.805119e+02
1.806157e+02
1.807194e+02
1.808232e+02
1.809273e+02
1.810306e+02
1.811343e+02
1.812381e+02
1.813418e+02
1.814457e+02
1.815494e+02
1.816531e+02
1.817569e+02
1.818606e+02
1.819644e+02
1.820683e+02
1.821718e+02
1.822755e+02
1.823792e+02
1.824832e+02
1.825866e+02
1.826903e+02
1.827939e+02
1.828979e+02
1.830014e+02
1.831050e+02
1.832090e+02
1.833125e+02
1.834168e+02
1.835198e+02
1.836235e+02
1.837273e+02
1.838309e+02
1.839344e+02
1.840384e+02
1.841418e+02
1.842456e+02
1.843492e+02
1.844529e+02
1.845567e+02
1.846604e+02
1.847642e+02
1.848679e+02
1.849715e+02
1.850753e+02
1.851790e+02
1.852827e+02
1.853865e+02
1.854902e+02
1.855939e+02
1.856978e+02
1.858016e+02
1.859053e+02
1.860090e+02
1.861128e+02
1.862165e+02
1.863203e+02
1.864240e+02
1.865277e+02
1.866314e+02
1.867352e+02
1.868405e+02
1.869426e+02
1.870464e+02
1.871500e+02
1.872538e+02
1.873574e+02
1.874611e+02
1.875648e+02
1.876685e+02
1.877721e+02
1.878758e+02
1.879795e+02
1.880832e+02
1.881869e+02
1.882906e+02
1.883943e+02
1.884980e+02
1.886016e+02
1.887053e+02
1.888089e+02
1.889127e+02
1.890163e+02
1.891200e+02
1.892236e+02
1.893273e+02
1.894311e+02
1.895348e+02
1.896385e+02
1.897422e+02
1.898460e+02
1.899497e+02
1.900534e+02
1.901570e+02
1.902607e+02
1.903645e+02
1.904683e+02
1.905720e+02
1.906758e+02
1.907795e+02
1.908833e+02
1.909870e+02
1.910907e+02
1.911945e+02
1.912983e+02
1.914022e+02
1.915059e+02
1.916096e+02
1.917133e+02
1.918173e+02
1.919210e+02
1.920247e+02
1.921283e+02
1.922321e+02
1.923357e+02
1.924393e+02
1.925430e+02
1.926466e+02
1.927513e+02
1.928539e+02
1.929576e+02
1.930612e+02
1.931648e+02
1.932686e+02
1.933723e+02
1.934763e+02
1.935797e+02
1.936834e+02
1.937872e+02
1.938910e+02
1.939947e+02
1.940983e+02
1.942020e+02
1.943058e+02
1.944095e+02
1.945133e+02
1.946169e+02
1.947206e+02
1.948244e+02
1.949280e+02
1.950317e+02
1.951354e+02
1.952390e+02
1.953428e+02
1.954464e+02
1.955502e+02
1.956538e+02
1.957575e+02
1.958613e+02
1.959650e+02
1.960688e+02
1.961723e+02
1.962761e+02
1.963799e+02
1.964835e+02
1.965872e+02
1.966909e+02
1.967947e+02
1.968984e+02
1.970021e+02
1.971058e+02
