0.000000e+00
1.042283e-01
2.084765e-01
3.127291e-01
4.169786e-01
5.212271e-01
6.254761e-01
7.297270e-01
8.339760e-01
9.383588e-01
1.042605e+00
1.146853e+00
1.251125e+00
1.355354e+00
1.459603e+00
1.563854e+00
1.668106e+00
1.772352e+00
1.876603e+00
1.980855e+00
2.085105e+00
2.189354e+00
2.293607e+00
2.397855e+00
2.502107e+00
2.606377e+00
2.710606e+00
2.814856e+00
2.919104e+00
3.023358e+00
3.127481e+00
3.231728e+00
3.335979e+00
3.440232e+00
3.544357e+00
3.648605e+00
3.752729e+00
3.856982e+00
3.961233e+00
4.065354e+00
4.169606e+00
4.273854e+00
4.377982e+00
4.482232e+00
4.586357e+00
4.690605e+00
4.794755e+00
4.898858e+00
5.003109e+00
5.107234e+00
5.211513e+00
5.315611e+00
5.419858e+00
5.523983e+00
5.628235e+00
5.732480e+00
5.836733e+00
5.940858e+00
6.045107e+00
6.149354e+00
6.253481e+00
6.357731e+00
6.461983e+00
6.566109e+00
6.670359e+00
6.774485e+00
6.878731e+00
6.982859e+00
7.086981e+00
7.191236e+00
7.295357e+00
7.399507e+00
7.503734e+00
7.607858e+00
7.712108e+00
7.816232e+00
7.920378e+00
8.024607e+00
8.128736e+00
8.232862e+00
8.336986e+00
8.441112e+00
8.545359e+00
8.649487e+00
8.753612e+00
8.857735e+00
8.961860e+00
9.065987e+00
9.170238e+00
9.274360e+00
9.378487e+00
9.482610e+00
9.586735e+00
9.690863e+00
9.794986e+00
9.899109e+00
1.000337e+01
1.010749e+01
1.021161e+01
1.031574e+01
1.041989e+01
1.052411e+01
1.062824e+01
1.073249e+01
1.083661e+01
1.094086e+01
1.104501e+01
1.114924e+01
1.125349e+01
1.135776e+01
1.146211e+01
1.156636e+01
1.167074e+01
1.177511e+01
1.187937e+01
1.198386e+01
1.208824e+01
1.219274e+01
1.229711e+01
1.240164e+01
1.250612e+01
1.261074e+01
1.271524e+01
1.281986e+01
1.292437e+01
1.302886e+01
1.313336e+01
1.323788e+01
1.334237e+01
1.344674e+01
1.355124e+01
1.365561e+01
1.376001e+01
1.386436e+01
1.396874e+01
1.407312e+01
1.417749e+01
1.428178e+01
1.438612e+01
1.449049e+01
1.459474e+01
1.469911e+01
1.480337e+01
1.490761e+01
1.501199e+01
1.511614e+01
1.522024e+01
1.532424e+01
1.542812e+01
1.553212e+01
1.563601e+01
1.573989e+01
1.584387e+01
1.594776e+01
1.605174e+01
1.615571e+01
1.625953e+01
1.636339e+01
1.646712e+01
1.657099e+01
1.667485e+01
1.677864e+01
1.688261e+01
1.698649e+01
1.709049e+01
1.719462e+01
1.729862e+01
1.740274e+01
1.750674e+01
1.761087e+01
1.771500e+01
1.781912e+01
1.792337e+01
1.802749e+01
1.813162e+01
1.823576e+01
1.833987e+01
1.844400e+01
1.854825e+01
1.865237e+01
1.875650e+01
1.886074e+01
1.896490e+01
1.906912e+01
1.917327e+01
1.927750e+01
1.938180e+01
1.948591e+01
1.959034e+01
1.969439e+01
1.979865e+01
1.990293e+01
2.000713e+01
2.011141e+01
2.021566e+01
2.031999e+01
2.042461e+01
2.052859e+01
2.063312e+01
2.073749e+01
2.084131e+01
2.094551e+01
2.104975e+01
2.115399e+01
2.125828e+01
2.136252e+01
2.146685e+01
2.157101e+01
2.167551e+01
2.177963e+01
2.188389e+01
2.198856e+01
2.209253e+01
2.219678e+01
2.230121e+01
2.240541e+01
2.250977e+01
2.261414e+01
2.271892e+01
2.282268e+01
2.292691e+01
2.303126e+01
2.313572e+01
2.323966e+01
2.334394e+01
2.344815e+01
2.355238e+01
2.365651e+01
2.376076e+01
2.386500e+01
2.396926e+01
2.407343e+01
2.417766e+01
2.428189e+01
2.438617e+01
2.449041e+01
2.459463e+01
2.469888e+01
2.480313e+01
2.490738e+01
2.501202e+01
2.511597e+01
2.522015e+01
2.532443e+01
2.542874e+01
2.553289e+01
2.563714e+01
2.574141e+01
2.584577e+01
2.595003e+01
2.605425e+01
2.615853e+01
2.626280e+01
2.636704e+01
2.647127e+01
2.657555e+01
2.667976e+01
2.678400e+01
2.688831e+01
2.699243e+01
2.709669e+01
2.720089e+01
2.730519e+01
2.740941e+01
2.751364e+01
2.761788e+01
2.772241e+01
2.782641e+01
2.793064e+01
2.803497e+01
2.813915e+01
2.824341e+01
2.834763e+01
2.845191e+01
2.855614e+01
2.866038e+01
2.876480e+01
2.886901e+01
2.897327e+01
2.907751e+01
2.918180e+01
2.928611e+01
2.939027e+01
2.949456e+01
2.959879e+01
2.970309e+01
2.980727e+01
2.991166e+01
3.001591e+01
3.012014e+01
3.022442e+01
3.032867e+01
3.043292e+01
3.053714e+01
3.064140e+01
3.074576e+01
3.085003e+01
3.095426e+01
3.105839e+01
3.116262e+01
3.126689e+01
3.137114e+01
3.147539e+01
3.157963e+01
3.168390e+01
3.178862e+01
3.189259e+01
3.199707e+01
3.210122e+01
3.220556e+01
3.230993e+01
3.241431e+01
3.251859e+01
3.262292e+01
3.272714e+01
3.283154e+01
3.293576e+01
3.304004e+01
3.314418e+01
3.324844e+01
3.335251e+01
3.345664e+01
3.356085e+01
3.366512e+01
3.376925e+01
3.387350e+01
3.397778e+01
3.408182e+01
3.418594e+01
3.428991e+01
3.439402e+01
3.449817e+01
3.460230e+01
3.470638e+01
3.481066e+01
3.491479e+01
3.501954e+01
3.512349e+01
3.522751e+01
3.533169e+01
3.543622e+01
3.553993e+01
3.564415e+01
3.574827e+01
3.585239e+01
3.595652e+01
3.606064e+01
3.616464e+01
3.626877e+01
3.637277e+01
3.647689e+01
3.658101e+01
3.668515e+01
3.678939e+01
3.689364e+01
3.699801e+01
3.710292e+01
3.720718e+01
3.731166e+01
3.741620e+01
3.752067e+01
3.762517e+01
3.772965e+01
3.783414e+01
3.793854e+01
3.804337e+01
3.814794e+01
3.825153e+01
3.835586e+01
3.846012e+01
3.856440e+01
3.866854e+01
3.877266e+01
3.887694e+01
3.898107e+01
3.908530e+01
3.918942e+01
3.929367e+01
3.939792e+01
3.950214e+01
3.960640e+01
3.971079e+01
3.981501e+01
3.991947e+01
4.002370e+01
4.012806e+01
4.023231e+01
4.033655e+01
4.044080e+01
4.054505e+01
4.064932e+01
4.075357e+01
4.085778e+01
4.096205e+01
4.106627e+01
4.117043e+01
4.127469e+01
4.137878e+01
4.148289e+01
4.158717e+01
4.169127e+01
4.179543e+01
4.189956e+01
4.200378e+01
4.210793e+01
4.221207e+01
4.231618e+01
4.242040e+01
4.252458e+01
4.262866e+01
4.273282e+01
4.283679e+01
4.294092e+01
4.304493e+01
4.314893e+01
4.325290e+01
4.335774e+01
4.346095e+01
4.356508e+01
4.366893e+01
4.377307e+01
4.387706e+01
4.398104e+01
4.408517e+01
4.418915e+01
4.429315e+01
4.439715e+01
4.450114e+01
4.460514e+01
4.470945e+01
4.481358e+01
4.491746e+01
4.502123e+01
4.512534e+01
4.522931e+01
4.533329e+01
4.543744e+01
4.554168e+01
4.564568e+01
4.574984e+01
4.585390e+01
4.595815e+01
4.606250e+01
4.616771e+01
4.627111e+01
4.637543e+01
4.647994e+01
4.658450e+01
4.668893e+01
4.679332e+01
4.689782e+01
4.700215e+01
4.710653e+01
4.721090e+01
4.731528e+01
4.741980e+01
4.752430e+01
4.762884e+01
4.773328e+01
4.783765e+01
4.794218e+01
4.804642e+01
4.815084e+01
4.825517e+01
4.835939e+01
4.846366e+01
4.856792e+01
4.867220e+01
4.877645e+01
4.888072e+01
4.898500e+01
4.908918e+01
4.919328e+01
4.929753e+01
4.940781e+01
4.950598e+01
4.961018e+01
4.971427e+01
4.981856e+01
4.992284e+01
5.002695e+01
5.013108e+01
5.023533e+01
5.033943e+01
5.044367e+01
5.054780e+01
5.065203e+01
5.075621e+01
5.086032e+01
5.096455e+01
5.106871e+01
5.117291e+01
5.127704e+01
5.138289e+01
5.148545e+01
5.158966e+01
5.169390e+01
5.179803e+01
5.190230e+01
5.200653e+01
5.211091e+01
5.221524e+01
5.231933e+01
5.242359e+01
5.252783e+01
5.263208e+01
5.273649e+01
5.284066e+01
5.294490e+01
5.304916e+01
5.315455e+01
5.325757e+01
5.336184e+01
5.346596e+01
5.357010e+01
5.367406e+01
5.377793e+01
5.388197e+01
5.398599e+01
5.408979e+01
5.419381e+01
5.429767e+01
5.440158e+01
5.450555e+01
5.460944e+01
5.471345e+01
5.481730e+01
5.492131e+01
5.502533e+01
5.512937e+01
5.523328e+01
5.533731e+01
5.544133e+01
5.554550e+01
5.564941e+01
5.575357e+01
5.585776e+01
5.596186e+01
5.606600e+01
5.617022e+01
5.627431e+01
5.637855e+01
5.648284e+01
5.658712e+01
5.669130e+01
5.679569e+01
5.690020e+01
5.700456e+01
5.710920e+01
5.721371e+01
5.731832e+01
5.742283e+01
5.752732e+01
5.763179e+01
5.773657e+01
5.784073e+01
5.794506e+01
5.804945e+01
5.815382e+01
5.825822e+01
5.836258e+01
5.846709e+01
5.857156e+01
5.867606e+01
5.878044e+01
5.888494e+01
5.898942e+01
5.909391e+01
5.919842e+01
5.930292e+01
5.940751e+01
5.951230e+01
5.961649e+01
5.972072e+01
5.982492e+01
5.992931e+01
6.003357e+01
6.013782e+01
6.024211e+01
6.034631e+01
6.045055e+01
6.055479e+01
6.065891e+01
6.076324e+01
6.086733e+01
6.097147e+01
6.107569e+01
6.117982e+01
6.128405e+01
6.138818e+01
6.149229e+01
6.159657e+01
6.170091e+01
6.180511e+01
6.190907e+01
6.201323e+01
6.211744e+01
6.222159e+01
6.232570e+01
6.242992e+01
6.253422e+01
6.263845e+01
6.274266e+01
6.284955e+01
6.295119e+01
6.305552e+01
6.315976e+01
6.326394e+01
6.336817e+01
6.347230e+01
6.357657e+01
6.368082e+01
6.378505e+01
6.388957e+01
6.399360e+01
6.409783e+01
6.420208e+01
6.430631e+01
6.441054e+01
6.451514e+01
6.461962e+01
6.472337e+01
6.482756e+01
6.493171e+01
6.503592e+01
6.514017e+01
6.524443e+01
6.534901e+01
6.545301e+01
6.555726e+01
6.566132e+01
6.576555e+01
6.587056e+01
6.597396e+01
6.607807e+01
6.618233e+01
6.628654e+01
6.639084e+01
6.649507e+01
6.659938e+01
6.670357e+01
6.680768e+01
6.691193e+01
6.701794e+01
6.712048e+01
6.722469e+01
6.732897e+01
6.743319e+01
6.753749e+01
6.764172e+01
6.774594e+01
6.785004e+01
6.795430e+01
6.805860e+01
6.816285e+01
6.826697e+01
6.837123e+01
6.847545e+01
6.857955e+01
6.868382e+01
6.878795e+01
6.889224e+01
6.899632e+01
6.910045e+01
6.920468e+01
6.930884e+01
6.941310e+01
6.951724e+01
6.962136e+01
6.972560e+01
6.982967e+01
6.993392e+01
7.003807e+01
7.014235e+01
7.024645e+01
7.035078e+01
7.045492e+01
7.055917e+01
7.066333e+01
7.076754e+01
7.087192e+01
7.097626e+01
7.108235e+01
7.118447e+01
7.128855e+01
7.139280e+01
7.149692e+01
7.160151e+01
7.170533e+01
7.180946e+01
7.191358e+01
7.201780e+01
7.212192e+01
7.222605e+01
7.233029e+01
7.243462e+01
7.253869e+01
7.264298e+01
7.274708e+01
7.285134e+01
7.295548e+01
7.305956e+01
7.316384e+01
7.326799e+01
7.337208e+01
7.347628e+01
7.358042e+01
7.368460e+01
7.378887e+01
7.389296e+01
7.399724e+01
7.410133e+01
7.420558e+01
7.430981e+01
7.441406e+01
7.451819e+01
7.462250e+01
7.472671e+01
7.483087e+01
7.493508e+01
7.503918e+01
7.514343e+01
7.524756e+01
7.535171e+01
7.545606e+01
7.556008e+01
7.566421e+01
7.576834e+01
7.587244e+01
7.597658e+01
7.608070e+01
7.618500e+01
7.628906e+01
7.639330e+01
7.649746e+01
7.660190e+01
7.670627e+01
7.681012e+01
7.691447e+01
7.701832e+01
7.712259e+01
7.722668e+01
7.733080e+01
7.743611e+01
7.753921e+01
7.764333e+01
7.774763e+01
7.785170e+01
7.795581e+01
7.806010e+01
7.816432e+01
7.826858e+01
7.837279e+01
7.847715e+01
7.858142e+01
7.868571e+01
7.878998e+01
7.889417e+01
7.899861e+01
7.910274e+01
7.920709e+01
7.931129e+01
7.941555e+01
7.952132e+01
7.962408e+01
7.972836e+01
7.983262e+01
7.993681e+01
8.004106e+01
8.014531e+01
8.024958e+01
8.035380e+01
8.045824e+01
8.056251e+01
8.066669e+01
8.077093e+01
8.087541e+01
8.097957e+01
8.108396e+01
8.118818e+01
8.129255e+01
8.139684e+01
8.150123e+01
8.160565e+01
8.170982e+01
8.181425e+01
8.191858e+01
8.202282e+01
8.212719e+01
8.223155e+01
8.233601e+01
8.244036e+01
8.254474e+01
8.264906e+01
8.275777e+01
8.285788e+01
8.296217e+01
8.306668e+01
8.317127e+01
8.327572e+01
8.338002e+01
8.348474e+01
8.358880e+01
8.369323e+01
8.379755e+01
8.390195e+01
8.400645e+01
8.411077e+01
8.421512e+01
8.431931e+01
8.442369e+01
8.452796e+01
8.463228e+01
8.473726e+01
8.484076e+01
8.494493e+01
8.505121e+01
8.515425e+01
8.525770e+01
8.536198e+01
8.546611e+01
8.557007e+01
8.567410e+01
8.577809e+01
8.588197e+01
8.598583e+01
8.608969e+01
8.619355e+01
8.629753e+01
8.640145e+01
8.650509e+01
8.660897e+01
8.671281e+01
8.681672e+01
8.692068e+01
8.702455e+01
8.712865e+01
8.723286e+01
8.733686e+01
8.744090e+01
8.754484e+01
8.764894e+01
8.775306e+01
8.785718e+01
8.796142e+01
8.806568e+01
8.816970e+01
8.827385e+01
8.837794e+01
8.848206e+01
8.858636e+01
8.869045e+01
8.879469e+01
8.889883e+01
8.900314e+01
8.910743e+01
8.921159e+01
8.931572e+01
8.941993e+01
8.952419e+01
8.962843e+01
8.973269e+01
8.983693e+01
8.994118e+01
9.004556e+01
9.014960e+01
9.025386e+01
9.035797e+01
9.046222e+01
9.056632e+01
9.067057e+01
9.077468e+01
9.087905e+01
9.098330e+01
9.108751e+01
9.119172e+01
9.129600e+01
9.140035e+01
9.150473e+01
9.160910e+01
9.171382e+01
9.181786e+01
9.192245e+01
9.202688e+01
9.213124e+01
9.223590e+01
9.234033e+01
9.244485e+01
9.254948e+01
9.265403e+01
9.275849e+01
9.286295e+01
9.296832e+01
9.307203e+01
9.317636e+01
9.328083e+01
9.338520e+01
9.348971e+01
9.359411e+01
9.369845e+01
9.380282e+01
9.390723e+01
9.401155e+01
9.411582e+01
9.422010e+01
9.432450e+01
9.442871e+01
9.453308e+01
9.463987e+01
9.474161e+01
9.484572e+01
9.494997e+01
9.505400e+01
9.515809e+01
9.526212e+01
9.536596e+01
9.546985e+01
9.557381e+01
9.567789e+01
9.578189e+01
9.588591e+01
9.598969e+01
9.609373e+01
9.619761e+01
9.630148e+01
9.640544e+01
9.650921e+01
9.661311e+01
9.671708e+01
9.682094e+01
9.692488e+01
9.702886e+01
9.713273e+01
9.723747e+01
9.734058e+01
9.744450e+01
9.754846e+01
9.765249e+01
9.775648e+01
9.786046e+01
9.796452e+01
9.806857e+01
9.817395e+01
9.827666e+01
9.838072e+01
9.848486e+01
9.858899e+01
9.869307e+01
9.879726e+01
9.890137e+01
9.900546e+01
9.910959e+01
9.921372e+01
9.931799e+01
9.942206e+01
9.952634e+01
9.963063e+01
9.973476e+01
9.983886e+01
9.994309e+01
1.000472e+02
1.001513e+02
1.002556e+02
1.003598e+02
1.004639e+02
1.005680e+02
1.006722e+02
1.007763e+02
1.008807e+02
1.009851e+02
1.010896e+02
1.011931e+02
1.012972e+02
1.014015e+02
1.015056e+02
1.016099e+02
1.017140e+02
1.018181e+02
1.019223e+02
1.020265e+02
1.021306e+02
1.022349e+02
1.023390e+02
1.024442e+02
1.025474e+02
1.026515e+02
1.027556e+02
1.028599e+02
1.029641e+02
1.030682e+02
1.031724e+02
1.032765e+02
1.033807e+02
1.034848e+02
1.035892e+02
1.036934e+02
1.037975e+02
1.039018e+02
1.040060e+02
1.041101e+02
1.042144e+02
1.043185e+02
1.044227e+02
1.045267e+02
1.046308e+02
1.047350e+02
1.048392e+02
1.049434e+02
1.050475e+02
1.051518e+02
1.052560e+02
1.053602e+02
1.054644e+02
1.055686e+02
1.056728e+02
1.057772e+02
1.058814e+02
1.059856e+02
1.060899e+02
1.061942e+02
1.062985e+02
1.064028e+02
1.065070e+02
1.066113e+02
1.067155e+02
1.068197e+02
1.069240e+02
1.070282e+02
1.071324e+02
1.072366e+02
1.073407e+02
1.074450e+02
1.075492e+02
1.076534e+02
1.077575e+02
1.078616e+02
1.079658e+02
1.080712e+02
1.081740e+02
1.082782e+02
1.083822e+02
1.084863e+02
1.085904e+02
1.086945e+02
1.087985e+02
1.089026e+02
1.090067e+02
1.091107e+02
1.092148e+02
1.093189e+02
1.094230e+02
1.095272e+02
1.096314e+02
1.097355e+02
1.098396e+02
1.099438e+02
1.100478e+02
1.101520e+02
1.102561e+02
1.103611e+02
1.104655e+02
1.105685e+02
1.106726e+02
1.107769e+02
1.108810e+02
1.109852e+02
1.110892e+02
1.111933e+02
1.112975e+02
1.114016e+02
1.115057e+02
1.116099e+02
1.117141e+02
1.118187e+02
1.119223e+02
1.120264e+02
1.121306e+02
1.122347e+02
1.123388e+02
1.124430e+02
1.125471e+02
1.126517e+02
1.127555e+02
1.128597e+02
1.129641e+02
1.130681e+02
1.131721e+02
1.132762e+02
1.133803e+02
1.134846e+02
1.135888e+02
1.136929e+02
1.137971e+02
1.139014e+02
1.140055e+02
1.141097e+02
1.142139e+02
1.143181e+02
1.144235e+02
1.145265e+02
1.146308e+02
1.147350e+02
1.148391e+02
1.149433e+02
1.150475e+02
1.151518e+02
1.152558e+02
1.153599e+02
1.154638e+02
1.155680e+02
1.156720e+02
1.157759e+02
1.158798e+02
1.159838e+02
1.160878e+02
1.161919e+02
1.162959e+02
1.164000e+02
1.165040e+02
1.166080e+02
1.167121e+02
1.168161e+02
1.169202e+02
1.170245e+02
1.171287e+02
1.172329e+02
1.173370e+02
1.174412e+02
1.175455e+02
1.176496e+02
1.177538e+02
1.178581e+02
1.179623e+02
1.180665e+02
1.181707e+02
1.182750e+02
1.183792e+02
1.184835e+02
1.185877e+02
1.186920e+02
1.187962e+02
1.189007e+02
1.190051e+02
1.191094e+02
1.192129e+02
1.193171e+02
1.194219e+02
1.195254e+02
1.196295e+02
1.197338e+02
1.198379e+02
1.199420e+02
1.200463e+02
1.201503e+02
1.202546e+02
1.203588e+02
1.204631e+02
1.205672e+02
1.206714e+02
1.207757e+02
1.208799e+02
1.209841e+02
1.210882e+02
1.211925e+02
1.212968e+02
1.214008e+02
1.215051e+02
1.216094e+02
1.217137e+02
1.218179e+02
1.219222e+02
1.220265e+02
1.221308e+02
1.222385e+02
1.223394e+02
1.224438e+02
1.225480e+02
1.226528e+02
1.227577e+02
1.228609e+02
1.229651e+02
1.230694e+02
1.231738e+02
1.232780e+02
1.233823e+02
1.234865e+02
1.235916e+02
1.236951e+02
1.237994e+02
1.239036e+02
1.240083e+02
1.241124e+02
1.242166e+02
1.243210e+02
1.244252e+02
1.245297e+02
1.246340e+02
1.247383e+02
1.248426e+02
1.249470e+02
1.250512e+02
1.251557e+02
1.252600e+02
1.253645e+02
1.254687e+02
1.255730e+02
1.256774e+02
1.257818e+02
1.258867e+02
1.259904e+02
1.260946e+02
1.261989e+02
1.263031e+02
1.264083e+02
1.265117e+02
1.266160e+02
1.267203e+02
1.268245e+02
1.269288e+02
1.270329e+02
1.271371e+02
1.272414e+02
1.273456e+02
1.274498e+02
1.275541e+02
1.276584e+02
1.277626e+02
1.278671e+02
1.279713e+02
1.280754e+02
1.281797e+02
1.282837e+02
1.283878e+02
1.284921e+02
1.285961e+02
1.287003e+02
1.288042e+02
1.289083e+02
1.290124e+02
1.291164e+02
1.292204e+02
1.293245e+02
1.294285e+02
1.295327e+02
1.296367e+02
1.297408e+02
1.298448e+02
1.299489e+02
1.300529e+02
1.301569e+02
1.302610e+02
1.303650e+02
1.304690e+02
1.305731e+02
1.306777e+02
1.307843e+02
1.308853e+02
1.309894e+02
1.310934e+02
1.311973e+02
1.313025e+02
1.314054e+02
1.315095e+02
1.316135e+02
1.317175e+02
1.318216e+02
1.319258e+02
1.320298e+02
1.321339e+02
1.322380e+02
1.323422e+02
1.324480e+02
1.325507e+02
1.326549e+02
1.327607e+02
1.328655e+02
1.329676e+02
1.330725e+02
1.331780e+02
1.332805e+02
1.333857e+02
1.334892e+02
1.335935e+02
1.336980e+02
1.338022e+02
1.339066e+02
1.340111e+02
1.341155e+02
1.342201e+02
1.343246e+02
1.344291e+02
1.345336e+02
1.346383e+02
1.347428e+02
1.348473e+02
1.349519e+02
1.350564e+02
1.351607e+02
1.352653e+02
1.353695e+02
1.354739e+02
1.355783e+02
1.356826e+02
1.357870e+02
1.358913e+02
1.359955e+02
1.360997e+02
1.362040e+02
1.363081e+02
1.364121e+02
1.365177e+02
1.366202e+02
1.367268e+02
1.368280e+02
1.369320e+02
1.370359e+02
1.371413e+02
1.372437e+02
1.373477e+02
1.374517e+02
1.375556e+02
1.376596e+02
1.377635e+02
1.378675e+02
1.379715e+02
1.380755e+02
1.381795e+02
1.382835e+02
1.383877e+02
1.384918e+02
1.385959e+02
1.387000e+02
1.388041e+02
1.389083e+02
1.390124e+02
1.391167e+02
1.392208e+02
1.393250e+02
1.394293e+02
1.395335e+02
1.396377e+02
1.397419e+02
1.398460e+02
1.399501e+02
1.400543e+02
1.401584e+02
1.402626e+02
1.403668e+02
1.404709e+02
1.405750e+02
1.406791e+02
1.407833e+02
1.408875e+02
1.409917e+02
1.410958e+02
1.411999e+02
1.413040e+02
1.414081e+02
1.415124e+02
1.416165e+02
1.417207e+02
1.418248e+02
1.419289e+02
1.420330e+02
1.421372e+02
1.422414e+02
1.423455e+02
1.424497e+02
1.425539e+02
1.426582e+02
1.427624e+02
1.428667e+02
1.429708e+02
1.430750e+02
1.431792e+02
1.432835e+02
1.433878e+02
1.434920e+02
1.435963e+02
1.437005e+02
1.438048e+02
1.439089e+02
1.440132e+02
1.441174e+02
1.442215e+02
1.443257e+02
1.444298e+02
1.445340e+02
1.446382e+02
1.447422e+02
1.448471e+02
1.449505e+02
1.450550e+02
1.451589e+02
1.452630e+02
1.453673e+02
1.454714e+02
1.455756e+02
1.456799e+02
1.457840e+02
1.458883e+02
1.459925e+02
1.460967e+02
1.462009e+02
1.463050e+02
1.464093e+02
1.465134e+02
1.466175e+02
1.467217e+02
1.468259e+02
1.469300e+02
1.470342e+02
1.471384e+02
1.472425e+02
1.473467e+02
1.474508e+02
1.475550e+02
1.476591e+02
1.477632e+02
1.478674e+02
1.479717e+02
1.480758e+02
1.481799e+02
1.482842e+02
1.483882e+02
1.484925e+02
1.485968e+02
1.487009e+02
1.488051e+02
1.489093e+02
1.490136e+02
1.491176e+02
1.492218e+02
1.493261e+02
1.494303e+02
1.495343e+02
1.496384e+02
1.497425e+02
1.498466e+02
1.499509e+02
1.500551e+02
1.501589e+02
1.502633e+02
1.503671e+02
1.504713e+02
1.505753e+02
1.506794e+02
1.507835e+02
1.508878e+02
1.509918e+02
1.510960e+02
1.512001e+02
1.513042e+02
1.514083e+02
1.515124e+02
1.516165e+02
1.517206e+02
1.518246e+02
1.519288e+02
1.520329e+02
1.521371e+02
1.522412e+02
1.523453e+02
1.524494e+02
1.525535e+02
1.526576e+02
1.527618e+02
1.528659e+02
1.529700e+02
1.530743e+02
1.531784e+02
1.532825e+02
1.533867e+02
1.534908e+02
1.535949e+02
1.536990e+02
1.538035e+02
1.539073e+02
1.540115e+02
1.541156e+02
1.542197e+02
1.543239e+02
1.544280e+02
1.545322e+02
1.546368e+02
1.547404e+02
1.548446e+02
1.549486e+02
1.550528e+02
1.551572e+02
1.552612e+02
1.553653e+02
1.554695e+02
1.555737e+02
1.556779e+02
1.557821e+02
1.558864e+02
1.559906e+02
1.560950e+02
1.561993e+02
1.563035e+02
1.564079e+02
1.565123e+02
1.566167e+02
1.567209e+02
1.568252e+02
1.569295e+02
1.570338e+02
1.571380e+02
1.572421e+02
1.573464e+02
1.574505e+02
1.575546e+02
1.576588e+02
1.577629e+02
1.578671e+02
1.579712e+02
1.580753e+02
1.581794e+02
1.582835e+02
1.583877e+02
1.584919e+02
1.585961e+02
1.587003e+02
1.588044e+02
1.589086e+02
1.590129e+02
1.591170e+02
1.592213e+02
1.593255e+02
1.594298e+02
1.595340e+02
1.596381e+02
1.597426e+02
1.598466e+02
1.599509e+02
1.600552e+02
1.601594e+02
1.602637e+02
1.603679e+02
1.604722e+02
1.605765e+02
1.606808e+02
1.607851e+02
1.608892e+02
1.609934e+02
1.610977e+02
1.612018e+02
1.613060e+02
1.614105e+02
1.615144e+02
1.616187e+02
1.617228e+02
1.618271e+02
1.619312e+02
1.620354e+02
1.621397e+02
1.622440e+02
1.623482e+02
1.624524e+02
1.625566e+02
1.626608e+02
1.627651e+02
1.628693e+02
1.629735e+02
1.630779e+02
1.631821e+02
1.632863e+02
1.633906e+02
1.634947e+02
1.635989e+02
1.637030e+02
1.638073e+02
1.639114e+02
1.640156e+02
1.641199e+02
1.642241e+02
1.643284e+02
1.644326e+02
1.645369e+02
1.646416e+02
1.647454e+02
1.648497e+02
1.649539e+02
1.650580e+02
1.651623e+02
1.652665e+02
1.653708e+02
1.654750e+02
1.655793e+02
1.656836e+02
1.657878e+02
1.658920e+02
1.659963e+02
1.661006e+02
1.662049e+02
1.663089e+02
1.664132e+02
1.665174e+02
1.666215e+02
1.667257e+02
1.668299e+02
1.669340e+02
1.670384e+02
1.671425e+02
1.672466e+02
1.673510e+02
1.674550e+02
1.675590e+02
1.676632e+02
1.677674e+02
1.678715e+02
1.679756e+02
1.680798e+02
1.681839e+02
1.682880e+02
1.683921e+02
1.684964e+02
1.686005e+02
1.687047e+02
1.688089e+02
1.689130e+02
1.690173e+02
1.691217e+02
1.692259e+02
1.693299e+02
1.694340e+02
1.695381e+02
1.696423e+02
1.697464e+02
1.698507e+02
1.699548e+02
1.700590e+02
1.701632e+02
1.702674e+02
1.703715e+02
1.704758e+02
1.705800e+02
1.706841e+02
1.707883e+02
1.708924e+02
1.709965e+02
1.711007e+02
1.712049e+02
1.713089e+02
1.714132e+02
1.715173e+02
1.716214e+02
1.717255e+02
1.718298e+02
1.719339e+02
1.720380e+02
1.721425e+02
1.722472e+02
1.723512e+02
1.724546e+02
1.725587e+02
1.726628e+02
1.727669e+02
1.728710e+02
1.729752e+02
1.730793e+02
1.731834e+02
1.732875e+02
1.733916e+02
1.734958e+02
1.735999e+02
1.737040e+02
1.738081e+02
1.739123e+02
1.740164e+02
1.741205e+02
1.742247e+02
1.743290e+02
1.744331e+02
1.745372e+02
1.746414e+02
1.747456e+02
1.748497e+02
1.749538e+02
1.750580e+02
1.751621e+02
1.752663e+02
1.753704e+02
1.754745e+02
1.755786e+02
1.756828e+02
1.757873e+02
1.758911e+02
1.759954e+02
1.760993e+02
1.762034e+02
1.763076e+02
1.764116e+02
1.765157e+02
1.766198e+02
1.767239e+02
1.768280e+02
1.769322e+02
1.770362e+02
1.771405e+02
1.772445e+02
1.773486e+02
1.774525e+02
1.775569e+02
1.776609e+02
1.777649e+02
1.778690e+02
1.779736e+02
1.780773e+02
1.781814e+02
1.782855e+02
1.783897e+02
1.784938e+02
1.785980e+02
1.787021e+02
1.788062e+02
1.789104e+02
1.790145e+02
1.791184e+02
1.792227e+02
1.793267e+02
1.794308e+02
1.795348e+02
1.796389e+02
1.797444e+02
1.798472e+02
1.799513e+02
1.800555e+02
1.801596e+02
1.802637e+02
1.803678e+02
1.804719e+02
1.805760e+02
1.806802e+02
1.807843e+02
1.808884e+02
1.809927e+02
1.810972e+02
1.812013e+02
1.813051e+02
1.814092e+02
1.815133e+02
1.816175e+02
1.817215e+02
1.818256e+02
1.819297e+02
1.820339e+02
1.821378e+02
1.822418e+02
1.823459e+02
1.824501e+02
1.825540e+02
1.826582e+02
1.827623e+02
1.828664e+02
1.829705e+02
1.830747e+02
1.831788e+02
1.832831e+02
1.833871e+02
1.834915e+02
1.835959e+02
1.837003e+02
1.838045e+02
1.839087e+02
1.840129e+02
1.841174e+02
1.842216e+02
1.843261e+02
1.844303e+02
1.845347e+02
1.846390e+02
1.847433e+02
1.848479e+02
1.849519e+02
1.850562e+02
1.851604e+02
1.852648e+02
1.853691e+02
1.854734e+02
1.855777e+02
1.856819e+02
1.857862e+02
1.858904e+02
1.859946e+02
1.860988e+02
1.862030e+02
1.863072e+02
1.864114e+02
1.865157e+02
1.866198e+02
1.867239e+02
1.868280e+02
1.869322e+02
1.870361e+02
1.871403e+02
1.872443e+02
1.873483e+02
1.874523e+02
1.875562e+02
1.876601e+02
1.877642e+02
1.878680e+02
1.879720e+02
1.880760e+02
1.881799e+02
1.882838e+02
1.883878e+02
1.884918e+02
1.885957e+02
1.886997e+02
1.888037e+02
1.889077e+02
1.890117e+02
1.891158e+02
1.892199e+02
1.893241e+02
1.894283e+02
1.895324e+02
1.896365e+02
1.897406e+02
1.898448e+02
1.899489e+02
1.900532e+02
1.901575e+02
1.902617e+02
1.903665e+02
1.904703e+02
1.905748e+02
1.906789e+02
1.907832e+02
1.908875e+02
1.909918e+02
1.910962e+02
1.912002e+02
1.913044e+02
1.914088e+02
1.915127e+02
1.916169e+02
1.917231e+02
1.918250e+02
1.919296e+02
1.920340e+02
1.921379e+02
1.922414e+02
1.923456e+02
1.924497e+02
1.925538e+02
1.926579e+02
1.927625e+02
1.928663e+02
1.929707e+02
1.930751e+02
1.931795e+02
1.932837e+02
1.933880e+02
1.934922e+02
1.935963e+02
1.937005e+02
1.938048e+02
1.939091e+02
1.940133e+02
1.941175e+02
1.942218e+02
1.943262e+02
1.944305e+02
1.945349e+02
1.946392e+02
1.947435e+02
1.948477e+02
1.949521e+02
1.950563e+02
1.951606e+02
1.952648e+02
1.953690e+02
1.954733e+02
1.955775e+02
1.956819e+02
1.957861e+02
1.958902e+02
1.959944e+02
1.960985e+02
1.962028e+02
1.963070e+02
1.964112e+02
1.965154e+02
1.966195e+02
1.967237e+02
1.968280e+02
1.969320e+02
1.970363e+02
1.971405e+02
1.972448e+02
1.973488e+02
1.974531e+02
1.975572e+02
1.976615e+02
1.977656e+02
1.978698e+02
1.979739e+02
1.980781e+02
1.981822e+02
1.982864e+02
1.983904e+02
1.984945e+02
1.985987e+02
1.987028e+02
1.988069e+02
1.989110e+02
1.990150e+02
1.991192e+02
1.992233e+02
1.993275e+02
1.994318e+02
1.995357e+02
1.996399e+02
1.997440e+02
1.998482e+02
1.999525e+02
2.000568e+02
2.001609e+02
2.002650e+02
2.003692e+02
2.004733e+02
2.005774e+02
2.006816e+02
2.007857e+02
2.008898e+02
2.009939e+02
2.010980e+02
2.012023e+02
2.013064e+02
2.014106e+02
2.015147e+02
2.016189e+02
2.017233e+02
2.018272e+02
2.019313e+02
2.020355e+02
2.021396e+02
2.022438e+02
2.023479e+02
2.024521e+02
2.025562e+02
2.026604e+02
2.027646e+02
2.028687e+02
2.029729e+02
2.030771e+02
2.031813e+02
2.032855e+02
2.033897e+02
2.034938e+02
2.035981e+02
2.037022e+02
2.038065e+02
2.039107e+02
2.040150e+02
2.041192e+02
2.042234e+02
2.043277e+02
2.044319e+02
2.045362e+02
2.046405e+02
2.047447e+02
2.048488e+02
2.049530e+02
2.050571e+02
2.051612e+02
2.052653e+02
2.053694e+02
2.054736e+02
2.055777e+02
2.056817e+02
2.057857e+02
2.058897e+02
2.059937e+02
2.060977e+02
2.062018e+02
2.063058e+02
2.064097e+02
2.065137e+02
2.066179e+02
2.067221e+02
2.068258e+02
2.069298e+02
2.070336e+02
2.071376e+02
2.072416e+02
2.073456e+02
2.074497e+02
2.075537e+02
2.076576e+02
2.077616e+02
2.078656e+02
2.079695e+02
2.080736e+02
2.081776e+02
2.082816e+02
2.083857e+02
2.084897e+02
2.085937e+02
2.086980e+02
2.088022e+02
2.089058e+02
2.090102e+02
2.091141e+02
2.092182e+02
2.093224e+02
2.094266e+02
2.095312e+02
2.096352e+02
2.097394e+02
2.098437e+02
2.099479e+02
2.100522e+02
2.101567e+02
2.102607e+02
2.103648e+02
2.104691e+02
2.105749e+02
2.106775e+02
2.107817e+02
2.108860e+02
2.109901e+02
2.110944e+02
2.111987e+02
2.113027e+02
2.114069e+02
2.115112e+02
2.116153e+02
2.117196e+02
2.118239e+02
2.119279e+02
2.120319e+02
2.121361e+02
2.122401e+02
2.123442e+02
2.124484e+02
2.125524e+02
2.126564e+02
2.127604e+02
2.128646e+02
2.129686e+02
2.130727e+02
2.131768e+02
2.132808e+02
2.133849e+02
2.134890e+02
2.135931e+02
2.136971e+02
2.138011e+02
2.139051e+02
2.140091e+02
2.141131e+02
2.142171e+02
2.143211e+02
2.144252e+02
2.145292e+02
2.146332e+02
2.147374e+02
2.148413e+02
2.149455e+02
2.150525e+02
2.151537e+02
2.152578e+02
2.153622e+02
2.154662e+02
2.155701e+02
2.156740e+02
2.157782e+02
2.158822e+02
2.159862e+02
2.160903e+02
2.161949e+02
2.162983e+02
2.164024e+02
2.165064e+02
2.166103e+02
2.167144e+02
2.168184e+02
2.169231e+02
2.170266e+02
2.171307e+02
2.172348e+02
2.173390e+02
2.174431e+02
2.175472e+02
2.176514e+02
2.177555e+02
2.178596e+02
2.179637e+02
2.180679e+02
2.181720e+02
2.182761e+02
2.183802e+02
2.184843e+02
2.185885e+02
2.186926e+02
2.187967e+02
2.189008e+02
2.190049e+02
2.191090e+02
2.192131e+02
2.193173e+02
2.194214e+02
2.195256e+02
2.196297e+02
2.197355e+02
2.198381e+02
2.199424e+02
2.200466e+02
2.201514e+02
2.202551e+02
2.203592e+02
2.204635e+02
2.205676e+02
2.206717e+02
2.207758e+02
2.208802e+02
2.209842e+02
2.210885e+02
2.211927e+02
2.212969e+02
2.214014e+02
2.215057e+02
2.216101e+02
2.217144e+02
2.218188e+02
2.219233e+02
2.220277e+02
2.221322e+02
2.222412e+02
2.223410e+02
2.224452e+02
2.225499e+02
2.226539e+02
2.227581e+02
2.228624e+02
2.229666e+02
2.230709e+02
2.231752e+02
2.232794e+02
2.233837e+02
2.234880e+02
2.235921e+02
2.236963e+02
2.238007e+02
2.239047e+02
2.240089e+02
2.241133e+02
2.242172e+02
2.243213e+02
2.244255e+02
2.245296e+02
2.246337e+02
2.247377e+02
2.248417e+02
2.249458e+02
2.250498e+02
2.251538e+02
2.252577e+02
2.253617e+02
2.254659e+02
2.255698e+02
2.256737e+02
2.257777e+02
2.258817e+02
2.259861e+02
2.260899e+02
2.261939e+02
2.262978e+02
2.264019e+02
2.265059e+02
2.266100e+02
2.267141e+02
2.268181e+02
2.269221e+02
2.270261e+02
2.271302e+02
2.272346e+02
2.273384e+02
2.274423e+02
2.275463e+02
2.276505e+02
2.277545e+02
2.278586e+02
2.279626e+02
2.280667e+02
2.281709e+02
2.282750e+02
2.283791e+02
2.284832e+02
2.285874e+02
2.286917e+02
2.287959e+02
2.289001e+02
2.290046e+02
2.291091e+02
2.292125e+02
2.293166e+02
2.294206e+02
2.295247e+02
2.296289e+02
2.297330e+02
2.298371e+02
2.299411e+02
2.300452e+02
2.301492e+02
2.302533e+02
2.303574e+02
2.304616e+02
2.305657e+02
2.306699e+02
2.307740e+02
2.308782e+02
2.309823e+02
2.310867e+02
2.311909e+02
2.312952e+02
2.313994e+02
2.315033e+02
2.316077e+02
2.317118e+02
2.318159e+02
2.319201e+02
2.320241e+02
2.321282e+02
2.322323e+02
2.323365e+02
2.324405e+02
2.325446e+02
2.326517e+02
2.327529e+02
2.328569e+02
2.329609e+02
2.330650e+02
2.331691e+02
2.332731e+02
2.333771e+02
2.334812e+02
2.335853e+02
2.336894e+02
2.337932e+02
2.338972e+02
2.340012e+02
2.341052e+02
2.342093e+02
2.343132e+02
2.344172e+02
2.345213e+02
2.346254e+02
2.347293e+02
2.348337e+02
2.349379e+02
2.350414e+02
2.351454e+02
2.352493e+02
2.353535e+02
2.354575e+02
2.355615e+02
2.356655e+02
2.357694e+02
2.358736e+02
2.359776e+02
2.360816e+02
2.361859e+02
2.362905e+02
2.363946e+02
2.364978e+02
2.366018e+02
2.367059e+02
2.368099e+02
2.369140e+02
2.370180e+02
2.371221e+02
2.372261e+02
2.373302e+02
2.374342e+02
2.375383e+02
2.376423e+02
2.377474e+02
2.378505e+02
2.379546e+02
2.380587e+02
2.381627e+02
2.382669e+02
2.383710e+02
2.384751e+02
2.385793e+02
2.386834e+02
2.387875e+02
2.388916e+02
2.389958e+02
2.391000e+02
2.392042e+02
2.393086e+02
2.394128e+02
2.395168e+02
2.396211e+02
2.397253e+02
2.398295e+02
2.399337e+02
2.400378e+02
2.401421e+02
2.402462e+02
2.403505e+02
2.404546e+02
2.405587e+02
2.406628e+02
2.407670e+02
2.408710e+02
2.409751e+02
2.410791e+02
2.411831e+02
2.412871e+02
2.413911e+02
2.414951e+02
2.415991e+02
2.417032e+02
2.418073e+02
2.419115e+02
2.420157e+02
2.421200e+02
2.422242e+02
2.423286e+02
2.424328e+02
2.425371e+02
2.426413e+02
2.427457e+02
2.428500e+02
2.429541e+02
2.430583e+02
2.431627e+02
2.432670e+02
2.433712e+02
2.434755e+02
2.435797e+02
2.436838e+02
2.437881e+02
2.438923e+02
2.439966e+02
2.441008e+02
2.442051e+02
2.443093e+02
2.444136e+02
2.445178e+02
2.446220e+02
2.447262e+02
2.448305e+02
2.449347e+02
2.450390e+02
2.451431e+02
2.452473e+02
2.453516e+02
2.454558e+02
2.455601e+02
2.456643e+02
2.457685e+02
2.458727e+02
2.459770e+02
2.460811e+02
2.461853e+02
2.462895e+02
2.463937e+02
2.464980e+02
2.466021e+02
2.467063e+02
2.468106e+02
2.469147e+02
2.470190e+02
2.471232e+02
2.472273e+02
2.473316e+02
2.474358e+02
2.475400e+02
2.476442e+02
2.477485e+02
2.478526e+02
2.479568e+02
2.480611e+02
2.481653e+02
2.482695e+02
2.483737e+02
2.484778e+02
2.485821e+02
2.486862e+02
2.487905e+02
2.488946e+02
2.489989e+02
2.491030e+02
2.492072e+02
2.493113e+02
2.494156e+02
2.495197e+02
2.496240e+02
2.497281e+02
2.498323e+02
2.499365e+02
2.500406e+02
2.501446e+02
2.502487e+02
2.503527e+02
2.504567e+02
2.505606e+02
2.506646e+02
2.507685e+02
2.508722e+02
2.509761e+02
2.510800e+02
2.511837e+02
2.512876e+02
2.513915e+02
2.514952e+02
2.515990e+02
2.517028e+02
2.518067e+02
2.519106e+02
2.520145e+02
2.521185e+02
2.522225e+02
2.523266e+02
2.524306e+02
2.525347e+02
2.526390e+02
2.527432e+02
2.528475e+02
2.529517e+02
2.530560e+02
2.531602e+02
2.532643e+02
2.533687e+02
2.534730e+02
2.535772e+02
2.536815e+02
2.537858e+02
2.538902e+02
2.539946e+02
2.540990e+02
2.542035e+02
2.543079e+02
2.544123e+02
2.545167e+02
2.546211e+02
2.547255e+02
2.548297e+02
2.549340e+02
2.550382e+02
2.551426e+02
2.552467e+02
2.553510e+02
2.554552e+02
2.555595e+02
2.556636e+02
2.557678e+02
2.558720e+02
2.559761e+02
2.560804e+02
2.561845e+02
2.562886e+02
2.563927e+02
2.564970e+02
2.566011e+02
2.567052e+02
2.568093e+02
2.569135e+02
2.570177e+02
2.571218e+02
2.572260e+02
2.573301e+02
2.574341e+02
2.575382e+02
2.576423e+02
2.577466e+02
2.578507e+02
2.579548e+02
2.580590e+02
2.581631e+02
2.582672e+02
2.583713e+02
2.584755e+02
2.585796e+02
2.586837e+02
2.587878e+02
2.588920e+02
2.589961e+02
2.591003e+02
2.592045e+02
2.593086e+02
2.594128e+02
2.595170e+02
2.596211e+02
2.597252e+02
2.598293e+02
2.599335e+02
2.600376e+02
2.601417e+02
2.602460e+02
2.603501e+02
2.604542e+02
2.605583e+02
2.606625e+02
2.607667e+02
2.608708e+02
2.609750e+02
2.610791e+02
2.611833e+02
2.612875e+02
2.613917e+02
2.614958e+02
2.616001e+02
2.617042e+02
2.618083e+02
2.619125e+02
2.620166e+02
2.621207e+02
2.622250e+02
2.623291e+02
2.624332e+02
2.625373e+02
2.626415e+02
2.627456e+02
2.628498e+02
2.629540e+02
2.630581e+02
2.631623e+02
2.632666e+02
2.633707e+02
2.634750e+02
2.635791e+02
2.636832e+02
2.637873e+02
2.638915e+02
2.639957e+02
2.640999e+02
2.642040e+02
2.643081e+02
2.644122e+02
2.645163e+02
2.646205e+02
2.647246e+02
2.648287e+02
2.649328e+02
2.650371e+02
2.651412e+02
2.652453e+02
2.653495e+02
2.654536e+02
2.655577e+02
2.656618e+02
2.657660e+02
2.658701e+02
2.659742e+02
2.660783e+02
2.661826e+02
2.662867e+02
2.663910e+02
2.664951e+02
2.665992e+02
2.667035e+02
2.668076e+02
2.669117e+02
2.670160e+02
2.671201e+02
2.672243e+02
2.673285e+02
2.674327e+02
2.675369e+02
2.676411e+02
2.677452e+02
2.678493e+02
2.679535e+02
2.680576e+02
2.681617e+02
2.682660e+02
2.683701e+02
2.684742e+02
2.685785e+02
2.686826e+02
2.687867e+02
2.688908e+02
2.689951e+02
2.690992e+02
2.692035e+02
2.693076e+02
2.694118e+02
2.695160e+02
2.696201e+02
2.697242e+02
2.698285e+02
2.699326e+02
2.700367e+02
2.701410e+02
2.702451e+02
2.703492e+02
2.704534e+02
2.705575e+02
2.706617e+02
2.707659e+02
2.708700e+02
2.709741e+02
2.710782e+02
2.711823e+02
2.712865e+02
2.713906e+02
2.714947e+02
2.715989e+02
2.717030e+02
2.718072e+02
2.719114e+02
2.720155e+02
2.721196e+02
2.722237e+02
2.723279e+02
2.724321e+02
2.725362e+02
2.726405e+02
2.727446e+02
2.728488e+02
2.729530e+02
2.730572e+02
2.731615e+02
2.732656e+02
2.733699e+02
2.734741e+02
2.735784e+02
2.736825e+02
2.737867e+02
2.738909e+02
2.739950e+02
2.740991e+02
2.742032e+02
2.743073e+02
2.744115e+02
2.745156e+02
2.746197e+02
2.747240e+02
2.748282e+02
2.749326e+02
2.750370e+02
2.751412e+02
2.752456e+02
2.753499e+02
2.754541e+02
2.755584e+02
2.756626e+02
2.757669e+02
2.758711e+02
2.759754e+02
2.760796e+02
2.761839e+02
2.762880e+02
2.763922e+02
2.764965e+02
2.766006e+02
2.767049e+02
2.768090e+02
2.769131e+02
2.770174e+02
2.771215e+02
2.772257e+02
2.773299e+02
2.774340e+02
2.775382e+02
2.776424e+02
2.777466e+02
2.778507e+02
2.779549e+02
2.780591e+02
2.781632e+02
2.782674e+02
2.783715e+02
2.784757e+02
2.785799e+02
2.786840e+02
2.787881e+02
2.788922e+02
2.789962e+02
2.791004e+02
2.792045e+02
2.793086e+02
2.794128e+02
2.795169e+02
2.796210e+02
2.797251e+02
2.798294e+02
2.799335e+02
2.800377e+02
2.801420e+02
2.802461e+02
2.803504e+02
2.804546e+02
2.805588e+02
2.806630e+02
2.807672e+02
2.808714e+02
2.809756e+02
2.810797e+02
2.811840e+02
2.812881e+02
2.813924e+02
2.814966e+02
2.816007e+02
2.817050e+02
2.818093e+02
2.819134e+02
2.820176e+02
2.821219e+02
2.822260e+02
2.823302e+02
2.824345e+02
2.825386e+02
2.826429e+02
2.827470e+02
2.828512e+02
2.829555e+02
2.830596e+02
2.831637e+02
2.832680e+02
2.833722e+02
2.834764e+02
2.835806e+02
2.836848e+02
2.837889e+02
2.838930e+02
2.839971e+02
2.841012e+02
2.842054e+02
2.843095e+02
2.844136e+02
2.845177e+02
2.846219e+02
2.847260e+02
2.848301e+02
2.849341e+02
2.850382e+02
2.851424e+02
2.852464e+02
2.853505e+02
2.854546e+02
2.855587e+02
2.856627e+02
2.857669e+02
2.858710e+02
2.859751e+02
2.860792e+02
2.861834e+02
2.862874e+02
2.863915e+02
2.864956e+02
2.865997e+02
2.867039e+02
2.868081e+02
2.869122e+02
2.870164e+02
2.871205e+02
2.872246e+02
2.873287e+02
2.874329e+02
2.875370e+02
