0.000000e+00
1.039920e-01
2.078660e-01
3.117268e-01
4.157279e-01
5.196006e-01
6.236043e-01
7.276011e-01
8.316031e-01
9.354782e-01
1.039479e+00
1.143476e+00
1.247351e+00
1.351354e+00
1.455351e+00
1.559353e+00
1.663351e+00
1.767351e+00
1.871356e+00
1.975354e+00
2.079357e+00
2.183231e+00
2.287229e+00
2.391227e+00
2.495124e+00
2.599102e+00
2.703101e+00
2.807134e+00
2.910979e+00
3.014982e+00
3.118993e+00
3.223003e+00
3.326977e+00
3.430852e+00
3.534749e+00
3.638730e+00
3.742730e+00
3.846729e+00
3.950602e+00
4.054603e+00
4.158380e+00
4.262355e+00
4.366232e+00
4.470105e+00
4.574104e+00
4.677976e+00
4.781730e+00
4.885477e+00
4.989228e+00
5.092855e+00
5.196627e+00
5.300239e+00
5.403733e+00
5.507500e+00
5.611107e+00
5.714602e+00
5.818230e+00
5.921818e+00
6.025500e+00
6.129102e+00
6.232877e+00
6.336478e+00
6.440381e+00
6.543978e+00
6.647753e+00
6.751478e+00
6.855255e+00
6.958977e+00
7.062878e+00
7.166664e+00
7.270484e+00
7.374271e+00
7.478107e+00
7.581857e+00
7.685730e+00
7.789732e+00
7.893780e+00
7.997735e+00
8.101860e+00
8.206103e+00
8.310360e+00
8.414610e+00
8.519107e+00
8.623503e+00
8.728004e+00
8.832360e+00
8.936856e+00
9.041230e+00
9.145624e+00
9.249857e+00
9.354110e+00
9.458357e+00
9.562484e+00
9.666611e+00
9.770607e+00
9.874732e+00
9.978746e+00
1.008286e+01
1.018686e+01
1.029086e+01
1.039486e+01
1.049874e+01
1.060261e+01
1.070649e+01
1.081048e+01
1.091436e+01
1.101823e+01
1.112223e+01
1.122611e+01
1.133013e+01
1.143411e+01
1.153813e+01
1.164200e+01
1.174601e+01
1.184986e+01
1.195386e+01
1.205786e+01
1.216186e+01
1.226586e+01
1.236986e+01
1.247386e+01
1.257788e+01
1.268188e+01
1.278586e+01
1.288986e+01
1.299373e+01
1.309775e+01
1.320161e+01
1.330561e+01
1.340948e+01
1.351336e+01
1.361724e+01
1.372124e+01
1.382513e+01
1.392886e+01
1.403274e+01
1.413649e+01
1.424024e+01
1.434399e+01
1.444776e+01
1.455149e+01
1.465524e+01
1.475899e+01
1.486274e+01
1.496648e+01
1.507024e+01
1.517401e+01
1.527774e+01
1.538149e+01
1.548524e+01
1.558899e+01
1.569276e+01
1.579649e+01
1.590037e+01
1.600412e+01
1.610799e+01
1.621175e+01
1.631561e+01
1.641950e+01
1.652324e+01
1.662712e+01
1.673087e+01
1.683474e+01
1.693851e+01
1.704236e+01
1.714616e+01
1.724999e+01
1.735375e+01
1.745766e+01
1.756149e+01
1.766539e+01
1.776911e+01
1.787309e+01
1.797686e+01
1.808074e+01
1.818449e+01
1.828836e+01
1.839211e+01
1.849587e+01
1.859961e+01
1.870351e+01
1.880724e+01
1.891099e+01
1.901476e+01
1.911862e+01
1.922239e+01
1.932614e+01
1.942987e+01
1.953349e+01
1.963724e+01
1.974099e+01
1.984474e+01
1.994861e+01
2.005237e+01
2.015612e+01
2.025999e+01
2.036377e+01
2.046749e+01
2.057136e+01
2.067513e+01
2.077889e+01
2.088262e+01
2.098624e+01
2.108999e+01
2.119374e+01
2.129751e+01
2.140124e+01
2.150499e+01
2.160875e+01
2.171249e+01
2.181637e+01
2.192012e+01
2.202387e+01
2.212774e+01
2.223149e+01
2.233525e+01
2.243902e+01
2.254287e+01
2.264662e+01
2.275037e+01
2.285424e+01
2.295799e+01
2.306187e+01
2.316562e+01
2.326937e+01
2.337325e+01
2.347712e+01
2.358099e+01
2.368474e+01
2.378862e+01
2.389237e+01
2.399627e+01
2.410000e+01
2.420387e+01
2.430775e+01
2.441149e+01
2.451524e+01
2.461902e+01
2.472287e+01
2.482662e+01
2.493050e+01
2.503437e+01
2.513814e+01
2.524199e+01
2.534587e+01
2.544975e+01
2.555362e+01
2.565750e+01
2.576149e+01
2.586537e+01
2.596925e+01
2.607314e+01
2.617712e+01
2.628100e+01
2.638487e+01
2.648887e+01
2.659275e+01
2.669675e+01
2.680063e+01
2.690461e+01
2.700849e+01
2.711250e+01
2.721649e+01
2.732060e+01
2.742460e+01
2.752860e+01
2.763250e+01
2.773648e+01
2.784047e+01
2.794428e+01
2.804812e+01
2.815200e+01
2.825575e+01
2.835962e+01
2.846350e+01
2.856724e+01
2.867114e+01
2.877487e+01
2.887862e+01
2.898239e+01
2.908602e+01
2.918962e+01
2.929339e+01
2.939700e+01
2.950087e+01
2.960440e+01
2.970799e+01
2.981177e+01
2.991544e+01
3.001924e+01
3.012300e+01
3.022694e+01
3.033040e+01
3.043425e+01
3.053800e+01
3.064177e+01
3.074550e+01
3.084937e+01
3.095327e+01
3.105700e+01
3.116075e+01
3.126464e+01
3.136850e+01
3.147225e+01
3.157613e+01
3.167987e+01
3.178375e+01
3.188750e+01
3.199139e+01
3.209513e+01
3.219887e+01
3.230263e+01
3.240637e+01
3.251013e+01
3.261388e+01
3.271762e+01
3.282137e+01
3.292513e+01
3.302889e+01
3.313266e+01
3.323637e+01
3.334013e+01
3.344392e+01
3.354764e+01
3.365138e+01
3.375521e+01
3.385878e+01
3.396250e+01
3.406612e+01
3.416988e+01
3.427367e+01
3.438042e+01
3.448120e+01
3.458490e+01
3.468866e+01
3.479239e+01
3.489616e+01
3.499991e+01
3.510364e+01
3.520744e+01
3.531116e+01
3.541496e+01
3.551863e+01
3.562239e+01
3.572630e+01
3.583006e+01
3.593381e+01
3.603758e+01
3.614131e+01
3.624502e+01
3.635250e+01
3.645295e+01
3.655628e+01
3.666007e+01
3.676378e+01
3.686769e+01
3.697141e+01
3.707674e+01
3.717881e+01
3.728253e+01
3.738627e+01
3.749008e+01
3.759378e+01
3.769755e+01
3.780145e+01
3.790519e+01
3.800891e+01
3.811265e+01
3.821653e+01
3.832040e+01
3.842423e+01
3.852803e+01
3.863184e+01
3.873573e+01
3.883948e+01
3.894326e+01
3.904711e+01
3.915088e+01
3.925464e+01
3.935851e+01
3.946226e+01
3.956601e+01
3.966975e+01
3.977350e+01
3.987726e+01
3.998101e+01
4.008476e+01
4.018850e+01
4.029225e+01
4.039600e+01
4.049988e+01
4.060375e+01
4.070763e+01
4.081150e+01
4.091550e+01
4.101963e+01
4.112390e+01
4.122801e+01
4.133216e+01
4.143640e+01
4.154063e+01
4.164489e+01
4.174904e+01
4.185338e+01
4.195775e+01
4.206191e+01
4.216628e+01
4.227064e+01
4.237488e+01
4.247900e+01
4.258325e+01
4.268740e+01
4.279161e+01
4.289594e+01
4.299985e+01
4.310394e+01
4.320810e+01
4.331204e+01
4.341601e+01
4.352009e+01
4.362413e+01
4.372795e+01
4.383193e+01
4.393577e+01
4.403973e+01
4.414364e+01
4.424750e+01
4.435126e+01
4.445536e+01
4.455877e+01
4.466241e+01
4.476604e+01
4.486976e+01
4.497351e+01
4.507734e+01
4.518089e+01
4.528452e+01
4.538815e+01
4.549189e+01
4.559564e+01
4.569925e+01
4.580302e+01
4.590667e+01
4.601043e+01
4.611435e+01
4.621846e+01
4.632159e+01
4.642527e+01
4.652905e+01
4.663276e+01
4.673653e+01
4.684050e+01
4.694420e+01
4.704794e+01
4.715166e+01
4.725554e+01
4.735928e+01
4.746313e+01
4.756688e+01
4.767063e+01
4.777438e+01
4.787827e+01
4.798202e+01
4.808576e+01
4.818951e+01
4.829338e+01
4.839713e+01
4.850101e+01
4.860476e+01
4.870863e+01
4.881251e+01
4.891638e+01
4.902031e+01
4.912413e+01
4.922814e+01
4.933213e+01
4.943615e+01
4.954026e+01
4.964428e+01
4.974839e+01
4.985253e+01
4.995663e+01
5.006078e+01
5.016489e+01
5.026901e+01
5.037313e+01
5.047741e+01
5.058151e+01
5.068563e+01
5.078976e+01
5.089388e+01
5.099813e+01
5.110238e+01
5.120663e+01
5.131089e+01
5.141501e+01
5.151913e+01
5.162326e+01
5.172741e+01
5.183153e+01
5.193552e+01
5.203951e+01
5.214339e+01
5.224726e+01
5.235117e+01
5.245491e+01
5.255876e+01
5.266251e+01
5.276626e+01
5.287001e+01
5.297376e+01
5.307739e+01
5.318117e+01
5.328476e+01
5.338839e+01
5.349203e+01
5.359576e+01
5.369939e+01
5.380301e+01
5.390676e+01
5.401051e+01
5.411414e+01
5.421789e+01
5.432164e+01
5.442539e+01
5.452914e+01
5.463276e+01
5.473651e+01
5.484026e+01
5.494401e+01
5.504764e+01
5.515139e+01
5.525514e+01
5.535877e+01
5.546251e+01
5.556614e+01
5.566989e+01
5.577364e+01
5.587727e+01
5.598102e+01
5.608478e+01
5.618851e+01
5.629214e+01
5.639589e+01
5.649964e+01
5.660339e+01
5.670714e+01
5.681089e+01
5.691476e+01
5.701852e+01
5.712239e+01
5.722614e+01
5.732989e+01
5.743378e+01
5.753764e+01
5.764139e+01
5.774527e+01
5.784901e+01
5.795289e+01
5.805677e+01
5.816064e+01
5.826451e+01
5.836841e+01
5.847227e+01
5.857614e+01
5.867989e+01
5.878377e+01
5.888751e+01
5.899139e+01
5.909514e+01
5.919889e+01
5.930264e+01
5.940639e+01
5.951014e+01
5.961389e+01
5.971764e+01
5.982139e+01
5.992527e+01
6.002902e+01
6.013280e+01
6.023664e+01
6.034052e+01
6.044427e+01
6.054814e+01
6.065189e+01
6.075577e+01
6.085952e+01
6.096339e+01
6.106714e+01
6.117101e+01
6.127490e+01
6.137877e+01
6.148266e+01
6.158639e+01
6.169027e+01
6.179416e+01
6.189802e+01
6.200191e+01
6.210589e+01
6.220977e+01
6.231364e+01
6.241752e+01
6.252154e+01
6.262539e+01
6.272939e+01
6.283327e+01
6.293728e+01
6.304129e+01
6.314527e+01
6.324927e+01
6.335327e+01
6.345729e+01
6.356114e+01
6.366515e+01
6.376915e+01
6.387302e+01
6.397677e+01
6.408065e+01
6.418452e+01
6.428839e+01
6.439227e+01
6.449614e+01
6.460002e+01
6.470390e+01
6.480777e+01
6.491165e+01
6.501552e+01
6.511940e+01
6.522327e+01
6.532715e+01
6.543102e+01
6.553490e+01
6.563877e+01
6.574252e+01
6.584629e+01
6.595014e+01
6.605390e+01
6.615765e+01
6.626139e+01
6.636515e+01
6.646902e+01
6.657277e+01
6.667665e+01
6.678040e+01
6.688427e+01
6.698802e+01
6.709177e+01
6.719552e+01
6.729940e+01
6.740327e+01
6.750714e+01
6.761102e+01
6.771491e+01
6.781877e+01
6.792265e+01
6.802652e+01
6.813058e+01
6.823441e+01
6.833840e+01
6.844240e+01
6.854640e+01
6.865027e+01
6.875427e+01
6.885827e+01
6.896216e+01
6.906615e+01
6.917015e+01
6.927402e+01
6.937802e+01
6.948202e+01
6.958590e+01
6.968979e+01
6.979365e+01
6.989752e+01
7.000128e+01
7.010515e+01
7.020890e+01
7.031277e+01
7.041652e+01
7.052027e+01
7.062403e+01
7.072790e+01
7.083165e+01
7.093540e+01
7.103917e+01
7.114302e+01
7.124679e+01
7.135053e+01
7.145427e+01
7.155802e+01
7.166177e+01
7.176556e+01
7.186915e+01
7.197290e+01
7.207654e+01
7.218015e+01
7.228377e+01
7.238740e+01
7.249103e+01
7.259466e+01
7.269828e+01
7.280203e+01
7.290565e+01
7.300940e+01
7.311315e+01
7.321692e+01
7.332065e+01
7.342440e+01
7.352815e+01
7.363190e+01
7.373565e+01
7.383940e+01
7.394315e+01
7.404690e+01
7.415065e+01
7.425440e+01
7.435815e+01
7.446190e+01
7.456567e+01
7.466953e+01
7.477328e+01
7.487725e+01
7.498119e+01
7.508517e+01
7.518915e+01
7.529303e+01
7.539703e+01
7.550103e+01
7.560503e+01
7.570904e+01
7.581315e+01
7.591728e+01
7.602140e+01
7.612553e+01
7.622965e+01
7.633378e+01
7.643790e+01
7.654215e+01
7.664628e+01
7.675055e+01
7.685478e+01
7.695903e+01
7.706328e+01
7.716753e+01
7.727178e+01
7.737590e+01
7.748015e+01
7.758428e+01
7.768841e+01
7.779253e+01
7.789653e+01
7.800056e+01
7.810453e+01
7.820853e+01
7.831254e+01
7.841641e+01
7.852042e+01
7.862430e+01
7.872828e+01
7.883215e+01
7.893604e+01
7.903978e+01
7.914365e+01
7.924753e+01
7.935141e+01
7.945528e+01
7.955916e+01
7.966303e+01
7.976691e+01
7.987078e+01
7.997465e+01
8.007854e+01
8.018228e+01
8.028617e+01
8.038991e+01
8.049378e+01
8.059753e+01
8.070128e+01
8.080516e+01
8.090878e+01
8.101254e+01
8.111630e+01
8.121991e+01
8.132366e+01
8.142728e+01
8.153103e+01
8.163466e+01
8.173841e+01
8.184203e+01
8.194566e+01
8.204941e+01
8.215303e+01
8.225678e+01
8.236053e+01
8.246429e+01
8.256791e+01
8.267166e+01
8.277541e+01
8.287916e+01
8.298278e+01
8.308653e+01
8.319016e+01
8.329391e+01
8.339753e+01
8.350128e+01
8.360504e+01
8.370878e+01
8.381266e+01
8.391653e+01
8.402041e+01
8.412441e+01
8.422841e+01
8.433256e+01
8.443666e+01
8.454091e+01
8.464516e+01
8.474954e+01
8.485391e+01
8.495818e+01
8.506255e+01
8.516678e+01
8.527116e+01
8.537541e+01
8.547966e+01
8.558379e+01
8.568791e+01
8.579216e+01
8.589628e+01
8.600029e+01
8.610441e+01
8.620841e+01
8.631254e+01
8.641654e+01
8.652054e+01
8.662441e+01
8.672841e+01
8.683230e+01
8.693616e+01
8.704004e+01
8.714391e+01
8.724779e+01
8.735166e+01
8.745554e+01
8.755941e+01
8.766328e+01
8.776716e+01
8.787104e+01
8.797479e+01
8.807866e+01
8.818254e+01
8.828642e+01
8.839029e+01
8.849416e+01
8.859804e+01
8.870191e+01
8.880591e+01
8.890991e+01
8.901392e+01
8.911779e+01
8.922179e+01
8.932581e+01
8.942966e+01
8.953379e+01
8.963779e+01
8.974179e+01
8.984579e+01
8.994979e+01
9.005379e+01
9.015779e+01
9.026181e+01
9.036579e+01
9.046979e+01
9.057381e+01
9.067779e+01
9.078183e+01
9.088591e+01
9.098992e+01
9.109391e+01
9.119806e+01
9.130204e+01
9.140604e+01
9.151006e+01
9.161392e+01
9.171792e+01
9.182191e+01
9.192581e+01
9.202979e+01
9.213367e+01
9.223766e+01
9.234156e+01
9.244554e+01
9.254942e+01
9.265342e+01
9.275742e+01
9.286142e+01
9.296541e+01
9.306941e+01
9.317341e+01
9.327729e+01
9.338129e+01
9.348529e+01
9.358929e+01
9.369329e+01
9.379717e+01
9.390117e+01
9.400506e+01
9.410904e+01
9.421304e+01
9.431704e+01
9.442092e+01
9.452492e+01
9.462892e+01
9.473279e+01
9.483679e+01
9.494067e+01
9.504455e+01
9.514854e+01
9.525241e+01
9.535629e+01
9.546017e+01
9.556404e+01
9.566804e+01
9.577192e+01
9.587579e+01
9.597979e+01
9.608367e+01
9.618767e+01
9.629155e+01
9.639554e+01
9.649942e+01
9.660342e+01
9.670729e+01
9.681129e+01
9.691517e+01
9.701921e+01
9.712304e+01
9.722704e+01
9.733106e+01
9.743505e+01
9.753904e+01
9.764292e+01
9.774692e+01
9.785092e+01
9.795492e+01
9.805879e+01
9.816279e+01
9.826667e+01
9.837067e+01
9.847467e+01
9.857856e+01
9.868254e+01
9.878655e+01
9.889054e+01
9.899442e+01
9.909842e+01
9.920242e+01
9.930629e+01
9.941030e+01
9.951429e+01
9.961829e+01
9.972217e+01
9.982618e+01
9.993005e+01
1.000341e+02
1.001379e+02
1.002419e+02
1.003458e+02
1.004497e+02
1.005537e+02
1.006575e+02
1.007614e+02
1.008654e+02
1.009694e+02
1.010734e+02
1.011773e+02
1.012813e+02
1.013853e+02
1.014892e+02
1.015932e+02
1.016972e+02
1.018011e+02
1.019051e+02
1.020089e+02
1.021131e+02
1.022171e+02
1.023212e+02
1.024253e+02
1.025294e+02
1.026336e+02
1.027377e+02
1.028417e+02
1.029458e+02
1.030499e+02
1.031540e+02
1.032582e+02
1.033624e+02
1.034666e+02
1.035708e+02
1.036752e+02
1.037793e+02
1.038836e+02
1.039878e+02
1.040919e+02
1.041962e+02
1.043002e+02
1.044043e+02
1.045084e+02
1.046124e+02
1.047164e+02
1.048205e+02
1.049247e+02
1.050287e+02
1.051328e+02
1.052369e+02
1.053410e+02
1.054452e+02
1.055492e+02
1.056533e+02
1.057573e+02
1.058612e+02
1.059650e+02
1.060688e+02
1.061726e+02
1.062763e+02
1.063799e+02
1.064837e+02
1.065873e+02
1.066909e+02
1.067946e+02
1.068983e+02
1.070019e+02
1.071056e+02
1.072093e+02
1.073130e+02
1.074166e+02
1.075203e+02
1.076240e+02
1.077278e+02
1.078314e+02
1.079352e+02
1.080389e+02
1.081427e+02
1.082466e+02
1.083503e+02
1.084541e+02
1.085579e+02
1.086618e+02
1.087656e+02
1.088694e+02
1.089733e+02
1.090772e+02
1.091810e+02
1.092848e+02
1.093886e+02
1.094923e+02
1.095962e+02
1.096999e+02
1.098038e+02
1.099076e+02
1.100114e+02
1.101153e+02
1.102192e+02
1.103231e+02
1.104269e+02
1.105308e+02
1.106348e+02
1.107388e+02
1.108428e+02
1.109469e+02
1.110511e+02
1.111553e+02
1.112596e+02
1.113638e+02
1.114682e+02
1.115726e+02
1.116769e+02
1.117813e+02
1.118856e+02
1.119898e+02
1.120941e+02
1.121982e+02
1.123023e+02
1.124066e+02
1.125107e+02
1.126148e+02
1.127189e+02
1.128231e+02
1.129272e+02
1.130312e+02
1.131352e+02
1.132392e+02
1.133431e+02
1.134470e+02
1.135507e+02
1.136546e+02
1.137583e+02
1.138621e+02
1.139659e+02
1.140696e+02
1.141733e+02
1.142769e+02
1.143807e+02
1.144844e+02
1.145882e+02
1.146918e+02
1.147956e+02
1.148992e+02
1.150029e+02
1.151066e+02
1.152103e+02
1.153141e+02
1.154178e+02
1.155217e+02
1.156254e+02
1.157292e+02
1.158331e+02
1.159368e+02
1.160406e+02
1.161445e+02
1.162482e+02
1.163521e+02
1.164558e+02
1.165597e+02
1.166635e+02
1.167673e+02
1.168711e+02
1.169748e+02
1.170787e+02
1.171824e+02
1.172862e+02
1.173901e+02
1.174939e+02
1.175977e+02
1.177016e+02
1.178054e+02
1.179093e+02
1.180132e+02
1.181171e+02
1.182208e+02
1.183247e+02
1.184286e+02
1.185324e+02
1.186363e+02
1.187401e+02
1.188438e+02
1.189476e+02
1.190515e+02
1.191552e+02
1.192591e+02
1.193628e+02
1.194666e+02
1.195703e+02
1.196742e+02
1.197779e+02
1.198817e+02
1.199854e+02
1.200893e+02
1.201931e+02
1.202968e+02
1.204007e+02
1.205046e+02
1.206083e+02
1.207122e+02
1.208161e+02
1.209201e+02
1.210239e+02
1.211278e+02
1.212318e+02
1.213357e+02
1.214396e+02
1.215436e+02
1.216474e+02
1.217514e+02
1.218553e+02
1.219596e+02
1.220634e+02
1.221672e+02
1.222711e+02
1.223751e+02
1.224789e+02
1.225830e+02
1.226867e+02
1.227907e+02
1.228947e+02
1.229995e+02
1.231034e+02
1.232064e+02
1.233102e+02
1.234142e+02
1.235181e+02
1.236221e+02
1.237260e+02
1.238299e+02
1.239340e+02
1.240379e+02
1.241417e+02
1.242456e+02
1.243497e+02
1.244535e+02
1.245575e+02
1.246613e+02
1.247652e+02
1.248692e+02
1.249731e+02
1.250770e+02
1.251810e+02
1.252848e+02
1.253887e+02
1.254926e+02
1.255966e+02
1.257005e+02
1.258045e+02
1.259083e+02
1.260125e+02
1.261164e+02
1.262203e+02
1.263243e+02
1.264282e+02
1.265323e+02
1.266362e+02
1.267402e+02
1.268442e+02
1.269482e+02
1.270525e+02
1.271563e+02
1.272602e+02
1.273642e+02
1.274682e+02
1.275723e+02
1.276763e+02
1.277804e+02
1.278845e+02
1.279884e+02
1.280926e+02
1.281970e+02
1.283008e+02
1.284048e+02
1.285087e+02
1.286130e+02
1.287170e+02
1.288209e+02
1.289249e+02
1.290290e+02
1.291330e+02
1.292370e+02
1.293410e+02
1.294449e+02
1.295496e+02
1.296538e+02
1.297570e+02
1.298610e+02
1.299650e+02
1.300691e+02
1.301731e+02
1.302771e+02
1.303811e+02
1.304855e+02
1.305893e+02
1.306932e+02
1.307972e+02
1.309012e+02
1.310053e+02
1.311093e+02
1.312141e+02
1.313183e+02
1.314215e+02
1.315255e+02
1.316294e+02
1.317335e+02
1.318375e+02
1.319415e+02
1.320456e+02
1.321499e+02
1.322554e+02
1.323575e+02
1.324620e+02
1.325669e+02
1.326696e+02
1.327737e+02
1.328776e+02
1.329816e+02
1.330856e+02
1.331896e+02
1.332936e+02
1.333976e+02
1.335017e+02
1.336058e+02
1.337099e+02
1.338141e+02
1.339181e+02
1.340223e+02
1.341264e+02
1.342306e+02
1.343348e+02
1.344390e+02
1.345432e+02
1.346473e+02
1.347516e+02
1.348557e+02
1.349598e+02
1.350638e+02
1.351679e+02
1.352719e+02
1.353761e+02
1.354802e+02
1.355843e+02
1.356885e+02
1.357926e+02
1.358967e+02
1.360008e+02
1.361051e+02
1.362092e+02
1.363133e+02
1.364176e+02
1.365217e+02
1.366260e+02
1.367302e+02
1.368344e+02
1.369386e+02
1.370429e+02
1.371471e+02
1.372513e+02
1.373555e+02
1.374597e+02
1.375637e+02
1.376678e+02
1.377718e+02
1.378758e+02
1.379797e+02
1.380836e+02
1.381875e+02
1.382913e+02
1.383951e+02
1.384990e+02
1.386028e+02
1.387066e+02
1.388103e+02
1.389141e+02
1.390178e+02
1.391215e+02
1.392251e+02
1.393287e+02
1.394325e+02
1.395361e+02
1.396398e+02
1.397436e+02
1.398474e+02
1.399511e+02
1.400548e+02
1.401586e+02
1.402625e+02
1.403662e+02
1.404700e+02
1.405738e+02
1.406777e+02
1.407816e+02
1.408855e+02
1.409893e+02
1.410933e+02
1.411972e+02
1.413012e+02
1.414051e+02
1.415091e+02
1.416131e+02
1.417170e+02
1.418210e+02
1.419250e+02
1.420288e+02
1.421329e+02
1.422368e+02
1.423408e+02
1.424448e+02
1.425487e+02
1.426527e+02
1.427567e+02
1.428606e+02
1.429646e+02
1.430686e+02
1.431726e+02
1.432766e+02
1.433806e+02
1.434846e+02
1.435886e+02
1.436926e+02
1.437966e+02
1.439006e+02
1.440046e+02
1.441086e+02
1.442126e+02
1.443166e+02
1.444206e+02
1.445247e+02
1.446287e+02
1.447327e+02
1.448368e+02
1.449408e+02
1.450448e+02
1.451489e+02
1.452528e+02
1.453569e+02
1.454608e+02
1.455648e+02
1.456687e+02
1.457726e+02
1.458766e+02
1.459805e+02
1.460845e+02
1.461883e+02
1.462923e+02
1.463962e+02
1.465002e+02
1.466041e+02
1.467080e+02
1.468120e+02
1.469160e+02
1.470200e+02
1.471238e+02
1.472278e+02
1.473318e+02
1.474359e+02
1.475398e+02
1.476440e+02
1.477480e+02
1.478520e+02
1.479561e+02
1.480601e+02
1.481642e+02
1.482682e+02
1.483723e+02
1.484765e+02
1.485806e+02
1.486847e+02
1.487888e+02
1.488930e+02
1.489970e+02
1.491010e+02
1.492050e+02
1.493088e+02
1.494127e+02
1.495166e+02
1.496205e+02
1.497243e+02
1.498282e+02
1.499321e+02
1.500360e+02
1.501397e+02
1.502436e+02
1.503475e+02
1.504513e+02
1.505553e+02
1.506592e+02
1.507631e+02
1.508670e+02
1.509708e+02
1.510747e+02
1.511785e+02
1.512823e+02
1.513861e+02
1.514900e+02
1.515937e+02
1.516976e+02
1.518015e+02
1.519053e+02
1.520092e+02
1.521131e+02
1.522171e+02
1.523210e+02
1.524250e+02
1.525290e+02
1.526328e+02
1.527367e+02
1.528407e+02
1.529447e+02
1.530487e+02
1.531527e+02
1.532567e+02
1.533607e+02
1.534647e+02
1.535686e+02
1.536726e+02
1.537766e+02
1.538805e+02
1.539845e+02
1.540883e+02
1.541923e+02
1.542962e+02
1.544002e+02
1.545041e+02
1.546081e+02
1.547120e+02
1.548160e+02
1.549200e+02
1.550240e+02
1.551280e+02
1.552319e+02
1.553358e+02
1.554397e+02
1.555436e+02
1.556476e+02
1.557515e+02
1.558555e+02
1.559594e+02
1.560634e+02
1.561673e+02
1.562713e+02
1.563753e+02
1.564792e+02
1.565832e+02
1.566872e+02
1.567913e+02
1.568952e+02
1.569993e+02
1.571033e+02
1.572072e+02
1.573112e+02
1.574152e+02
1.575192e+02
1.576232e+02
1.577272e+02
1.578312e+02
1.579352e+02
1.580393e+02
1.581435e+02
1.582476e+02
1.583517e+02
1.584558e+02
1.585600e+02
1.586641e+02
1.587681e+02
1.588722e+02
1.589762e+02
1.590801e+02
1.591840e+02
1.592877e+02
1.593914e+02
1.594951e+02
1.595988e+02
1.597026e+02
1.598062e+02
1.599100e+02
1.600136e+02
1.601173e+02
1.602212e+02
1.603250e+02
1.604288e+02
1.605326e+02
1.606365e+02
1.607402e+02
1.608441e+02
1.609480e+02
1.610518e+02
1.611556e+02
1.612595e+02
1.613635e+02
1.614673e+02
1.615713e+02
1.616752e+02
1.617791e+02
1.618831e+02
1.619870e+02
1.620908e+02
1.621948e+02
1.622988e+02
1.624027e+02
1.625067e+02
1.626107e+02
1.627146e+02
1.628186e+02
1.629225e+02
1.630265e+02
1.631304e+02
1.632342e+02
1.633382e+02
1.634421e+02
1.635460e+02
1.636500e+02
1.637540e+02
1.638578e+02
1.639618e+02
1.640657e+02
1.641697e+02
1.642736e+02
1.643776e+02
1.644816e+02
1.645856e+02
1.646895e+02
1.647935e+02
1.648975e+02
1.650015e+02
1.651055e+02
1.652095e+02
1.653135e+02
1.654173e+02
1.655213e+02
1.656254e+02
1.657292e+02
1.658331e+02
1.659370e+02
1.660409e+02
1.661447e+02
1.662485e+02
1.663523e+02
1.664561e+02
1.665600e+02
1.666637e+02
1.667675e+02
1.668714e+02
1.669751e+02
1.670788e+02
1.671826e+02
1.672864e+02
1.673901e+02
1.674938e+02
1.675976e+02
1.677013e+02
1.678050e+02
1.679087e+02
1.680125e+02
1.681162e+02
1.682200e+02
1.683236e+02
1.684275e+02
1.685312e+02
1.686350e+02
1.687390e+02
1.688429e+02
1.689468e+02
1.690510e+02
1.691551e+02
1.692592e+02
1.693634e+02
1.694675e+02
1.695715e+02
1.696755e+02
1.697794e+02
1.698835e+02
1.699874e+02
1.700914e+02
1.701954e+02
1.702994e+02
1.704034e+02
1.705074e+02
1.706115e+02
1.707157e+02
1.708199e+02
1.709241e+02
1.710282e+02
1.711324e+02
1.712365e+02
1.713405e+02
1.714446e+02
1.715487e+02
1.716529e+02
1.717570e+02
1.718611e+02
1.719651e+02
1.720692e+02
1.721732e+02
1.722772e+02
1.723812e+02
1.724852e+02
1.725892e+02
1.726932e+02
1.727974e+02
1.729014e+02
1.730054e+02
1.731095e+02
1.732135e+02
1.733175e+02
1.734214e+02
1.735254e+02
1.736294e+02
1.737332e+02
1.738372e+02
1.739411e+02
1.740450e+02
1.741490e+02
1.742530e+02
1.743570e+02
1.744609e+02
1.745649e+02
1.746689e+02
1.747730e+02
1.748770e+02
1.749810e+02
1.750851e+02
1.751891e+02
1.752932e+02
1.753974e+02
1.755015e+02
1.756055e+02
1.757096e+02
1.758136e+02
1.759176e+02
1.760216e+02
1.761255e+02
1.762294e+02
1.763332e+02
1.764371e+02
1.765409e+02
1.766447e+02
1.767485e+02
1.768523e+02
1.769560e+02
1.770599e+02
1.771636e+02
1.772674e+02
1.773712e+02
1.774750e+02
1.775790e+02
1.776827e+02
1.777865e+02
1.778904e+02
1.779941e+02
1.780980e+02
1.782017e+02
1.783055e+02
1.784094e+02
1.785131e+02
1.786170e+02
1.787207e+02
1.788246e+02
1.789284e+02
1.790322e+02
1.791360e+02
1.792399e+02
1.793436e+02
1.794475e+02
1.795514e+02
1.796550e+02
1.797589e+02
1.798626e+02
1.799664e+02
1.800701e+02
1.801739e+02
1.802777e+02
1.803815e+02
1.804854e+02
1.805890e+02
1.806928e+02
1.807965e+02
1.809001e+02
1.810039e+02
1.811076e+02
1.812114e+02
1.813151e+02
1.814189e+02
1.815226e+02
1.816264e+02
1.817302e+02
1.818340e+02
1.819379e+02
1.820418e+02
1.821455e+02
1.822494e+02
1.823531e+02
1.824569e+02
1.825607e+02
1.826645e+02
1.827684e+02
1.828721e+02
1.829759e+02
1.830796e+02
1.831835e+02
1.832872e+02
1.833911e+02
1.834949e+02
1.835986e+02
1.837025e+02
1.838062e+02
1.839101e+02
1.840139e+02
1.841177e+02
1.842215e+02
1.843254e+02
1.844291e+02
1.845329e+02
1.846366e+02
1.847405e+02
1.848442e+02
1.849481e+02
1.850519e+02
1.851557e+02
1.852595e+02
1.853634e+02
1.854671e+02
1.855710e+02
1.856749e+02
1.857786e+02
1.858825e+02
1.859862e+02
1.860901e+02
1.861940e+02
1.862979e+02
1.864017e+02
1.865056e+02
1.866096e+02
1.867135e+02
1.868175e+02
1.869214e+02
1.870254e+02
1.871293e+02
1.872332e+02
1.873371e+02
1.874411e+02
1.875451e+02
1.876490e+02
1.877530e+02
1.878570e+02
1.879610e+02
1.880650e+02
1.881690e+02
1.882729e+02
1.883769e+02
1.884807e+02
1.885846e+02
1.886886e+02
1.887925e+02
1.888964e+02
1.890002e+02
1.891041e+02
1.892079e+02
1.893116e+02
1.894154e+02
1.895190e+02
1.896226e+02
1.897264e+02
1.898301e+02
1.899338e+02
1.900376e+02
1.901412e+02
1.902450e+02
1.903487e+02
1.904525e+02
1.905562e+02
1.906599e+02
1.907636e+02
1.908674e+02
1.909710e+02
1.910748e+02
1.911786e+02
1.912824e+02
1.913863e+02
1.914903e+02
1.915942e+02
1.916983e+02
1.918022e+02
1.919062e+02
1.920102e+02
1.921142e+02
1.922182e+02
1.923222e+02
1.924265e+02
1.925305e+02
1.926347e+02
1.927389e+02
1.928430e+02
1.929470e+02
1.930511e+02
1.931551e+02
1.932592e+02
1.933632e+02
1.934674e+02
1.935715e+02
1.936756e+02
1.937797e+02
1.938840e+02
1.939881e+02
1.940922e+02
1.941965e+02
1.943006e+02
1.944049e+02
1.945090e+02
1.946132e+02
1.947174e+02
1.948215e+02
1.949256e+02
1.950296e+02
1.951337e+02
1.952377e+02
1.953417e+02
1.954456e+02
1.955496e+02
1.956536e+02
1.957575e+02
1.958615e+02
1.959655e+02
1.960694e+02
1.961734e+02
1.962772e+02
1.963811e+02
1.964851e+02
1.965890e+02
1.966929e+02
1.967969e+02
1.969007e+02
1.970046e+02
1.971086e+02
1.972125e+02
1.973164e+02
1.974204e+02
1.975241e+02
1.976281e+02
1.977319e+02
1.978358e+02
1.979398e+02
1.980436e+02
1.981477e+02
1.982519e+02
1.983560e+02
1.984602e+02
1.985645e+02
1.986689e+02
1.987733e+02
1.988776e+02
1.989820e+02
1.990864e+02
1.991908e+02
1.992951e+02
1.993995e+02
1.995037e+02
1.996080e+02
1.997123e+02
1.998165e+02
1.999206e+02
2.000247e+02
2.001289e+02
2.002329e+02
2.003369e+02
2.004409e+02
2.005448e+02
2.006486e+02
2.007525e+02
2.008565e+02
2.009604e+02
2.010643e+02
2.011682e+02
2.012722e+02
2.013763e+02
2.014801e+02
2.015841e+02
2.016881e+02
2.017920e+02
2.018960e+02
2.019999e+02
2.021038e+02
2.022076e+02
2.023115e+02
2.024154e+02
2.025206e+02
2.026232e+02
2.027270e+02
2.028308e+02
2.029346e+02
2.030384e+02
2.031421e+02
2.032460e+02
2.033498e+02
2.034536e+02
2.035574e+02
2.036613e+02
2.037650e+02
2.038689e+02
2.039726e+02
2.040764e+02
2.041800e+02
2.042837e+02
2.043875e+02
2.044914e+02
2.045951e+02
2.046989e+02
2.048028e+02
2.049065e+02
2.050104e+02
2.051143e+02
2.052180e+02
2.053219e+02
2.054258e+02
2.055298e+02
2.056336e+02
2.057375e+02
2.058415e+02
2.059455e+02
2.060495e+02
2.061535e+02
2.062574e+02
2.063614e+02
2.064654e+02
2.065694e+02
2.066734e+02
2.067773e+02
2.068813e+02
2.069851e+02
2.070890e+02
2.071929e+02
2.072968e+02
2.074005e+02
2.075043e+02
2.076078e+02
2.077114e+02
2.078151e+02
2.079189e+02
2.080228e+02
2.081265e+02
2.082305e+02
2.083345e+02
2.084386e+02
2.085428e+02
2.086469e+02
2.087510e+02
2.088551e+02
2.089593e+02
2.090633e+02
2.091673e+02
2.092713e+02
2.093753e+02
2.094793e+02
2.095832e+02
2.096870e+02
2.097909e+02
2.098948e+02
2.099986e+02
2.101025e+02
2.102064e+02
2.103103e+02
2.104142e+02
2.105181e+02
2.106219e+02
2.107258e+02
2.108296e+02
2.109334e+02
2.110373e+02
2.111411e+02
2.112452e+02
2.113490e+02
2.114529e+02
2.115568e+02
2.116606e+02
2.117645e+02
2.118684e+02
2.119723e+02
2.120763e+02
2.121803e+02
2.122841e+02
2.123881e+02
2.124921e+02
2.125961e+02
2.127001e+02
2.128041e+02
2.129080e+02
2.130120e+02
2.131160e+02
2.132199e+02
2.133239e+02
2.134278e+02
2.135318e+02
2.136358e+02
2.137398e+02
2.138436e+02
2.139477e+02
2.140516e+02
2.141555e+02
2.142595e+02
2.143635e+02
2.144674e+02
2.145713e+02
2.146753e+02
2.147791e+02
2.148831e+02
2.149869e+02
2.150909e+02
2.151948e+02
2.152987e+02
2.154026e+02
2.155066e+02
2.156105e+02
2.157145e+02
2.158184e+02
2.159224e+02
2.160263e+02
2.161303e+02
2.162342e+02
2.163382e+02
2.164421e+02
2.165462e+02
2.166502e+02
2.167543e+02
2.168581e+02
2.169621e+02
2.170660e+02
2.171700e+02
2.172739e+02
2.173779e+02
2.174818e+02
2.175858e+02
2.176896e+02
2.177936e+02
2.178975e+02
2.180015e+02
2.181054e+02
2.182094e+02
2.183133e+02
2.184173e+02
2.185211e+02
2.186250e+02
2.187290e+02
2.188329e+02
2.189369e+02
2.190408e+02
2.191446e+02
2.192486e+02
2.193525e+02
2.194565e+02
2.195604e+02
2.196644e+02
2.197684e+02
2.198723e+02
2.199763e+02
2.200803e+02
2.201841e+02
2.202882e+02
2.203920e+02
2.204960e+02
2.206000e+02
2.207040e+02
2.208080e+02
2.209119e+02
2.210159e+02
2.211199e+02
2.212239e+02
2.213279e+02
2.214319e+02
2.215359e+02
2.216399e+02
2.217439e+02
2.218479e+02
2.219519e+02
2.220559e+02
2.221599e+02
2.222639e+02
2.223678e+02
2.224718e+02
2.225756e+02
2.226795e+02
2.227834e+02
2.228871e+02
2.229909e+02
2.230946e+02
2.231983e+02
2.233020e+02
2.234058e+02
2.235094e+02
2.236132e+02
2.237169e+02
2.238206e+02
2.239244e+02
2.240280e+02
2.241319e+02
2.242356e+02
2.243393e+02
2.244430e+02
2.245469e+02
2.246506e+02
2.247544e+02
2.248581e+02
2.249620e+02
2.250660e+02
2.251699e+02
2.252739e+02
2.253778e+02
2.254818e+02
2.255859e+02
2.256898e+02
2.257938e+02
2.258978e+02
2.260016e+02
2.261055e+02
2.262094e+02
2.263133e+02
2.264173e+02
2.265211e+02
2.266251e+02
2.267291e+02
2.268333e+02
2.269376e+02
2.270418e+02
2.271460e+02
2.272502e+02
2.273544e+02
2.274585e+02
2.275628e+02
2.276669e+02
2.277712e+02
2.278754e+02
2.279795e+02
2.280838e+02
2.281879e+02
2.282920e+02
2.283961e+02
2.285002e+02
2.286043e+02
2.287083e+02
2.288123e+02
2.289164e+02
2.290204e+02
2.291244e+02
2.292283e+02
2.293323e+02
2.294363e+02
2.295401e+02
2.296442e+02
2.297480e+02
2.298520e+02
2.299561e+02
2.300600e+02
2.301640e+02
2.302680e+02
2.303720e+02
2.304760e+02
2.305800e+02
2.306841e+02
2.307881e+02
2.308922e+02
2.309961e+02
2.311001e+02
2.312041e+02
2.313080e+02
2.314120e+02
2.315160e+02
2.316200e+02
2.317240e+02
2.318280e+02
2.319320e+02
2.320359e+02
2.321399e+02
2.322439e+02
2.323479e+02
2.324519e+02
2.325559e+02
2.326599e+02
2.327639e+02
2.328678e+02
2.329718e+02
2.330758e+02
2.331798e+02
2.332838e+02
2.333878e+02
2.334918e+02
2.335958e+02
2.336998e+02
2.338038e+02
2.339078e+02
2.340118e+02
2.341158e+02
2.342199e+02
2.343239e+02
2.344279e+02
2.345319e+02
2.346359e+02
2.347399e+02
2.348439e+02
2.349479e+02
2.350519e+02
2.351559e+02
2.352599e+02
2.353638e+02
2.354678e+02
2.355717e+02
2.356755e+02
2.357795e+02
2.358834e+02
2.359874e+02
2.360913e+02
2.361953e+02
2.362992e+02
2.364030e+02
2.365070e+02
2.366109e+02
2.367148e+02
2.368187e+02
2.369225e+02
2.370265e+02
2.371304e+02
2.372343e+02
2.373383e+02
2.374421e+02
2.375461e+02
2.376499e+02
2.377539e+02
2.378578e+02
2.379618e+02
2.380657e+02
2.381696e+02
2.382735e+02
2.383775e+02
2.384815e+02
2.385854e+02
2.386894e+02
2.387933e+02
2.388973e+02
2.390013e+02
2.391053e+02
2.392093e+02
2.393132e+02
2.394172e+02
2.395210e+02
2.396250e+02
2.397291e+02
2.398330e+02
2.399369e+02
2.400409e+02
2.401449e+02
2.402489e+02
2.403529e+02
2.404569e+02
2.405609e+02
2.406649e+02
2.407688e+02
2.408728e+02
2.409768e+02
2.410808e+02
2.411847e+02
2.412887e+02
2.413925e+02
2.414965e+02
2.416004e+02
2.417043e+02
2.418082e+02
2.419122e+02
2.420160e+02
2.421200e+02
2.422239e+02
2.423278e+02
2.424318e+02
2.425358e+02
2.426398e+02
2.427439e+02
2.428479e+02
2.429519e+02
2.430560e+02
2.431600e+02
2.432640e+02
2.433682e+02
2.434722e+02
2.435763e+02
2.436803e+02
2.437844e+02
2.438884e+02
2.439925e+02
2.440965e+02
2.442005e+02
2.443047e+02
2.444087e+02
2.445127e+02
2.446167e+02
2.447208e+02
2.448248e+02
2.449287e+02
2.450327e+02
2.451367e+02
2.452407e+02
2.453447e+02
2.454487e+02
2.455527e+02
2.456567e+02
2.457607e+02
2.458647e+02
2.459687e+02
2.460727e+02
2.461767e+02
2.462807e+02
2.463848e+02
2.464889e+02
2.465930e+02
2.466970e+02
2.468012e+02
2.469052e+02
2.470093e+02
2.471133e+02
2.472173e+02
2.473214e+02
2.474254e+02
2.475294e+02
2.476334e+02
2.477374e+02
2.478414e+02
2.479454e+02
2.480494e+02
2.481533e+02
2.482573e+02
2.483612e+02
2.484652e+02
2.485690e+02
2.486729e+02
2.487767e+02
2.488805e+02
2.489843e+02
2.490880e+02
2.491919e+02
2.492958e+02
2.493998e+02
2.495038e+02
2.496078e+02
2.497118e+02
2.498159e+02
2.499201e+02
2.500242e+02
2.501283e+02
2.502325e+02
2.503367e+02
2.504408e+02
2.505449e+02
2.506490e+02
2.507530e+02
2.508570e+02
2.509610e+02
2.510650e+02
2.511690e+02
2.512729e+02
2.513768e+02
2.514807e+02
2.515845e+02
2.516884e+02
2.517922e+02
2.518960e+02
2.519999e+02
2.521038e+02
2.522077e+02
2.523115e+02
2.524154e+02
2.525193e+02
2.526232e+02
2.527271e+02
2.528309e+02
2.529349e+02
2.530388e+02
2.531427e+02
2.532467e+02
2.533506e+02
2.534544e+02
2.535584e+02
2.536624e+02
2.537663e+02
2.538703e+02
2.539742e+02
2.540782e+02
2.541822e+02
2.542861e+02
2.543899e+02
2.544939e+02
2.545979e+02
2.547018e+02
2.548058e+02
2.549097e+02
2.550137e+02
2.551177e+02
2.552217e+02
2.553257e+02
2.554297e+02
2.555337e+02
2.556377e+02
2.557418e+02
2.558458e+02
2.559499e+02
2.560540e+02
2.561582e+02
2.562623e+02
2.563664e+02
2.564707e+02
2.565748e+02
2.566790e+02
2.567832e+02
2.568874e+02
2.569917e+02
2.570958e+02
2.572000e+02
2.573042e+02
2.574083e+02
2.575125e+02
2.576167e+02
2.577208e+02
2.578249e+02
2.579290e+02
2.580332e+02
2.581372e+02
2.582413e+02
2.583453e+02
2.584493e+02
2.585533e+02
2.586573e+02
2.587612e+02
2.588650e+02
2.589687e+02
2.590723e+02
2.591759e+02
2.592795e+02
2.593830e+02
2.594867e+02
2.595904e+02
2.596940e+02
2.597977e+02
2.599013e+02
2.600053e+02
2.601086e+02
2.602123e+02
2.603162e+02
2.604199e+02
2.605237e+02
2.606275e+02
2.607313e+02
2.608352e+02
2.609389e+02
2.610427e+02
2.611464e+02
2.612503e+02
2.613541e+02
2.614578e+02
2.615617e+02
2.616655e+02
2.617695e+02
2.618737e+02
2.619779e+02
2.620819e+02
2.621860e+02
2.622903e+02
2.623945e+02
2.624988e+02
2.626031e+02
2.627074e+02
2.628118e+02
2.629163e+02
2.630207e+02
2.631252e+02
2.632297e+02
2.633340e+02
2.634384e+02
2.635427e+02
2.636469e+02
2.637510e+02
2.638552e+02
2.639593e+02
2.640634e+02
2.641674e+02
2.642715e+02
2.643755e+02
2.644795e+02
2.645836e+02
2.646875e+02
2.647914e+02
2.648953e+02
2.649992e+02
2.651030e+02
2.652069e+02
2.653109e+02
2.654148e+02
2.655189e+02
2.656229e+02
2.657268e+02
2.658309e+02
2.659348e+02
2.660388e+02
2.661428e+02
2.662467e+02
2.663505e+02
2.664544e+02
2.665584e+02
2.666623e+02
2.667661e+02
2.668699e+02
2.669738e+02
2.670777e+02
2.671817e+02
2.672856e+02
2.673894e+02
2.674933e+02
2.675973e+02
2.677012e+02
2.678050e+02
2.679089e+02
2.680128e+02
2.681167e+02
2.682205e+02
2.683245e+02
2.684284e+02
2.685323e+02
2.686362e+02
2.687401e+02
2.688439e+02
2.689478e+02
2.690517e+02
2.691555e+02
2.692594e+02
2.693634e+02
2.694673e+02
2.695712e+02
2.696750e+02
2.697789e+02
2.698828e+02
2.699868e+02
2.700907e+02
2.701946e+02
2.702984e+02
2.704023e+02
2.705063e+02
2.706102e+02
2.707142e+02
2.708182e+02
2.709222e+02
2.710262e+02
2.711302e+02
2.712340e+02
2.713382e+02
2.714422e+02
2.715463e+02
2.716504e+02
2.717546e+02
2.718587e+02
2.719628e+02
2.720671e+02
2.721713e+02
2.722755e+02
2.723798e+02
2.724840e+02
2.725882e+02
2.726924e+02
2.727967e+02
2.729010e+02
2.730052e+02
2.731094e+02
2.732136e+02
2.733176e+02
2.734217e+02
2.735258e+02
2.736298e+02
2.737339e+02
2.738379e+02
2.739419e+02
2.740459e+02
2.741498e+02
2.742537e+02
2.743576e+02
2.744614e+02
2.745654e+02
2.746692e+02
2.747729e+02
2.748768e+02
2.749807e+02
2.750847e+02
2.751886e+02
2.752924e+02
2.753963e+02
2.755002e+02
2.756042e+02
2.757081e+02
2.758119e+02
2.759158e+02
2.760197e+02
2.761236e+02
2.762273e+02
2.763311e+02
2.764347e+02
2.765384e+02
2.766421e+02
2.767457e+02
2.768493e+02
2.769531e+02
2.770568e+02
2.771606e+02
2.772643e+02
2.773679e+02
2.774717e+02
2.775754e+02
2.776792e+02
2.777831e+02
2.778868e+02
2.779908e+02
2.780946e+02
2.781984e+02
2.783022e+02
2.784061e+02
2.785099e+02
2.786137e+02
2.787176e+02
2.788215e+02
2.789254e+02
2.790294e+02
2.791334e+02
2.792374e+02
2.793413e+02
2.794452e+02
2.795491e+02
2.796531e+02
2.797569e+02
2.798608e+02
2.799648e+02
2.800687e+02
2.801726e+02
2.802765e+02
2.803804e+02
2.804844e+02
2.805882e+02
2.806920e+02
2.807960e+02
2.808997e+02
2.810036e+02
2.811074e+02
2.812112e+02
2.813150e+02
2.814188e+02
2.815227e+02
2.816264e+02
2.817303e+02
2.818341e+02
2.819380e+02
2.820417e+02
2.821454e+02
2.822492e+02
2.823529e+02
2.824567e+02
2.825603e+02
2.826642e+02
2.827679e+02
2.828717e+02
2.829754e+02
2.830793e+02
2.831831e+02
2.832868e+02
2.833906e+02
2.834944e+02
2.835982e+02
2.837021e+02
2.838058e+02
2.839097e+02
2.840136e+02
2.841174e+02
2.842214e+02
2.843253e+02
2.844292e+02
2.845329e+02
2.846368e+02
2.847407e+02
2.848444e+02
2.849483e+02
2.850522e+02
2.851561e+02
2.852598e+02
2.853637e+02
2.854674e+02
2.855713e+02
2.856751e+02
2.857788e+02
2.858827e+02
2.859865e+02
2.860902e+02
2.861939e+02
2.862978e+02
2.864016e+02
2.865054e+02
2.866093e+02
2.867132e+02
2.868169e+02
2.869208e+02
2.870246e+02
2.871284e+02
2.872323e+02
2.873362e+02
2.874400e+02
2.875439e+02
2.876477e+02
2.877515e+02
2.878553e+02
2.879591e+02
2.880630e+02
2.881668e+02
2.882707e+02
2.883744e+02
2.884783e+02
2.885822e+02
2.886861e+02
2.887900e+02
2.888938e+02
2.889977e+02
2.891015e+02
2.892053e+02
2.893092e+02
2.894130e+02
2.895169e+02
2.896207e+02
2.897244e+02
2.898282e+02
2.899321e+02
2.900358e+02
2.901396e+02
2.902434e+02
2.903472e+02
2.904509e+02
2.905548e+02
2.906586e+02
2.907624e+02
2.908663e+02
2.909702e+02
2.910739e+02
2.911778e+02
2.912817e+02
2.913854e+02
2.914893e+02
2.915932e+02
2.916970e+02
2.918008e+02
2.919047e+02
2.920087e+02
2.921126e+02
2.922164e+02
2.923202e+02
2.924241e+02
2.925279e+02
2.926318e+02
2.927356e+02
2.928393e+02
2.929432e+02
2.930471e+02
2.931508e+02
2.932547e+02
2.933584e+02
2.934623e+02
2.935662e+02
2.936701e+02
2.937740e+02
2.938777e+02
2.939816e+02
2.940853e+02
2.941889e+02
2.942927e+02
2.943965e+02
2.945002e+02
2.946039e+02
2.947077e+02
2.948116e+02
2.949153e+02
2.950192e+02
2.951228e+02
2.952266e+02
2.953303e+02
2.954341e+02
2.955378e+02
2.956416e+02
2.957453e+02
2.958491e+02
2.959528e+02
2.960564e+02
2.961602e+02
2.962638e+02
2.963676e+02
2.964713e+02
2.965749e+02
2.966787e+02
2.967823e+02
2.968861e+02
2.969897e+02
2.970934e+02
2.971972e+02
2.973008e+02
2.974047e+02
2.975085e+02
2.976122e+02
2.977161e+02
2.978198e+02
2.979237e+02
2.980276e+02
2.981314e+02
2.982353e+02
2.983393e+02
2.984433e+02
2.985474e+02
2.986514e+02
2.987556e+02
2.988596e+02
2.989637e+02
2.990678e+02
2.991720e+02
2.992761e+02
2.993802e+02
2.994844e+02
2.995886e+02
2.996927e+02
2.997968e+02
2.999009e+02
3.000052e+02
3.001092e+02
3.002134e+02
3.003175e+02
3.004214e+02
3.005256e+02
3.006296e+02
3.007336e+02
3.008376e+02
3.009416e+02
3.010456e+02
3.011494e+02
3.012535e+02
3.013573e+02
3.014612e+02
3.015651e+02
3.016689e+02
3.017727e+02
3.018765e+02
3.019803e+02
3.020841e+02
3.021878e+02
3.022916e+02
3.023953e+02
3.024991e+02
3.026028e+02
3.027066e+02
3.028103e+02
3.029141e+02
3.030178e+02
3.031217e+02
3.032255e+02
3.033292e+02
3.034330e+02
3.035368e+02
3.036406e+02
3.037443e+02
3.038481e+02
3.039519e+02
3.040557e+02
3.041596e+02
3.042636e+02
3.043676e+02
3.044716e+02
3.045757e+02
3.046798e+02
3.047841e+02
3.048883e+02
3.049927e+02
3.050970e+02
3.052013e+02
3.053056e+02
3.054098e+02
3.055142e+02
3.056185e+02
3.057227e+02
3.058271e+02
3.059313e+02
3.060355e+02
3.061396e+02
3.062438e+02
3.063480e+02
3.064521e+02
3.065561e+02
3.066602e+02
3.067642e+02
3.068683e+02
3.069723e+02
3.070763e+02
3.071803e+02
3.072842e+02
3.073880e+02
3.074917e+02
3.075955e+02
3.076993e+02
3.078027e+02
3.079065e+02
3.080101e+02
3.081138e+02
3.082175e+02
3.083212e+02
3.084250e+02
3.085287e+02
3.086326e+02
3.087366e+02
3.088403e+02
3.089442e+02
3.090482e+02
3.091521e+02
3.092561e+02
3.093601e+02
3.094640e+02
3.095681e+02
3.096721e+02
3.097761e+02
3.098801e+02
3.099842e+02
3.100882e+02
3.101922e+02
3.102963e+02
3.104003e+02
3.105044e+02
3.106084e+02
3.107123e+02
3.108162e+02
3.109202e+02
3.110241e+02
3.111281e+02
3.112320e+02
3.113360e+02
3.114398e+02
3.115438e+02
3.116477e+02
3.117516e+02
3.118556e+02
3.119595e+02
3.120635e+02
3.121674e+02
3.122713e+02
3.123753e+02
3.124793e+02
3.125835e+02
3.126875e+02
3.127916e+02
3.128957e+02
3.129997e+02
3.131039e+02
3.132078e+02
3.133118e+02
3.134158e+02
3.135197e+02
3.136237e+02
3.137277e+02
3.138316e+02
3.139355e+02
3.140395e+02
3.141434e+02
3.142474e+02
3.143513e+02
3.144553e+02
3.145593e+02
3.146633e+02
3.147673e+02
3.148713e+02
3.149755e+02
3.150796e+02
3.151838e+02
3.152880e+02
3.153921e+02
3.154962e+02
3.156003e+02
3.157043e+02
3.158082e+02
3.159122e+02
3.160162e+02
3.161201e+02
3.162240e+02
3.163278e+02
3.164317e+02
3.165355e+02
3.166392e+02
3.167430e+02
3.168467e+02
3.169504e+02
3.170541e+02
3.171578e+02
3.172617e+02
3.173655e+02
3.174692e+02
3.175730e+02
3.176767e+02
3.177806e+02
3.178843e+02
3.179882e+02
3.180920e+02
3.181958e+02
3.182996e+02
3.184034e+02
3.185072e+02
3.186109e+02
3.187146e+02
3.188183e+02
3.189221e+02
3.190259e+02
3.191296e+02
3.192334e+02
3.193374e+02
3.194411e+02
3.195450e+02
3.196487e+02
3.197526e+02
3.198565e+02
3.199604e+02
3.200642e+02
3.201682e+02
3.202722e+02
3.203762e+02
3.204804e+02
3.205842e+02
3.206883e+02
3.207922e+02
3.208963e+02
3.210004e+02
3.211042e+02
3.212082e+02
3.213121e+02
3.214160e+02
3.215198e+02
3.216237e+02
3.217276e+02
3.218315e+02
3.219353e+02
3.220394e+02
3.221432e+02
3.222472e+02
3.223511e+02
3.224551e+02
3.225590e+02
3.226630e+02
3.227670e+02
3.228708e+02
3.229748e+02
3.230788e+02
3.231828e+02
3.232868e+02
3.233908e+02
3.234948e+02
3.235988e+02
3.237028e+02
3.238068e+02
3.239108e+02
3.240149e+02
3.241188e+02
3.242227e+02
3.243267e+02
3.244306e+02
3.245345e+02
3.246383e+02
3.247422e+02
3.248461e+02
3.249501e+02
3.250540e+02
3.251579e+02
3.252617e+02
3.253657e+02
3.254695e+02
3.255735e+02
3.256775e+02
3.257815e+02
3.258855e+02
3.259895e+02
3.260935e+02
3.261975e+02
3.263015e+02
3.264055e+02
3.265095e+02
3.266133e+02
3.267174e+02
3.268212e+02
3.269252e+02
3.270292e+02
3.271331e+02
3.272371e+02
3.273410e+02
3.274448e+02
3.275488e+02
3.276527e+02
3.277566e+02
3.278605e+02
3.279643e+02
3.280682e+02
3.281721e+02
3.282760e+02
3.283798e+02
3.284836e+02
3.285875e+02
3.286913e+02
3.287952e+02
3.288991e+02
3.290030e+02
3.291070e+02
3.292108e+02
3.293147e+02
3.294187e+02
3.295226e+02
3.296265e+02
3.297305e+02
3.298343e+02
3.299382e+02
3.300421e+02
3.301460e+02
3.302498e+02
3.303537e+02
3.304576e+02
3.305614e+02
3.306652e+02
3.307691e+02
3.308729e+02
3.309767e+02
3.310806e+02
3.311845e+02
3.312882e+02
3.313921e+02
3.314960e+02
3.315998e+02
3.317036e+02
3.318075e+02
3.319112e+02
3.320151e+02
3.321189e+02
3.322227e+02
3.323266e+02
3.324305e+02
3.325343e+02
3.326382e+02
3.327420e+02
3.328458e+02
3.329498e+02
3.330536e+02
3.331575e+02
3.332613e+02
3.333651e+02
3.334690e+02
3.335727e+02
3.336766e+02
3.337803e+02
3.338843e+02
3.339881e+02
3.340920e+02
3.341960e+02
3.342998e+02
3.344037e+02
3.345076e+02
3.346113e+02
3.347151e+02
3.348188e+02
3.349226e+02
3.350265e+02
3.351302e+02
3.352340e+02
3.353378e+02
3.354416e+02
3.355455e+02
3.356492e+02
3.357531e+02
3.358570e+02
3.359610e+02
3.360649e+02
3.361688e+02
3.362727e+02
3.363766e+02
3.364805e+02
3.365842e+02
3.366880e+02
3.367919e+02
3.368956e+02
3.369995e+02
3.371033e+02
3.372073e+02
3.373111e+02
3.374150e+02
3.375188e+02
3.376229e+02
3.377267e+02
3.378306e+02
3.379345e+02
3.380383e+02
3.381422e+02
3.382461e+02
3.383500e+02
3.384537e+02
3.385576e+02
3.386615e+02
3.387653e+02
3.388694e+02
3.389732e+02
3.390771e+02
3.391811e+02
3.392851e+02
3.393890e+02
3.394930e+02
3.395969e+02
3.397008e+02
3.398047e+02
3.399086e+02
3.400126e+02
3.401166e+02
3.402205e+02
3.403246e+02
3.404285e+02
3.405325e+02
3.406365e+02
3.407405e+02
3.408446e+02
3.409486e+02
3.410526e+02
3.411566e+02
3.412605e+02
3.413645e+02
3.414685e+02
3.415725e+02
3.416765e+02
3.417804e+02
3.418842e+02
3.419880e+02
3.420919e+02
3.421957e+02
3.422996e+02
3.424033e+02
3.425072e+02
3.426110e+02
3.427147e+02
3.428186e+02
3.429224e+02
3.430262e+02
3.431300e+02
3.432339e+02
3.433376e+02
3.434414e+02
3.435451e+02
3.436490e+02
3.437527e+02
3.438564e+02
3.439602e+02
3.440640e+02
3.441677e+02
3.442715e+02
3.443752e+02
3.444789e+02
3.445826e+02
3.446864e+02
3.447901e+02
3.448939e+02
3.449976e+02
3.451014e+02
3.452051e+02
3.453090e+02
3.454127e+02
3.455165e+02
3.456204e+02
3.457242e+02
3.458280e+02
3.459317e+02
3.460356e+02
3.461394e+02
3.462431e+02
3.463469e+02
3.464507e+02
3.465545e+02
3.466582e+02
3.467621e+02
3.468659e+02
3.469696e+02
3.470735e+02
3.471774e+02
3.472811e+02
3.473850e+02
3.474889e+02
3.475927e+02
3.476966e+02
3.478006e+02
3.479046e+02
3.480085e+02
3.481125e+02
3.482165e+02
3.483204e+02
3.484243e+02
3.485282e+02
3.486319e+02
3.487356e+02
3.488394e+02
3.489430e+02
3.490466e+02
3.491502e+02
3.492539e+02
3.493575e+02
3.494612e+02
3.495649e+02
3.496686e+02
3.497724e+02
3.498761e+02
3.499799e+02
3.500837e+02
3.501876e+02
3.502915e+02
3.503954e+02
3.504994e+02
3.506035e+02
3.507076e+02
3.508116e+02
3.509157e+02
3.510197e+02
3.511240e+02
3.512281e+02
3.513322e+02
3.514365e+02
3.515407e+02
3.516451e+02
3.517495e+02
3.518539e+02
3.519584e+02
3.520627e+02
3.521671e+02
3.522714e+02
3.523757e+02
3.524801e+02
3.525845e+02
3.526887e+02
3.527930e+02
3.528974e+02
3.530016e+02
3.531057e+02
3.532100e+02
3.533141e+02
3.534182e+02
3.535222e+02
3.536264e+02
3.537304e+02
3.538344e+02
3.539384e+02
3.540425e+02
3.541462e+02
3.542503e+02
3.543541e+02
3.544580e+02
3.545617e+02
3.546656e+02
3.547694e+02
3.548732e+02
3.549771e+02
3.550809e+02
3.551847e+02
3.552886e+02
3.553925e+02
3.554964e+02
3.556004e+02
3.557045e+02
3.558085e+02
3.559125e+02
3.560168e+02
3.561208e+02
3.562249e+02
3.563290e+02
3.564330e+02
3.565370e+02
3.566411e+02
3.567451e+02
3.568491e+02
3.569531e+02
3.570571e+02
3.571610e+02
3.572649e+02
3.573686e+02
3.574724e+02
3.575761e+02
3.576799e+02
3.577835e+02
3.578872e+02
3.579909e+02
3.580946e+02
3.581982e+02
3.583019e+02
3.584055e+02
3.585091e+02
3.586127e+02
3.587164e+02
3.588201e+02
3.589237e+02
3.590275e+02
3.591312e+02
3.592350e+02
3.593387e+02
3.594425e+02
3.595462e+02
3.596501e+02
3.597540e+02
3.598579e+02
3.599617e+02
3.600656e+02
3.601695e+02
3.602734e+02
3.603772e+02
3.604811e+02
3.605850e+02
3.606889e+02
3.607927e+02
3.608966e+02
3.610006e+02
3.611045e+02
3.612084e+02
3.613122e+02
3.614161e+02
3.615199e+02
3.616237e+02
3.617275e+02
3.618314e+02
3.619351e+02
3.620390e+02
3.621427e+02
3.622466e+02
3.623505e+02
3.624542e+02
3.625581e+02
3.626621e+02
3.627660e+02
3.628699e+02
3.629739e+02
3.630777e+02
3.631816e+02
3.632855e+02
3.633894e+02
3.634933e+02
3.635972e+02
3.637012e+02
3.638052e+02
3.639093e+02
3.640131e+02
3.641171e+02
3.642210e+02
3.643250e+02
3.644289e+02
3.645328e+02
3.646367e+02
3.647408e+02
3.648446e+02
3.649485e+02
3.650524e+02
3.651563e+02
3.652601e+02
3.653640e+02
3.654680e+02
3.655719e+02
3.656756e+02
3.657795e+02
3.658835e+02
3.659874e+02
3.660912e+02
3.661953e+02
3.662992e+02
3.664033e+02
3.665072e+02
3.666111e+02
3.667151e+02
3.668190e+02
3.669230e+02
3.670269e+02
3.671308e+02
3.672347e+02
3.673386e+02
3.674426e+02
3.675466e+02
3.676505e+02
3.677545e+02
3.678584e+02
3.679624e+02
3.680664e+02
3.681702e+02
3.682742e+02
3.683781e+02
3.684821e+02
3.685860e+02
3.686899e+02
3.687937e+02
3.688977e+02
3.690016e+02
3.691056e+02
3.692095e+02
3.693135e+02
3.694174e+02
3.695212e+02
3.696253e+02
3.697291e+02
3.698330e+02
3.699369e+02
3.700407e+02
3.701446e+02
3.702485e+02
3.703524e+02
3.704564e+02
3.705602e+02
3.706642e+02
3.707681e+02
3.708720e+02
3.709759e+02
3.710797e+02
3.711836e+02
3.712875e+02
3.713915e+02
3.714954e+02
3.715994e+02
3.717033e+02
3.718071e+02
3.719110e+02
3.720150e+02
3.721189e+02
3.722228e+02
3.723266e+02
3.724305e+02
3.725344e+02
3.726382e+02
3.727423e+02
3.728461e+02
3.729501e+02
3.730540e+02
3.731580e+02
3.732619e+02
3.733659e+02
3.734698e+02
3.735738e+02
3.736778e+02
3.737816e+02
3.738856e+02
3.739896e+02
3.740935e+02
3.741975e+02
3.743014e+02
3.744054e+02
3.745093e+02
3.746132e+02
3.747171e+02
3.748211e+02
3.749250e+02
3.750290e+02
3.751330e+02
3.752370e+02
3.753409e+02
3.754449e+02
3.755489e+02
3.756528e+02
3.757568e+02
3.758606e+02
3.759646e+02
3.760686e+02
3.761726e+02
3.762765e+02
3.763805e+02
3.764845e+02
3.765885e+02
3.766925e+02
3.767964e+02
3.769004e+02
3.770044e+02
3.771084e+02
3.772124e+02
3.773163e+02
3.774203e+02
3.775243e+02
3.776281e+02
3.777321e+02
3.778361e+02
3.779401e+02
3.780440e+02
3.781480e+02
3.782520e+02
3.783559e+02
3.784599e+02
3.785639e+02
3.786679e+02
3.787719e+02
3.788759e+02
3.789798e+02
3.790838e+02
3.791878e+02
3.792916e+02
3.793956e+02
3.794996e+02
3.796035e+02
3.797075e+02
3.798114e+02
3.799154e+02
3.800193e+02
3.801231e+02
3.802271e+02
3.803310e+02
3.804349e+02
3.805388e+02
3.806426e+02
3.807465e+02
3.808504e+02
3.809541e+02
3.810580e+02
3.811620e+02
3.812659e+02
3.813698e+02
3.814738e+02
3.815776e+02
3.816815e+02
3.817854e+02
3.818893e+02
3.819931e+02
3.820970e+02
3.822009e+02
3.823049e+02
3.824088e+02
3.825126e+02
3.826165e+02
3.827205e+02
3.828244e+02
3.829283e+02
3.830323e+02
3.831361e+02
3.832400e+02
3.833440e+02
3.834479e+02
3.835518e+02
3.836558e+02
3.837598e+02
3.838636e+02
3.839676e+02
3.840716e+02
3.841755e+02
3.842795e+02
3.843835e+02
3.844874e+02
3.845915e+02
3.846954e+02
3.847993e+02
3.849033e+02
3.850071e+02
3.851111e+02
3.852150e+02
3.853190e+02
3.854231e+02
3.855271e+02
3.856311e+02
3.857353e+02
3.858394e+02
3.859435e+02
3.860476e+02
3.861518e+02
3.862559e+02
3.863600e+02
3.864640e+02
3.865681e+02
3.866723e+02
3.867763e+02
3.868804e+02
3.869844e+02
3.870884e+02
3.871923e+02
3.872963e+02
3.874001e+02
3.875040e+02
3.876078e+02
3.877116e+02
3.878154e+02
3.879191e+02
3.880229e+02
3.881266e+02
3.882304e+02
3.883341e+02
3.884378e+02
3.885414e+02
3.886450e+02
3.887488e+02
3.888524e+02
3.889561e+02
3.890598e+02
3.891635e+02
3.892673e+02
3.893710e+02
3.894749e+02
3.895786e+02
3.896824e+02
3.897861e+02
3.898900e+02
3.899938e+02
3.900975e+02
3.902013e+02
3.903051e+02
3.904089e+02
3.905126e+02
3.906164e+02
3.907202e+02
3.908239e+02
3.909277e+02
3.910315e+02
3.911353e+02
3.912390e+02
3.913428e+02
3.914465e+02
3.915503e+02
3.916540e+02
3.917578e+02
3.918616e+02
3.919655e+02
3.920695e+02
3.921735e+02
3.922777e+02
3.923818e+02
3.924860e+02
3.925903e+02
3.926946e+02
3.927990e+02
3.929034e+02
3.930076e+02
3.931120e+02
3.932164e+02
3.933205e+02
3.934248e+02
3.935289e+02
3.936331e+02
3.937373e+02
3.938414e+02
3.939454e+02
3.940495e+02
3.941535e+02
3.942575e+02
3.943615e+02
3.944655e+02
3.945694e+02
3.946734e+02
3.947774e+02
3.948813e+02
3.949853e+02
3.950893e+02
3.951931e+02
3.952971e+02
3.954010e+02
3.955049e+02
3.956089e+02
3.957128e+02
3.958167e+02
3.959206e+02
3.960245e+02
3.961284e+02
3.962323e+02
3.963361e+02
3.964400e+02
3.965439e+02
3.966477e+02
3.967515e+02
3.968554e+02
3.969591e+02
3.970629e+02
3.971668e+02
3.972705e+02
3.973744e+02
3.974781e+02
3.975820e+02
3.976858e+02
3.977895e+02
3.978934e+02
3.979971e+02
3.981010e+02
3.982048e+02
3.983085e+02
3.984123e+02
3.985161e+02
3.986199e+02
3.987236e+02
3.988274e+02
3.989311e+02
3.990349e+02
3.991385e+02
3.992423e+02
3.993460e+02
3.994498e+02
3.995534e+02
3.996571e+02
3.997608e+02
3.998645e+02
3.999683e+02
4.000719e+02
4.001757e+02
4.002793e+02
4.003830e+02
4.004867e+02
4.005904e+02
4.006942e+02
4.007979e+02
4.009018e+02
4.010056e+02
4.011095e+02
4.012134e+02
4.013173e+02
4.014212e+02
4.015250e+02
4.016290e+02
4.017329e+02
4.018369e+02
4.019409e+02
4.020449e+02
4.021489e+02
4.022529e+02
4.023569e+02
4.024608e+02
4.025648e+02
4.026688e+02
4.027728e+02
4.028766e+02
4.029806e+02
4.030846e+02
4.031886e+02
4.032925e+02
4.033965e+02
4.035004e+02
4.036043e+02
4.037080e+02
4.038119e+02
4.039158e+02
4.040197e+02
4.041235e+02
4.042273e+02
4.043311e+02
4.044350e+02
4.045389e+02
4.046427e+02
4.047465e+02
4.048503e+02
4.049541e+02
4.050580e+02
4.051619e+02
4.052657e+02
4.053695e+02
4.054734e+02
4.055773e+02
4.056812e+02
4.057850e+02
4.058889e+02
4.059928e+02
4.060966e+02
4.062005e+02
4.063044e+02
4.064083e+02
4.065122e+02
4.066160e+02
4.067199e+02
4.068238e+02
4.069277e+02
4.070316e+02
4.071356e+02
4.072394e+02
4.073433e+02
4.074472e+02
4.075512e+02
4.076550e+02
4.077589e+02
4.078628e+02
4.079668e+02
4.080707e+02
4.081745e+02
4.082784e+02
4.083823e+02
4.084863e+02
4.085902e+02
4.086941e+02
4.087980e+02
4.089020e+02
4.090060e+02
4.091099e+02
4.092139e+02
4.093178e+02
4.094218e+02
4.095257e+02
4.096297e+02
4.097335e+02
4.098374e+02
4.099414e+02
4.100453e+02
4.101492e+02
4.102530e+02
4.103570e+02
4.104609e+02
4.105649e+02
4.106688e+02
4.107727e+02
4.108767e+02
4.109807e+02
4.110845e+02
4.111885e+02
4.112925e+02
4.113965e+02
4.115005e+02
4.116047e+02
4.117087e+02
4.118128e+02
4.119169e+02
4.120209e+02
4.121250e+02
4.122290e+02
4.123332e+02
4.124372e+02
4.125412e+02
4.126450e+02
4.127490e+02
4.128529e+02
4.129568e+02
4.130608e+02
4.131647e+02
4.132686e+02
4.133724e+02
4.134764e+02
4.135803e+02
4.136843e+02
4.137883e+02
4.138922e+02
4.139962e+02
4.141002e+02
4.142042e+02
4.143083e+02
4.144123e+02
4.145164e+02
4.146204e+02
4.147245e+02
4.148287e+02
4.149328e+02
4.150369e+02
4.151410e+02
4.152453e+02
4.153494e+02
4.154535e+02
4.155577e+02
4.156617e+02
4.157657e+02
4.158695e+02
4.159735e+02
4.160773e+02
4.161811e+02
4.162849e+02
4.163887e+02
4.164925e+02
4.165964e+02
4.167003e+02
4.168042e+02
4.169080e+02
4.170119e+02
4.171158e+02
4.172198e+02
4.173237e+02
4.174277e+02
4.175317e+02
4.176357e+02
4.177395e+02
4.178437e+02
4.179477e+02
4.180517e+02
4.181557e+02
4.182597e+02
4.183638e+02
4.184678e+02
4.185719e+02
4.186760e+02
4.187802e+02
4.188844e+02
4.189887e+02
4.190928e+02
4.191970e+02
4.193013e+02
4.194054e+02
4.195095e+02
4.196137e+02
4.197178e+02
4.198218e+02
4.199258e+02
4.200298e+02
4.201339e+02
4.202380e+02
4.203422e+02
4.204463e+02
4.205505e+02
4.206547e+02
4.207588e+02
4.208630e+02
4.209672e+02
4.210713e+02
4.211753e+02
4.212793e+02
4.213833e+02
4.214872e+02
4.215911e+02
4.216949e+02
4.217988e+02
4.219027e+02
4.220065e+02
4.221104e+02
4.222143e+02
4.223182e+02
4.224220e+02
4.225258e+02
4.226295e+02
4.227332e+02
4.228369e+02
4.229405e+02
