0.000000e+00
1.036248e-01
2.072318e-01
3.107207e-01
4.143414e-01
5.178258e-01
6.216676e-01
7.250574e-01
8.286700e-01
9.322896e-01
1.035780e+00
1.139394e+00
1.242882e+00
1.346498e+00
1.450119e+00
1.553608e+00
1.657221e+00
1.760720e+00
1.864329e+00
1.967837e+00
2.071437e+00
2.175047e+00
2.278663e+00
2.382281e+00
2.485769e+00
2.589385e+00
2.693004e+00
2.796494e+00
2.900126e+00
3.003765e+00
3.107342e+00
3.211772e+00
3.314587e+00
3.418183e+00
3.521673e+00
3.625360e+00
3.728776e+00
3.832391e+00
3.935887e+00
4.039515e+00
4.142995e+00
4.246619e+00
4.350096e+00
4.453730e+00
4.557202e+00
4.660817e+00
4.764301e+00
4.867922e+00
4.971539e+00
5.075030e+00
5.178646e+00
5.282280e+00
5.385749e+00
5.489363e+00
5.592878e+00
5.696476e+00
5.799964e+00
5.903597e+00
6.007196e+00
6.110682e+00
6.214178e+00
6.317820e+00
6.421410e+00
6.525049e+00
6.628582e+00
6.732128e+00
6.835749e+00
6.939363e+00
7.043120e+00
7.146720e+00
7.250335e+00
7.354078e+00
7.457691e+00
7.561305e+00
7.664923e+00
7.768540e+00
7.872156e+00
7.975643e+00
8.079261e+00
8.182878e+00
8.286366e+00
8.389981e+00
8.493473e+00
8.597084e+00
8.700576e+00
8.804194e+00
8.907806e+00
9.011299e+00
9.114913e+00
9.218400e+00
9.321893e+00
9.425454e+00
9.528999e+00
9.632492e+00
9.735985e+00
9.839594e+00
9.943090e+00
1.004663e+01
1.015022e+01
1.025371e+01
1.035718e+01
1.046079e+01
1.056431e+01
1.066790e+01
1.077139e+01
1.087500e+01
1.097862e+01
1.108211e+01
1.118572e+01
1.128932e+01
1.139306e+01
1.149646e+01
1.160293e+01
1.170355e+01
1.180706e+01
1.191074e+01
1.201430e+01
1.211789e+01
1.222150e+01
1.232499e+01
1.242861e+01
1.253224e+01
1.263584e+01
1.273933e+01
1.284297e+01
1.294644e+01
1.305005e+01
1.315367e+01
1.325716e+01
1.336080e+01
1.346427e+01
1.356775e+01
1.367139e+01
1.377499e+01
1.387850e+01
1.398211e+01
1.408558e+01
1.418920e+01
1.429269e+01
1.439648e+01
1.449990e+01
1.460341e+01
1.470691e+01
1.481044e+01
1.491398e+01
1.501750e+01
1.512103e+01
1.522456e+01
1.532811e+01
1.543173e+01
1.553532e+01
1.563893e+01
1.574263e+01
1.584611e+01
1.594966e+01
1.605328e+01
1.615689e+01
1.626051e+01
1.636412e+01
1.646761e+01
1.657125e+01
1.667485e+01
1.677846e+01
1.688208e+01
1.698572e+01
1.708946e+01
1.719355e+01
1.729671e+01
1.739991e+01
1.750341e+01
1.760692e+01
1.771050e+01
1.781399e+01
1.791754e+01
1.802096e+01
1.812458e+01
1.822807e+01
1.833156e+01
1.843505e+01
1.853856e+01
1.864217e+01
1.874566e+01
1.884921e+01
1.895276e+01
1.905625e+01
1.915987e+01
1.926353e+01
1.936689e+01
1.947047e+01
1.957395e+01
1.967745e+01
1.978094e+01
1.988442e+01
1.998792e+01
2.009143e+01
2.019489e+01
2.029851e+01
2.040202e+01
2.050550e+01
2.060899e+01
2.071248e+01
2.081597e+01
2.091961e+01
2.102307e+01
2.112656e+01
2.123006e+01
2.133367e+01
2.143716e+01
2.154065e+01
2.164414e+01
2.174776e+01
2.185125e+01
2.195474e+01
2.205823e+01
2.216185e+01
2.226537e+01
2.236883e+01
2.247232e+01
2.257581e+01
2.267930e+01
2.278279e+01
2.288644e+01
2.298989e+01
2.309339e+01
2.319700e+01
2.330049e+01
2.340411e+01
2.350759e+01
2.361111e+01
2.371470e+01
2.381820e+01
2.392168e+01
2.402517e+01
2.412866e+01
2.423218e+01
2.433577e+01
2.443926e+01
2.454276e+01
2.464637e+01
2.474986e+01
2.485335e+01
2.495684e+01
2.506046e+01
2.516395e+01
2.526757e+01
2.537105e+01
2.547466e+01
2.557829e+01
2.568177e+01
2.578539e+01
2.588901e+01
2.599264e+01
2.609611e+01
2.619973e+01
2.630335e+01
2.640698e+01
2.651058e+01
2.661422e+01
2.671770e+01
2.682132e+01
2.692491e+01
2.702840e+01
2.713202e+01
2.723563e+01
2.733912e+01
2.744261e+01
2.754622e+01
2.764972e+01
2.775333e+01
2.785699e+01
2.796044e+01
2.806405e+01
2.816755e+01
2.827120e+01
2.837465e+01
2.847827e+01
2.858176e+01
2.868538e+01
2.878886e+01
2.889250e+01
2.899597e+01
2.909961e+01
2.920320e+01
2.930669e+01
2.941035e+01
2.951392e+01
2.961753e+01
2.972120e+01
2.982476e+01
2.992838e+01
3.003202e+01
3.013579e+01
3.023910e+01
3.034272e+01
3.044634e+01
3.054983e+01
3.065332e+01
3.075693e+01
3.086049e+01
3.096393e+01
3.106741e+01
3.117090e+01
3.127439e+01
3.137802e+01
3.148162e+01
3.158511e+01
3.168875e+01
3.179234e+01
3.189596e+01
3.199945e+01
3.210306e+01
3.220668e+01
3.231037e+01
3.241391e+01
3.251752e+01
3.262114e+01
3.272475e+01
3.282837e+01
3.293199e+01
3.303560e+01
3.313949e+01
3.324283e+01
3.334644e+01
3.345019e+01
3.355380e+01
3.365742e+01
3.376111e+01
3.386467e+01
3.396827e+01
3.407188e+01
3.417550e+01
3.427901e+01
3.438296e+01
3.448649e+01
3.458991e+01
3.469335e+01
3.479703e+01
3.490058e+01
3.500419e+01
3.510788e+01
3.521136e+01
3.531488e+01
3.541853e+01
3.552214e+01
3.562580e+01
3.572938e+01
3.583303e+01
3.593660e+01
3.604023e+01
3.614381e+01
3.624743e+01
3.635105e+01
3.645466e+01
3.655830e+01
3.666192e+01
3.676551e+01
3.686919e+01
3.697281e+01
3.707637e+01
3.718018e+01
3.728371e+01
3.738734e+01
3.749094e+01
3.759469e+01
3.769830e+01
3.780191e+01
3.790553e+01
3.800929e+01
3.811291e+01
3.821651e+01
3.832012e+01
3.842374e+01
3.852740e+01
3.863096e+01
3.873475e+01
3.883833e+01
3.894211e+01
3.904570e+01
3.914929e+01
3.925293e+01
3.935656e+01
3.946014e+01
3.956375e+01
3.966748e+01
3.977111e+01
3.987472e+01
3.997834e+01
4.008195e+01
4.018557e+01
4.028919e+01
4.039280e+01
4.049641e+01
4.060003e+01
4.070352e+01
4.080716e+01
4.091063e+01
4.101412e+01
4.111761e+01
4.122123e+01
4.132472e+01
4.142833e+01
4.153195e+01
4.163558e+01
4.173922e+01
4.184280e+01
4.194641e+01
4.204992e+01
4.215352e+01
4.225713e+01
4.236075e+01
4.246436e+01
4.256797e+01
4.267161e+01
4.277521e+01
4.287882e+01
4.298244e+01
4.308608e+01
4.318967e+01
4.329343e+01
4.339709e+01
4.350065e+01
4.360426e+01
4.370787e+01
4.381149e+01
4.391514e+01
4.401872e+01
4.412233e+01
4.422595e+01
4.432959e+01
4.443318e+01
4.453680e+01
4.464043e+01
4.474403e+01
4.484767e+01
4.495126e+01
4.505487e+01
4.515856e+01
4.526211e+01
4.536572e+01
4.546938e+01
4.557295e+01
4.567644e+01
4.578006e+01
4.588380e+01
4.598744e+01
4.609103e+01
4.619465e+01
4.629826e+01
4.640202e+01
4.650561e+01
4.660936e+01
4.671297e+01
4.681671e+01
4.692033e+01
4.702407e+01
4.712782e+01
4.723142e+01
4.733517e+01
4.743882e+01
4.754252e+01
4.764614e+01
4.774990e+01
4.785350e+01
4.795710e+01
4.806085e+01
4.816446e+01
4.826808e+01
4.837170e+01
4.847544e+01
4.857905e+01
4.868267e+01
4.878628e+01
4.888992e+01
4.899364e+01
4.909725e+01
4.920087e+01
4.930453e+01
4.940812e+01
4.951184e+01
4.961546e+01
4.971907e+01
4.982269e+01
4.992664e+01
5.003005e+01
5.013366e+01
5.023728e+01
5.034089e+01
5.044450e+01
5.054812e+01
5.065174e+01
5.075548e+01
