1 0 -7.27596e-12 2.32831e-10 0 1 0 0 -7.27596e-12 -9.31323e-10 1 0
0.999997 0.00120295 0.00207409 0.00226509 -0.00119169 0.999985 -0.00542451 -0.0122655 -0.00208058 0.00542202 0.999983 0.953869
0.999996 -0.000731662 0.00288128 0.00422037 0.000748312 0.999983 -0.00578235 -0.0229043 -0.002877 0.00578448 0.999979 1.90345
0.999988 -0.00292846 0.00392584 0.00379725 0.00293823 0.999993 -0.00248574 -0.0257341 -0.00391853 0.00249724 0.999989 2.86724
0.999973 -0.00671081 0.00296737 0.00803443 0.00669988 0.999971 0.0036753 -0.0307688 -0.00299194 -0.00365532 0.999989 3.81254
0.999954 -0.00949368 0.00135796 0.0126446 0.00948797 0.999946 0.00415422 -0.0348267 -0.00139733 -0.00414115 0.99999 4.75348
0.999925 -0.0121717 0.0012897 0.012592 0.0121694 0.999924 0.00174773 -0.038087 -0.00131088 -0.0017319 0.999998 5.70366
0.999933 -0.0115428 -0.000404709 0.0125822 0.0115421 0.999932 -0.00169537 -0.0397386 0.000424251 0.00169059 0.999999 6.62861
0.999929 -0.0118535 -0.00131381 0.0113098 0.0118504 0.999927 -0.00234428 -0.0452567 0.0013415 0.00232854 0.999996 7.56464
0.999932 -0.0115362 -0.00173832 0.00586051 0.0115347 0.999933 -0.000861824 -0.0473014 0.00174814 0.000841715 0.999998 8.50461
0.999926 -0.0117859 -0.00315691 0.00435609 0.0117917 0.999929 0.00183238 -0.0509477 0.00313509 -0.00186947 0.999993 9.42722
0.999928 -0.0113388 -0.00398 -0.00137824 0.0113533 0.999929 0.00365378 -0.0536812 0.00393829 -0.0036987 0.999986 10.3379
0.999918 -0.0121453 -0.00399725 -0.0149703 0.0121622 0.999917 0.00422032 -0.0608534 0.00394566 -0.00426859 0.999983 11.2702
0.999909 -0.012269 -0.00555428 -0.0140763 0.0122941 0.999914 0.00451123 -0.0606026 0.00549845 -0.0045791 0.999974 12.1709
0.999903 -0.0126803 -0.00570226 -0.0297956 0.0126987 0.999914 0.00319889 -0.0614294 0.00566121 -0.00327099 0.999979 13.0745
0.999884 -0.0134444 -0.00718054 -0.0329235 0.0134519 0.999909 0.000999432 -0.0633819 0.00716645 -0.00109591 0.999974 13.9893
0.999858 -0.0142041 -0.009111 -0.0444447 0.0142039 0.999899 -9.03625e-05 -0.0629996 0.00911136 -3.90615e-05 0.999959 14.8799
0.999853 -0.0134709 -0.0106333 -0.0575726 0.013458 0.999909 -0.00128253 -0.0672548 0.0106496 0.00113924 0.999943 15.7664
0.999854 -0.0122475 -0.0119476 -0.0653636 0.0122237 0.999923 -0.00205843 -0.0723852 0.0119719 0.00191208 0.999927 16.6638
0.999845 -0.0109781 -0.0137875 -0.0862735 0.0109485 0.999938 -0.00222248 -0.0758345 0.013811 0.00207118 0.999902 17.5474
0.999824 -0.0109896 -0.0152339 -0.0996849 0.0109733 0.999939 -0.00115099 -0.0803068 0.0152456 0.000983621 0.999883 18.4247
0.9998 -0.0114783 -0.0164 -0.119977 0.0114782 0.999934 -9.74424e-05 -0.0857231 0.0164 -9.08189e-05 0.999866 19.3359
0.999778 -0.0105376 -0.0182293 -0.144087 0.0105472 0.999944 0.000433159 -0.089952 0.0182237 -0.000625332 0.999834 20.1975
0.999741 -0.01172 -0.0195196 -0.161632 0.0117339 0.999931 0.000593616 -0.0956585 0.0195113 -0.000822501 0.999809 21.0679
0.999707 -0.0116811 -0.0211908 -0.17662 0.0116847 0.999932 4.56525e-05 -0.0986634 0.0211888 -0.000293246 0.999775 21.9375
0.99968 -0.012087 -0.0222427 -0.199243 0.0120976 0.999927 0.000342255 -0.101945 0.0222369 -0.000611231 0.999753 22.7616
0.999649 -0.0121343 -0.0235502 -0.219768 0.0121872 0.999924 0.00210292 -0.101929 0.0235229 -0.0023892 0.99972 23.6511
0.999618 -0.0133402 -0.0242154 -0.246062 0.0134627 0.999897 0.00490203 -0.103377 0.0241475 -0.00522616 0.999695 24.4739
0.999603 -0.0134906 -0.0247578 -0.272617 0.0136615 0.999884 0.00674485 -0.105846 0.024664 -0.0070804 0.999671 25.3044
0.999615 -0.0120577 -0.0249987 -0.289815 0.0121941 0.999912 0.00531174 -0.10954 0.0249324 -0.00561453 0.999673 26.1445
0.999606 -0.0105945 -0.0259766 -0.317203 0.0106733 0.999939 0.0028979 -0.110629 0.0259443 -0.00317401 0.999658 26.961
0.999577 -0.0110145 -0.0269287 -0.340932 0.0110575 0.999938 0.00144903 -0.111834 0.026911 -0.00174618 0.999636 27.771
0.999583 -0.00934032 -0.0273316 -0.36406 0.00936843 0.999956 0.000900616 -0.111948 0.027322 -0.00115629 0.999626 28.5701
0.999521 -0.0107851 -0.0290066 -0.401595 0.0108109 0.999941 0.000732052 -0.119358 0.028997 -0.00104529 0.999579 29.353
0.999483 -0.00941484 -0.0307597 -0.42143 0.00941423 0.999956 -0.000164478 -0.123555 0.0307599 -0.000125186 0.999527 30.1297
0.999426 -0.00971707 -0.0324697 -0.44603 0.0097111 0.999953 -0.00034149 -0.128244 0.0324715 2.59764e-05 0.999473 30.8985
0.999343 -0.00982837 -0.0348978 -0.493963 0.00986216 0.999951 0.000796303 -0.128538 0.0348883 -0.00113995 0.999391 31.6619
0.99926 -0.0109542 -0.0368831 -0.51655 0.0110744 0.999934 0.00305775 -0.130378 0.0368472 -0.00346395 0.999315 32.401
0.999218 -0.00985271 -0.0382949 -0.557887 0.0100329 0.99994 0.00451555 -0.134673 0.0382481 -0.00489622 0.999256 33.1546
0.999125 -0.00857678 -0.0409388 -0.593567 0.00878199 0.99995 0.00483554 -0.139738 0.0408953 -0.00519084 0.99915 33.8812
0.999112 -0.00622756 -0.0416734 -0.630204 0.00641587 0.99997 0.00438666 -0.139785 0.0416449 -0.00465014 0.999122 34.5826
0.99901 -0.00421253 -0.0442979 -0.675722 0.00437211 0.999984 0.00350615 -0.139289 0.0442824 -0.00369635 0.999012 35.2864
0.998937 -0.00398764 -0.045918 -0.710872 0.00419303 0.999982 0.00437757 -0.137617 0.0458997 -0.00456545 0.998936 36.0111
0.99891 -0.00305855 -0.0465841 -0.746378 0.00335563 0.999975 0.00630034 -0.137749 0.0465636 -0.00644979 0.998895 36.6967
0.9989 -5.54044e-06 -0.0468881 -0.785669 0.000328142 0.999976 0.00687254 -0.138313 0.046887 -0.00688037 0.998877 37.3641
0.99895 0.00328066 -0.0456948 -0.820218 -0.00304435 0.999982 0.00524019 -0.143412 0.0457111 -0.00509557 0.998942 38.0225
0.999015 0.0057246 -0.0440096 -0.860183 -0.00564991 0.999982 0.00182132 -0.143959 0.0440193 -0.00157087 0.99903 38.6944
0.999115 0.00574227 -0.041673 -0.889819 -0.00574598 0.999983 3.07607e-05 -0.142029 0.0416725 0.000208719 0.999131 39.3102
0.999235 0.0065975 -0.038543 -0.923471 -0.00657746 0.999978 0.000646757 -0.143015 0.0385464 -0.000392748 0.999257 39.9522
0.999326 0.0112171 -0.0349421 -0.951363 -0.0111092 0.999933 0.00327856 -0.147206 0.0349765 -0.00288818 0.999384 40.5982
0.999379 0.0157402 -0.0315311 -0.979975 -0.0155288 0.999855 0.0069376 -0.145791 0.0316357 -0.00644364 0.999479 41.2091
0.999426 0.0205671 -0.026918 -1.00317 -0.0203535 0.999759 0.00818637 -0.150018 0.0270799 -0.0076338 0.999604 41.8059
0.999442 0.0252054 -0.021916 -1.03055 -0.0250245 0.999651 0.00848912 -0.148483 0.0221223 -0.00793594 0.999724 42.4018
0.999464 0.0286361 -0.0158935 -1.04204 -0.0284759 0.999542 0.0102156 -0.144804 0.0161787 -0.00975753 0.999821 42.9474
0.999393 0.0335717 -0.00930197 -1.05847 -0.0334621 0.999372 0.0116951 -0.145194 0.00968875 -0.0113767 0.999888 43.507
0.999301 0.0373202 -0.00205728 -1.07359 -0.0372943 0.999239 0.0114535 -0.144986 0.00248316 -0.0113688 0.999932 44.0412
0.99917 0.0404022 0.00515577 -1.07572 -0.0404591 0.999116 0.0114593 -0.146727 -0.00468823 -0.0116584 0.999921 44.5421
0.998927 0.0446155 0.0124308 -1.07681 -0.0447524 0.998938 0.0109629 -0.144891 -0.0119285 -0.0115075 0.999863 45.033
0.99857 0.0494815 0.0202346 -1.07469 -0.0496572 0.998732 0.00827165 -0.143176 -0.0197996 -0.00926461 0.999761 45.5033
0.998298 0.0509959 0.0283112 -1.06297 -0.0511613 0.998677 0.00514902 -0.146122 -0.0280111 -0.00658869 0.999586 45.9279
0.997966 0.0522333 0.0365553 -1.0469 -0.0524408 0.998613 0.00473859 -0.144191 -0.036257 -0.00664594 0.999321 46.3505
0.997711 0.0508161 0.0446088 -1.03443 -0.0511357 0.998673 0.00605061 -0.147063 -0.0442421 -0.00831785 0.998986 46.7434
0.99723 0.0528926 0.0523057 -1.01236 -0.0533217 0.998554 0.00684155 -0.147165 -0.0518682 -0.00961163 0.998608 47.1296
0.996572 0.055646 0.061215 -0.988917 -0.0561797 0.998396 0.00703083 -0.148262 -0.0607255 -0.0104458 0.9981 47.48
0.995715 0.0604458 0.0699814 -0.970294 -0.061048 0.998114 0.00649797 -0.149784 -0.0694566 -0.0107424 0.997527 47.8054
0.994796 0.0643892 0.0789662 -0.95178 -0.0651103 0.997856 0.00658817 -0.149708 -0.0783727 -0.0116954 0.996856 48.1073
0.994009 0.0638606 0.0886991 -0.91513 -0.0647311 0.997879 0.00696983 -0.153907 -0.0880659 -0.0126697 0.996034 48.392
0.993089 0.0626497 0.0992462 -0.885051 -0.0634746 0.99797 0.00517222 -0.156635 -0.0987207 -0.0114361 0.99505 48.6571
0.991965 0.0614127 0.110611 -0.850385 -0.0618984 0.998082 0.000959445 -0.159033 -0.11034 -0.00779836 0.993863 48.9192
0.99037 0.0622479 0.12366 -0.804283 -0.0623538 0.99805 -0.00301745 -0.162278 -0.123607 -0.00472228 0.99232 49.1935
0.988218 0.0640806 0.138995 -0.763698 -0.06394 0.997939 -0.00548104 -0.163384 -0.139059 -0.00347086 0.990278 49.4371
0.985616 0.065982 0.155585 -0.712631 -0.0656802 0.997816 -0.0070854 -0.16686 -0.155712 -0.00323533 0.987797 49.699
0.982771 0.0664558 0.172466 -0.664182 -0.0660341 0.997784 -0.00818771 -0.168956 -0.172628 -0.00334197 0.984982 49.9346
0.979483 0.0658924 0.190448 -0.594205 -0.0652898 0.997822 -0.00944392 -0.173301 -0.190655 -0.00318413 0.981652 50.188
0.975678 0.0646832 0.209449 -0.524355 -0.0640462 0.997899 -0.00982976 -0.177191 -0.209645 -0.00382376 0.97777 50.4432
0.971064 0.0650844 0.22978 -0.461313 -0.064261 0.997872 -0.0110731 -0.180346 -0.230012 -0.00401323 0.97318 50.6743
0.96574 0.0670773 0.250695 -0.377129 -0.0658708 0.997741 -0.01321 -0.183067 -0.251014 -0.00375602 0.967976 50.9119
0.959407 0.0685647 0.273565 -0.285788 -0.0669024 0.997641 -0.0154125 -0.188224 -0.273976 -0.0035153 0.96173 51.1543
0.952083 0.0698312 0.297761 -0.200199 -0.0679442 0.997549 -0.0166964 -0.195106 -0.298198 -0.00433482 0.954494 51.3894
0.943446 0.0725413 0.323492 -0.101074 -0.0705902 0.997347 -0.0177771 -0.20073 -0.323923 -0.00606366 0.946064 51.6327
0.93349 0.0748289 0.350711 0.019662 -0.0728705 0.997164 -0.0187985 -0.210078 -0.351123 -0.00800828 0.936295 51.8788
0.922298 0.0758345 0.378967 0.123518 -0.0735667 0.99708 -0.0204838 -0.216719 -0.379414 -0.00898711 0.925184 52.1107
0.909622 0.0741483 0.408767 0.262569 -0.0712026 0.997209 -0.0224431 -0.227102 -0.40929 -0.0086905 0.912363 52.3431
0.894567 0.0715384 0.441172 0.412386 -0.0672702 0.997413 -0.0253317 -0.23708 -0.441843 -0.00701686 0.897065 52.5756
0.877215 0.0706407 0.474872 0.570123 -0.0643594 0.997491 -0.0294952 -0.247712 -0.475764 -0.00468883 0.87956 52.7822
0.857561 0.072864 0.509196 0.735694 -0.0640723 0.997338 -0.0348081 -0.256455 -0.510377 -0.00277533 0.859946 53.0226
0.835824 0.0748691 0.543868 0.906697 -0.0637751 0.997192 -0.0392632 -0.264785 -0.54528 -0.00186804 0.838252 53.2372
0.811301 0.0780119 0.579401 1.10788 -0.0649671 0.996949 -0.043262 -0.277781 -0.581008 -0.0025435 0.813894 53.4676
0.783949 0.0820045 0.615385 1.33565 -0.0678826 0.996617 -0.0463297 -0.293097 -0.617103 -0.00545389 0.786864 53.7083
0.753777 0.0863938 0.651426 1.549 -0.0712423 0.996221 -0.0496856 -0.304044 -0.653257 -0.00895719 0.757084 53.9315
0.720857 0.0880557 0.687468 1.8157 -0.071631 0.99605 -0.052471 -0.322857 -0.689373 -0.0114199 0.724317 54.1576
0.684491 0.0860211 0.723928 2.11798 -0.0682648 0.996214 -0.0538296 -0.344939 -0.725818 -0.0125729 0.687772 54.402
0.645278 0.0847391 0.759234 2.40671 -0.0657134 0.996302 -0.0553484 -0.366146 -0.761116 -0.0141768 0.64846 54.6005
0.602955 0.0846579 0.793271 2.75291 -0.0638483 0.996285 -0.0577933 -0.384269 -0.795216 -0.0158023 0.60612 54.8225
0.557175 0.0844561 0.826089 3.09952 -0.0606525 0.996296 -0.060949 -0.408953 -0.828177 -0.0161451 0.560234 55.0096
0.509247 0.083381 0.856572 3.48716 -0.0571868 0.996374 -0.0629912 -0.436148 -0.858719 -0.0169066 0.512169 55.1983
0.46056 0.0815835 0.883871 3.90032 -0.0553639 0.996469 -0.063128 -0.463939 -0.8859 -0.0198603 0.463451 55.3882
0.411123 0.0791589 0.908136 4.31259 -0.0549383 0.996563 -0.0619956 -0.491947 -0.909923 -0.0244036 0.414059 55.5318
0.360731 0.0788547 0.929331 4.74641 -0.0570617 0.996419 -0.0623981 -0.511547 -0.930923 -0.0305203 0.363938 55.6846
0.311242 0.0800301 0.946955 5.23426 -0.0558953 0.996264 -0.0658259 -0.531173 -0.948685 -0.0324425 0.314553 55.8215
0.264438 0.0763213 0.961378 5.697 -0.0452519 0.996748 -0.0666821 -0.572092 -0.96334 -0.0258709 0.267032 55.9061
0.220119 0.070779 0.972902 6.19844 -0.0316753 0.997357 -0.0653916 -0.603317 -0.974959 -0.0164231 0.221779 55.9747
0.177452 0.0686724 0.981731 6.72732 -0.021861 0.997591 -0.0658304 -0.642694 -0.983887 -0.00977988 0.178526 56.0379
0.139147 0.0711426 0.987713 7.23532 -0.0181082 0.997432 -0.0692916 -0.658657 -0.990106 -0.00824395 0.140078 56.085
0.106243 0.0713169 0.991779 7.76636 -0.0102391 0.99745 -0.0706278 -0.700308 -0.994288 -0.00265119 0.106702 56.1147
0.0768746 0.069942 0.994585 8.33361 -0.00163873 0.997544 -0.0700235 -0.742187 -0.99704 0.00375317 0.0768004 56.1341
0.051964 0.0682955 0.996311 8.8838 0.00436544 0.997634 -0.0686139 -0.774079 -0.99864 0.00791479 0.0515429 56.1418
0.0320414 0.06733 0.997216 9.45664 0.010284 0.997653 -0.0676899 -0.808148 -0.999434 0.0124243 0.0312738 56.1477
0.015744 0.0685553 0.997523 10.0578 0.012499 0.997555 -0.0687548 -0.843596 -0.999798 0.0135506 0.0148487 56.1463
0.00245458 0.0688081 0.997627 10.6348 0.0136271 0.997535 -0.0688353 -0.87934 -0.999904 0.0137637 0.00151088 56.1337
-0.00921958 0.0697695 0.997521 11.2455 0.0142066 0.997471 -0.0696347 -0.911848 -0.999857 0.0135294 -0.0101875 56.1257
-0.0184739 0.0724919 0.997198 11.8428 0.018943 0.997215 -0.0721422 -0.954307 -0.99965 0.0175572 -0.0197956 56.1023
-0.0252788 0.0741139 0.996929 12.4855 0.0234048 0.997019 -0.0735271 -0.998549 -0.999407 0.0214743 -0.0269381 56.083
-0.0298014 0.0736951 0.996835 13.1094 0.0236264 0.997052 -0.0730047 -1.03558 -0.999277 0.021376 -0.0314547 56.0562
-0.0337972 0.0709865 0.996905 13.7784 0.0213169 0.997299 -0.0702919 -1.07864 -0.999202 0.0188753 -0.0352191 56.0402
-0.0358737 0.0644514 0.997276 14.4401 0.0195112 0.997773 -0.0637817 -1.11457 -0.999166 0.01717 -0.0370513 56.0206
-0.0371886 0.0584509 0.997597 15.1247 0.0201764 0.998128 -0.0577298 -1.15661 -0.999105 0.017981 -0.0382983 56.0001
-0.0381109 0.0560039 0.997703 15.8083 0.0233076 0.998207 -0.0551419 -1.19223 -0.999002 0.0211525 -0.0393478 55.967
-0.0375702 0.0578959 0.997615 16.5168 0.0273089 0.998007 -0.0568901 -1.23833 -0.998921 0.0251064 -0.0390764 55.9414
-0.0365693 0.0652824 0.997197 17.197 0.0282076 0.997534 -0.0642701 -1.27388 -0.998933 0.0257782 -0.0383206 55.9107
-0.0345 0.072938 0.99674 17.9006 0.0273007 0.99703 -0.0720143 -1.31923 -0.999032 0.0247272 -0.0363888 55.888
-0.0328714 0.0743765 0.996688 18.6157 0.0279434 0.996906 -0.0734711 -1.35731 -0.999069 0.0254357 -0.034848 55.872
-0.0305349 0.070128 0.997071 19.3474 0.0283097 0.997196 -0.0692699 -1.40263 -0.999133 0.0261116 -0.0324346 55.8521
-0.0276519 0.0637653 0.997582 20.0872 0.0284122 0.99761 -0.0629796 -1.45009 -0.999214 0.0266019 -0.0293975 55.8345
-0.0252783 0.0617252 0.997773 20.8341 0.0263911 0.997785 -0.0610573 -1.49685 -0.999332 0.0247889 -0.0268514 55.8241
-0.0211398 0.0668104 0.997542 21.5748 0.0331829 0.997262 -0.0660884 -1.55106 -0.999226 0.0317042 -0.0232989 55.8142
-0.018692 0.0722853 0.997209 22.2883 0.0359145 0.996788 -0.0715816 -1.60035 -0.99918 0.0344763 -0.021228 55.7962
-0.0162472 0.0732063 0.997184 23.0289 0.0297073 0.996911 -0.0727022 -1.64474 -0.999427 0.0284424 -0.0183718 55.7915
-0.0127856 0.0702112 0.99745 23.7748 0.024475 0.997255 -0.0698838 -1.68946 -0.999619 0.0235191 -0.0144689 55.8023
-0.00847452 0.065874 0.997792 24.5025 0.0289546 0.997426 -0.0656038 -1.74215 -0.999545 0.0283347 -0.0103601 55.7915
-0.00490416 0.0669994 0.997741 25.2459 0.0340178 0.997187 -0.0667949 -1.79812 -0.999409 0.0336133 -0.00716953 55.7809
-0.00196619 0.0711249 0.997466 25.9642 0.0340786 0.996893 -0.0710169 -1.85089 -0.999417 0.0338526 -0.00438391 55.7831
0.00173196 0.0723778 0.997376 26.702 0.0297991 0.996931 -0.0723972 -1.89244 -0.999555 0.0298463 -0.000430152 55.794
0.00525603 0.0713564 0.997437 27.4686 0.0280546 0.997048 -0.0714763 -1.94925 -0.999593 0.0283583 0.00323864 55.8043
0.00947294 0.0691513 0.997561 28.1992 0.0327736 0.997049 -0.069427 -1.99618 -0.999418 0.0333514 0.00717864 55.8105
0.0132139 0.0687791 0.997544 28.9381 0.0374389 0.996898 -0.0692304 -2.05226 -0.999212 0.0382618 0.0105979 55.8099
0.0163785 0.0698109 0.997426 29.6906 0.0403064 0.996703 -0.0704221 -2.10655 -0.999053 0.0413561 0.0135107 55.8287
0.0195291 0.0697347 0.997374 30.4224 0.0406817 0.996683 -0.070483 -2.15582 -0.998981 0.0419513 0.0166274 55.8369
0.0228164 0.0686104 0.997383 31.1674 0.0418134 0.996704 -0.0695203 -2.20342 -0.998865 0.0432902 0.0198724 55.8537
0.026561 0.0673382 0.997377 31.9186 0.0447211 0.99665 -0.0684801 -2.26001 -0.998646 0.0464227 0.0234606 55.8814
0.0295052 0.067689 0.99727 32.6576 0.0428553 0.996701 -0.0689183 -2.30542 -0.998646 0.0447718 0.026507 55.9039
0.032703 0.069001 0.997081 33.3991 0.0392257 0.996757 -0.0702651 -2.3541 -0.998695 0.0414091 0.0298904 55.9298
0.0355507 0.0691797 0.996971 34.1752 0.0410476 0.996658 -0.0706217 -2.40946 -0.998525 0.0434339 0.0325923 55.9625
0.0383678 0.068641 0.996903 34.909 0.0394115 0.996758 -0.0701478 -2.45924 -0.998486 0.0419809 0.0355381 55.9933
0.0401624 0.0690562 0.996804 35.681 0.0372512 0.996812 -0.0705576 -2.51071 -0.998499 0.0399659 0.037462 56.0322
0.0438418 0.069362 0.996628 36.4127 0.0350071 0.996868 -0.0709186 -2.56523 -0.998425 0.0379983 0.0412763 56.0692
0.0462675 0.0711773 0.99639 37.177 0.0324876 0.996823 -0.0727168 -2.61519 -0.998401 0.0357348 0.0438081 56.116
0.0497187 0.0743685 0.995991 37.9391 0.0322196 0.996585 -0.0760213 -2.67249 -0.998244 0.0358701 0.0471528 56.1594
0.0530721 0.0766609 0.995644 38.7007 0.0318282 0.996413 -0.0784167 -2.72871 -0.998083 0.0358512 0.0504417 56.2063
0.0556747 0.0788579 0.99533 39.4581 0.0262001 0.996418 -0.0804096 -2.78668 -0.998105 0.0305545 0.0534092 56.2635
0.0584448 0.0785025 0.995199 40.2257 0.0216466 0.996569 -0.0798818 -2.83467 -0.998056 0.0262113 0.056545 56.3192
0.0618912 0.078372 0.995001 41.0078 0.0240049 0.996507 -0.0799838 -2.90157 -0.997794 0.0288352 0.0597937 56.3735
0.0656565 0.0795274 0.994668 41.8092 0.0240985 0.996402 -0.0812567 -2.96996 -0.997551 0.0293051 0.0635038 56.4281
0.0688655 0.0805083 0.994372 42.5869 0.0197096 0.996434 -0.0820403 -3.02637 -0.997431 0.0252484 0.0670332 56.4999
0.0737222 0.0793677 0.994116 43.3549 0.0184881 0.996548 -0.0809329 -3.0777 -0.997108 0.0243458 0.0720003 56.5651
0.0787132 0.0780187 0.99384 44.1523 0.019845 0.996613 -0.0798081 -3.15429 -0.9967 0.0260047 0.0768983 56.6297
0.083111 0.0826173 0.99311 44.9687 0.0159291 0.99632 -0.0842174 -3.21089 -0.996413 0.0228187 0.0814891 56.705
0.0891112 0.0902883 0.991921 45.7645 0.0131901 0.995689 -0.0918162 -3.28396 -0.995934 0.0212654 0.0875361 56.7924
0.0971392 0.0955896 0.99067 46.556 0.0117337 0.995198 -0.0971771 -3.35262 -0.995202 0.0210639 0.0955511 56.8749
0.103699 0.0982867 0.98974 47.3612 0.00671083 0.995014 -0.0995134 -3.42584 -0.994586 0.0169615 0.102523 56.9773
0.111475 0.0968971 0.989032 48.1498 0.00404279 0.995183 -0.0979553 -3.49809 -0.993759 0.0149181 0.110547 57.0804
0.11863 0.0947854 0.988404 48.9728 0.00366795 0.995385 -0.095895 -3.57921 -0.992932 0.0150014 0.117734 57.184
0.126246 0.091892 0.987734 49.783 0.00346906 0.995653 -0.0930722 -3.65473 -0.991993 0.0151765 0.125379 57.2959
0.133721 0.0856522 0.987311 50.6007 0.00149518 0.99624 -0.0866293 -3.72892 -0.991018 0.0130604 0.13309 57.4138
0.141284 0.079307 0.986787 51.4207 -0.00104445 0.996797 -0.079962 -3.79228 -0.989969 0.0102667 0.140914 57.5402
0.148669 0.0752613 0.986019 52.2217 -0.000567828 0.997106 -0.0760219 -3.86269 -0.988887 0.0107422 0.148282 57.6754
0.155926 0.0771626 0.98475 53.0194 -0.000336139 0.996948 -0.0780652 -3.92932 -0.987769 0.0118414 0.155476 57.8082
0.161719 0.0836137 0.983288 53.8094 -0.00103955 0.996418 -0.0845592 -3.99596 -0.986836 0.0126526 0.161226 57.9477
0.166766 0.0878118 0.982078 54.584 -0.00286516 0.996065 -0.0885758 -4.06057 -0.985992 0.0119577 0.166362 58.0847
0.171958 0.0903028 0.980956 55.36 -0.00392519 0.995845 -0.0909853 -4.13416 -0.985097 0.0117952 0.171598 58.2408
0.177299 0.0905205 0.979985 56.1235 -0.00588897 0.995841 -0.0909196 -4.2017 -0.98414 0.0103488 0.177094 58.385
0.182177 0.0872206 0.97939 56.8617 -0.00341156 0.996108 -0.0880749 -4.27268 -0.98326 0.012704 0.181766 58.5289
0.187253 0.0815357 0.978922 57.6461 -0.00220739 0.996582 -0.0825844 -4.3375 -0.982309 0.0133034 0.186793 58.6852
0.191013 0.0739211 0.9788 58.3856 -0.00285296 0.997198 -0.0747538 -4.40437 -0.981583 0.0114865 0.190689 58.8274
0.193803 0.0709089 0.978474 59.1073 -0.00616604 0.997453 -0.0710629 -4.45899 -0.981021 0.00773889 0.193746 58.985
0.19717 0.0706375 0.977821 59.8633 -0.00810739 0.997484 -0.0704232 -4.52233 -0.980336 0.00595779 0.197247 59.1478
0.198892 0.0727417 0.977318 60.5622 -0.0100475 0.997341 -0.0721872 -4.57463 -0.97997 0.00453788 0.199094 59.2958
0.201213 0.0764434 0.97656 61.2609 -0.0131748 0.997071 -0.0753344 -4.63057 -0.979459 0.00229232 0.201631 59.4522
0.203097 0.081447 0.975765 61.9518 -0.0149378 0.996676 -0.0800833 -4.68761 -0.979045 0.00168884 0.203638 59.6102
0.20458 0.0868487 0.974989 62.6325 -0.016838 0.996221 -0.0852068 -4.74541 -0.978705 0.00101476 0.20527 59.7553
0.206229 0.0886374 0.974481 63.3115 -0.0158576 0.996061 -0.0872443 -4.80793 -0.978375 0.00253934 0.206822 59.9123
0.207522 0.0885241 0.974217 63.9748 -0.0178108 0.996074 -0.0867163 -4.85915 -0.978068 0.000644045 0.208284 60.0627
0.208308 0.0857763 0.974295 64.6317 -0.0172079 0.996314 -0.0840358 -4.92522 -0.977912 0.000739758 0.209016 60.2086
0.209211 0.083148 0.974329 65.2956 -0.0165799 0.996537 -0.0814831 -4.98031 -0.97773 0.000892868 0.209865 60.3596
0.208857 0.0823157 0.974476 65.9391 -0.0168861 0.996606 -0.0805659 -5.03653 -0.9778 0.000371684 0.209538 60.4983
0.207987 0.0812485 0.974751 66.5639 -0.0164276 0.996694 -0.0795722 -5.09344 -0.977994 0.000537186 0.208634 60.6409
0.206008 0.0817079 0.975133 67.1922 -0.0170357 0.996656 -0.0799123 -5.14893 -0.978402 -0.000149497 0.206711 60.7684
0.20336 0.0848706 0.975419 67.8069 -0.0183006 0.996392 -0.08288 -5.19994 -0.978933 -0.000996213 0.20418 60.8991
0.201335 0.0885651 0.97551 68.3911 -0.0170091 0.99607 -0.0869211 -5.25698 -0.979375 0.000907778 0.202051 61.0146
0.199131 0.0893392 0.975892 68.9916 -0.0149669 0.995997 -0.0881257 -5.30989 -0.979859 0.00294244 0.199671 61.1342
0.197015 0.0882796 0.976418 69.5666 -0.0154997 0.996094 -0.0869311 -5.35985 -0.980278 0.00199256 0.197613 61.2489
0.194792 0.085409 0.977119 70.1532 -0.0156359 0.996346 -0.0839725 -5.40747 -0.98072 0.00107902 0.195416 61.3676
0.192957 0.0814219 0.977823 70.7138 -0.0141637 0.996678 -0.080197 -5.45864 -0.981105 0.00162502 0.193469 61.4721
0.191028 0.0798566 0.978331 71.2726 -0.0105391 0.996795 -0.0793058 -5.51062 -0.981528 0.00483889 0.191257 61.5826
0.188635 0.0814228 0.978666 71.8099 -0.00693809 0.996643 -0.0815811 -5.55637 -0.982023 0.00859898 0.188566 61.6798
0.186726 0.0832475 0.978879 72.3523 -0.002773 0.996444 -0.0842123 -5.60395 -0.982408 0.0130102 0.186293 61.7723
0.184784 0.0855018 0.979053 72.8943 -0.00318025 0.996255 -0.0864038 -5.64556 -0.982774 0.0128524 0.184364 61.8818
0.18315 0.0873761 0.979194 73.4186 -0.00390607 0.996099 -0.0881539 -5.69684 -0.983077 0.0123206 0.182776 61.9861
0.182587 0.0867321 0.979357 73.9721 -0.00217794 0.996135 -0.0878119 -5.74182 -0.983187 0.0139003 0.18207 62.0945
0.183369 0.0846793 0.97939 74.5109 0.00348932 0.996221 -0.0867878 -5.79166 -0.983038 0.0193316 0.18238 62.1944
0.185014 0.0830405 0.979221 75.0569 0.00861461 0.996248 -0.0861121 -5.83628 -0.982698 0.0243676 0.183605 62.2978
0.187245 0.0820526 0.97888 75.6038 0.0114174 0.996256 -0.0856931 -5.88272 -0.982247 0.027222 0.185608 62.3977
0.19031 0.082004 0.978293 76.1512 0.00956955 0.996303 -0.0853752 -5.93198 -0.981677 0.0256096 0.188822 62.5183
0.196086 0.0822471 0.977131 76.7053 0.00808073 0.996307 -0.0854827 -5.97741 -0.980554 0.0246579 0.194697 62.6337
0.202184 0.0813201 0.975965 77.2632 0.00981625 0.996328 -0.0850504 -6.02566 -0.979298 0.0267762 0.200643 62.76
0.209864 0.0810588 0.974365 77.829 0.00770937 0.996389 -0.0845515 -6.07106 -0.9777 0.025256 0.208481 62.8852
0.218137 0.0798561 0.972646 78.3941 0.00756162 0.996478 -0.0835087 -6.11297 -0.975889 0.0255711 0.216764 63.0277
0.227241 0.0789433 0.970634 78.9786 0.00516586 0.996597 -0.0822644 -6.16471 -0.973825 0.023708 0.226059 63.1759
0.236342 0.0788845 0.968462 79.5494 0.00290483 0.996637 -0.0818883 -6.2093 -0.971666 0.0221669 0.235318 63.3174
0.246557 0.0819863 0.965654 80.1378 -0.00180425 0.996452 -0.0841405 -6.2575 -0.969127 0.0190032 0.24583 63.4933
0.25571 0.0850336 0.963007 80.7225 -0.00556367 0.996237 -0.0864905 -6.3023 -0.966738 0.0167587 0.255221 63.6628
0.266881 0.0872418 0.959773 81.3282 -0.00906047 0.996077 -0.0880224 -6.3498 -0.963687 0.0147955 0.266624 63.8481
0.277563 0.0889963 0.956576 81.9278 -0.0110503 0.99593 -0.0894512 -6.40578 -0.960644 0.0142579 0.277417 64.0278
0.287613 0.0901084 0.953498 82.5534 -0.0147081 0.995862 -0.0896753 -6.45838 -0.957634 0.0117676 0.287748 64.2331
0.297718 0.0904557 0.950359 83.1666 -0.0153761 0.995826 -0.0899664 -6.5103 -0.95453 0.0121718 0.297866 64.4364
0.307805 0.0912187 0.947066 83.7865 -0.0189481 0.995784 -0.0897528 -6.56146 -0.951261 0.00968133 0.308236 64.6496
0.319012 0.0871018 0.94374 84.4904 -0.0189546 0.996155 -0.0855322 -6.61639 -0.947561 0.00939761 0.319436 64.9057
0.328892 0.0790895 0.94105 85.1111 -0.0152174 0.996801 -0.0784566 -6.66904 -0.944245 0.0114834 0.329043 65.1213
0.339977 0.0745123 0.937477 85.8025 -0.0132925 0.997137 -0.0744336 -6.72646 -0.94034 0.0128442 0.339994 65.3745
0.350227 0.070962 0.933973 86.4739 -0.0120165 0.997384 -0.0712738 -6.77072 -0.936588 0.013739 0.350164 65.6459
0.359242 0.0684226 0.930733 87.153 -0.0084753 0.997507 -0.0700602 -6.82169 -0.933206 0.0172803 0.358926 65.9055
0.368117 0.0644192 0.927545 87.8473 -0.0021688 0.997654 -0.0684276 -6.8612 -0.929777 0.0231777 0.367393 66.1789
0.37567 0.054604 0.925144 88.5915 0.00738812 0.998055 -0.0619074 -6.90845 -0.926724 0.0300918 0.374536 66.47
0.382596 0.0491252 0.922609 89.2748 0.013506 0.998181 -0.0587499 -6.95785 -0.923817 0.0349383 0.381237 66.7531
0.389905 0.0486698 0.919568 90.0022 0.0175114 0.99803 -0.0602475 -7.00043 -0.920689 0.0395938 0.388284 67.0656
0.397236 0.0546157 0.91609 90.7109 0.0189657 0.997526 -0.0676947 -7.05253 -0.917521 0.044265 0.395217 67.3744
0.404917 0.0599565 0.912385 91.4277 0.0214059 0.996953 -0.0750137 -7.10049 -0.914103 0.0499047 0.4024 67.6847
0.410414 0.0616299 0.909814 92.1198 0.0201009 0.99686 -0.0765937 -7.15635 -0.911678 0.0497233 0.407886 68.0074
0.414777 0.0636033 0.907698 92.814 0.0130575 0.997035 -0.07583 -7.21055 -0.90983 0.0433048 0.412716 68.3416
0.419181 0.0665888 0.905458 93.5098 0.00816305 0.99699 -0.0770993 -7.26874 -0.907866 0.0397098 0.417375 68.6777
0.422892 0.0698219 0.903486 94.1862 0.00591293 0.996793 -0.0798003 -7.33562 -0.906161 0.0390892 0.421123 69.0055
0.426624 0.0735127 0.901437 94.8557 0.00421867 0.996519 -0.0832633 -7.39486 -0.904419 0.039325 0.424829 69.3377
0.430469 0.0767881 0.899333 95.51 0.000238279 0.996365 -0.085187 -7.45812 -0.902606 0.0368846 0.428886 69.6561
0.434616 0.0753774 0.897456 96.1754 -7.18161e-05 0.996494 -0.0836608 -7.51756 -0.900616 0.0362959 0.433098 69.9947
0.437525 0.0717449 0.89634 96.8144 0.000773126 0.996782 -0.0801619 -7.58233 -0.899206 0.0357658 0.436061 70.3127
0.441574 0.0691112 0.894559 97.4618 0.0010033 0.99699 -0.07752 -7.64048 -0.897225 0.0351283 0.440175 70.6349
0.445242 0.0678359 0.892837 98.0839 0.000257008 0.997116 -0.075887 -7.70159 -0.89541 0.0340176 0.443941 70.957
0.448487 0.069711 0.891067 98.6968 -0.00213281 0.997034 -0.0769277 -7.75446 -0.893787 0.0326006 0.447305 71.274
0.451773 0.070271 0.889361 99.3049 -0.00181234 0.996963 -0.0778524 -7.81197 -0.892131 0.0335598 0.450529 71.58
0.45364 0.068406 0.888556 99.9032 0.000939618 0.997012 -0.0772353 -7.86305 -0.891184 0.035872 0.452221 71.8954
0.455302 0.066942 0.887817 100.49 0.00281516 0.997056 -0.0766224 -7.91774 -0.890333 0.0373857 0.453773 72.1963
0.457418 0.0669988 0.886724 101.079 0.00174108 0.997088 -0.0762358 -7.96934 -0.88925 0.0364155 0.45597 72.5057
0.459165 0.0661219 0.885887 101.656 0.00334624 0.99709 -0.0761564 -8.02281 -0.888345 0.0379328 0.457608 72.8075
0.462192 0.0680112 0.884168 102.205 0.00295489 0.996931 -0.0782298 -8.07002 -0.886775 0.0387698 0.460573 73.0986
0.464782 0.0680741 0.882804 102.777 0.00492587 0.996826 -0.0794598 -8.12377 -0.885412 0.0412801 0.462971 73.3996
0.46787 0.0671908 0.88124 103.321 0.00753129 0.996767 -0.0799978 -8.17795 -0.883765 0.0440655 0.465851 73.6899
0.470678 0.0654512 0.879874 103.839 0.0102464 0.996772 -0.0796281 -8.22351 -0.882246 0.0464947 0.468488 73.9646
0.474375 0.064385 0.877965 104.38 0.0116091 0.996778 -0.0793706 -8.27361 -0.880246 0.0478439 0.472099 74.2596
0.477021 0.0640622 0.876554 104.892 0.0122547 0.996758 -0.0795162 -8.32358 -0.878806 0.0486729 0.47469 74.545
0.48005 0.0633791 0.874949 105.393 0.0130593 0.99676 -0.079368 -8.3708 -0.877144 0.0495269 0.477667 74.8214
0.484022 0.0626943 0.872807 105.911 0.0147186 0.996706 -0.0797563 -8.41904 -0.874932 0.0514503 0.481505 75.1097
0.488616 0.0640176 0.870147 106.405 0.0141635 0.996591 -0.0812735 -8.46322 -0.872384 0.0520359 0.486044 75.3809
0.492594 0.0639167 0.867909 106.913 0.0164433 0.996438 -0.0827147 -8.5156 -0.870104 0.0550161 0.489788 75.6732
0.497314 0.0670441 0.864976 107.403 0.0146827 0.996216 -0.0856583 -8.5628 -0.867447 0.0552993 0.494448 75.9571
0.502623 0.0727417 0.86144 107.894 0.0113637 0.995812 -0.0907187 -8.61685 -0.864431 0.0553865 0.499691 76.2564
0.508283 0.0800194 0.857464 108.36 0.00591327 0.995326 -0.09639 -8.66448 -0.86117 0.0540639 0.505434 76.5452
0.514285 0.0864353 0.853252 108.836 0.000626461 0.99487 -0.101159 -8.71432 -0.857619 0.0525591 0.511593 76.8557
0.520757 0.091023 0.848838 109.316 -0.00352818 0.994521 -0.10448 -8.7687 -0.853698 0.0514141 0.518225 77.1624
0.525811 0.0916542 0.845649 109.804 -0.00728121 0.994626 -0.103274 -8.82334 -0.85057 0.0481451 0.523653 77.484
0.531816 0.0905351 0.842007 110.295 -0.0134085 0.995045 -0.0985213 -8.87544 -0.846754 0.0411051 0.530394 77.8195
0.537566 0.0883351 0.838582 110.793 -0.0197437 0.995544 -0.0922127 -8.93137 -0.84299 0.0330138 0.536915 78.156
0.543762 0.0863918 0.834781 111.29 -0.0259886 0.995944 -0.086142 -8.98606 -0.838837 0.025146 0.543802 78.5006
0.54922 0.0847115 0.831373 111.797 -0.0289334 0.99618 -0.0823903 -9.03855 -0.835177 0.021196 0.549573 78.8589
0.555368 0.0878694 0.82695 112.3 -0.0338324 0.995966 -0.0831073 -9.08658 -0.830916 0.0181774 0.5561 79.2116
0.561892 0.0918799 0.822092 112.825 -0.0381169 0.995633 -0.0852228 -9.13413 -0.826332 0.0165504 0.56294 79.583
0.56775 0.095349 0.81766 113.348 -0.041089 0.995314 -0.087535 -9.18613 -0.822175 0.0161011 0.569007 79.9697
0.573774 0.0976939 0.813166 113.869 -0.0433659 0.995091 -0.0889513 -9.2333 -0.817865 0.0157743 0.575194 80.355
0.580434 0.0988638 0.808284 114.416 -0.0466451 0.99501 -0.0882066 -9.28712 -0.812971 0.0134956 0.582148 80.7692
0.586707 0.100404 0.803551 114.962 -0.051849 0.994906 -0.086457 -9.33867 -0.808138 0.00906156 0.588923 81.1898
0.592891 0.0988188 0.799196 115.513 -0.0526608 0.995076 -0.0839718 -9.39152 -0.803559 0.00769981 0.595176 81.6139
0.601196 0.0967676 0.793221 116.087 -0.0529668 0.995283 -0.0812733 -9.44679 -0.797345 0.00684679 0.603486 82.059
0.60827 0.0968805 0.787795 116.651 -0.0542536 0.995277 -0.0805058 -9.50282 -0.791874 0.00622851 0.610653 82.516
0.615931 0.0988383 0.781576 117.218 -0.0578223 0.995094 -0.0802724 -9.55278 -0.785676 0.00424971 0.618624 82.9772
0.623568 0.0995595 0.775403 117.803 -0.0590622 0.995023 -0.080261 -9.60803 -0.779535 0.00425119 0.626345 83.4834
0.630871 0.100277 0.769381 118.388 -0.060869 0.994954 -0.0797657 -9.65833 -0.773497 0.00349044 0.633791 83.9699
0.635426 0.0994907 0.765725 118.968 -0.0610862 0.995034 -0.0785931 -9.71214 -0.769742 0.00316488 0.638348 84.4696
0.639585 0.0977819 0.762476 119.58 -0.0594988 0.995198 -0.0777177 -9.76935 -0.766414 0.00434074 0.642332 84.985
0.642915 0.0955717 0.759952 120.184 -0.0565231 0.995399 -0.0773635 -9.82601 -0.76385 0.00678336 0.645359 85.5055
0.646618 0.0917176 0.75728 120.814 -0.0510158 0.995722 -0.0770356 -9.88514 -0.761106 0.0111793 0.648531 86.0492
0.650476 0.0852969 0.754722 121.444 -0.0433044 0.996223 -0.0752677 -9.94227 -0.758291 0.0162771 0.651713 86.5817
0.654315 0.0793212 0.752051 122.071 -0.0371025 0.996653 -0.0728395 -9.99931 -0.755312 0.019757 0.655068 87.13
0.657678 0.073918 0.749663 122.707 -0.0322351 0.997024 -0.0700284 -10.0594 -0.752609 0.0218907 0.658104 87.6752
0.661387 0.0718211 0.746598 123.344 -0.0305399 0.997158 -0.0688701 -10.1126 -0.749423 0.0227488 0.661701 88.2549
0.663457 0.0736236 0.744583 123.962 -0.0321155 0.997032 -0.0699692 -10.1731 -0.747525 0.0225089 0.663853 88.8208
0.667487 0.0780014 0.740525 124.626 -0.0371815 0.996749 -0.0714758 -10.2271 -0.743693 0.0201754 0.668217 89.4431
0.669736 0.0812876 0.738137 125.254 -0.0428819 0.996566 -0.070839 -10.2801 -0.74136 0.0157907 0.670922 90.0393
0.67321 0.0791166 0.735206 125.893 -0.0443491 0.99679 -0.0666565 -10.3367 -0.73812 0.0122681 0.674558 90.6289
0.676477 0.076178 0.732513 126.541 -0.0467766 0.997072 -0.0604926 -10.3856 -0.734977 0.0066574 0.67806 91.2547
0.679922 0.0700774 0.729928 127.176 -0.0457315 0.997538 -0.053171 -10.435 -0.731857 0.00277144 0.681453 91.8596
0.684924 0.0654122 0.725673 127.841 -0.0424859 0.997853 -0.0498463 -10.4778 -0.727375 0.00331006 0.686232 92.4886
0.689071 0.0624617 0.721997 128.482 -0.037467 0.998017 -0.0505825 -10.5255 -0.723725 0.00780393 0.690045 93.1011
0.694699 0.0594529 0.71684 129.137 -0.0274852 0.998045 -0.0561391 -10.5722 -0.718776 0.0192973 0.694974 93.7203
0.699935 0.0614188 0.71156 129.772 -0.0223584 0.997692 -0.0641232 -10.6222 -0.713856 0.0289728 0.699693 94.3542
0.705223 0.0617219 0.706294 130.43 -0.0195089 0.997516 -0.0676919 -10.6792 -0.708718 0.0339588 0.704675 95.0045
0.711392 0.0572089 0.700463 131.066 -0.0156637 0.997724 -0.065579 -10.726 -0.702621 0.0356805 0.710669 95.668
0.717329 0.0508593 0.694876 131.716 -0.0112007 0.998045 -0.0614863 -10.7908 -0.696645 0.0363228 0.716496 96.3329
0.722688 0.0471976 0.689561 132.334 -0.0054972 0.998027 -0.0625495 -10.8416 -0.691152 0.0414132 0.721522 96.9936
0.727309 0.0502341 0.68447 132.984 -0.00553348 0.997715 -0.0673438 -10.9059 -0.686288 0.0451922 0.725924 97.6801
0.730783 0.0520945 0.680619 133.599 -0.00593157 0.997531 -0.0699821 -10.9562 -0.682584 0.0471046 0.729288 98.3482
0.734239 0.0489276 0.677126 134.231 -0.00352889 0.997661 -0.0682622 -11.018 -0.678882 0.0477312 0.732694 99.0409
0.737535 0.0426103 0.673963 134.863 0.00101303 0.997936 -0.0642015 -11.0799 -0.675308 0.0480336 0.73597 99.7267
0.73836 0.038613 0.673301 135.492 0.00350531 0.998126 -0.0610854 -11.1394 -0.674398 0.0474631 0.736841 100.411
0.739044 0.033545 0.672822 136.131 0.00780144 0.998266 -0.0583401 -11.1946 -0.673613 0.0483649 0.737501 101.122
0.738742 0.0324731 0.673205 136.766 0.00778132 0.998361 -0.0566963 -11.2518 -0.673943 0.0471224 0.737279 101.827
0.73901 0.032689 0.672901 137.374 0.00720601 0.998381 -0.0564144 -11.3016 -0.673656 0.0465398 0.737578 102.506
0.738186 0.035217 0.673677 138.016 0.00450438 0.998357 -0.0571255 -11.3564 -0.674582 0.0452038 0.736815 103.222
0.737575 0.03869 0.674156 138.615 0.00148375 0.998262 -0.0589138 -11.406 -0.675264 0.0444536 0.736235 103.901
0.734869 0.0428755 0.676852 139.257 -0.00311228 0.998202 -0.0598525 -11.4641 -0.678202 0.0418772 0.733682 104.618
0.733196 0.0451431 0.678517 139.881 -0.00597292 0.998183 -0.0599569 -11.5175 -0.679991 0.0399075 0.732134 105.32
0.731376 0.0471672 0.680342 140.502 -0.00938707 0.998207 -0.0591131 -11.5728 -0.68191 0.0368475 0.730507 106.004
0.728462 0.0465575 0.683503 141.115 -0.0101179 0.998311 -0.0572175 -11.6272 -0.685012 0.0347652 0.727702 106.671
0.726727 0.0451264 0.685443 141.755 -0.0105823 0.998457 -0.054514 -11.6773 -0.686845 0.0323632 0.726083 107.363
0.723763 0.0413088 0.688811 142.401 -0.00653718 0.998572 -0.0530167 -11.7293 -0.690018 0.0338686 0.723 108.043
0.721504 0.0442155 0.690997 143.055 -0.00608061 0.998325 -0.0575317 -11.7972 -0.692384 0.0373077 0.720564 108.748
0.717082 0.0566403 0.694683 143.648 -0.0146253 0.997696 -0.0662492 -11.8414 -0.696835 0.0373462 0.716259 109.371
0.714187 0.0625187 0.697158 144.301 -0.0175588 0.99729 -0.0714458 -11.9048 -0.699735 0.0387844 0.713349 110.041
0.710458 0.0606513 0.701121 144.937 -0.0164292 0.997437 -0.0696365 -11.9654 -0.703548 0.037955 0.709634 110.71
0.706681 0.0590621 0.705063 145.566 -0.0206313 0.997806 -0.0629061 -12.0261 -0.707232 0.0299081 0.706349 111.361
0.704078 0.0569077 0.707839 146.204 -0.0209609 0.998015 -0.0593873 -12.0814 -0.709813 0.0269764 0.703873 112.001
0.700453 0.0572069 0.711402 146.841 -0.0222595 0.998049 -0.0583405 -12.1366 -0.713351 0.0250294 0.70036 112.644
0.696388 0.0552144 0.715539 147.482 -0.0186691 0.998092 -0.0588482 -12.1903 -0.717423 0.0276227 0.69609 113.292
0.692952 0.0544032 0.718928 148.125 -0.0158616 0.998058 -0.0602372 -12.2465 -0.720809 0.0303381 0.692469 113.906
0.690392 0.0536934 0.72144 148.792 -0.0116 0.997935 -0.0631709 -12.3009 -0.723342 0.0352441 0.68959 114.534
0.685659 0.0545841 0.725874 149.443 -0.0107041 0.997833 -0.0649237 -12.3597 -0.727844 0.0367457 0.684757 115.157
0.68224 0.0554322 0.729024 150.086 -0.0103963 0.997756 -0.0661365 -12.4113 -0.731054 0.0375418 0.681286 115.768
0.678499 0.0567167 0.732408 150.761 -0.0123972 0.997757 -0.0657802 -12.4704 -0.734497 0.035552 0.67768 116.393
0.673233 0.0565764 0.737263 151.416 -0.0114728 0.997748 -0.0660892 -12.532 -0.739341 0.0360349 0.672366 117.003
0.668055 0.0595154 0.741728 152.076 -0.0142481 0.997637 -0.0672163 -12.585 -0.743976 0.034336 0.667324 117.603
0.662449 0.0658358 0.746209 152.761 -0.0177088 0.997229 -0.0722615 -12.6567 -0.748898 0.0346551 0.661779 118.211
0.655662 0.0727484 0.751542 153.434 -0.0216095 0.996748 -0.0776315 -12.7124 -0.754745 0.0346595 0.655102 118.801
0.649511 0.0762191 0.756522 154.099 -0.0245604 0.996547 -0.0793151 -12.7799 -0.759956 0.0329356 0.64914 119.366
0.642146 0.070352 0.763347 154.819 -0.0236701 0.997125 -0.0719857 -12.8481 -0.766217 0.0281568 0.641965 120.008
0.635475 0.0648782 0.769391 155.54 -0.026378 0.997706 -0.062344 -12.8973 -0.771671 0.0193231 0.635729 120.614
0.628603 0.0598414 0.775421 156.246 -0.025227 0.99808 -0.0565741 -12.9627 -0.777317 0.0160012 0.628905 121.193
0.62144 0.0615806 0.781038 156.977 -0.0310668 0.998059 -0.053973 -13.0048 -0.782846 0.00927659 0.622147 121.787
0.613371 0.063529 0.787236 157.689 -0.0314252 0.997934 -0.0560472 -13.0613 -0.78917 0.00963863 0.6141 122.346
0.607491 0.0620722 0.791897 158.45 -0.0219822 0.997874 -0.0613542 -13.1083 -0.794022 0.0198645 0.607564 122.938
0.599665 0.071309 0.797068 159.196 -0.0254944 0.997219 -0.0700349 -13.1783 -0.799845 0.0216767 0.599815 123.499
0.593278 0.0728074 0.801698 159.917 -0.0217792 0.996989 -0.0744258 -13.2407 -0.804703 0.0266949 0.593077 124.027
0.586385 0.0684041 0.807139 160.701 -0.0175353 0.997267 -0.0717777 -13.2993 -0.809843 0.0279359 0.585981 124.596
0.579092 0.0625123 0.812862 161.463 -0.0121339 0.997607 -0.0680755 -13.3657 -0.815172 0.0295588 0.578464 125.147
0.572062 0.0615601 0.817897 162.209 -0.0121617 0.997707 -0.0665874 -13.4303 -0.820121 0.0281451 0.571498 125.684
0.56539 0.0628829 0.822423 162.962 -0.0130825 0.997648 -0.0672869 -13.49 -0.82472 0.027284 0.564883 126.197
0.558959 0.0612191 0.826933 163.705 -0.0101954 0.997703 -0.0669699 -13.5522 -0.829133 0.0290025 0.558299 126.697
0.554223 0.054717 0.830568 164.483 -0.00331607 0.997974 -0.0635328 -13.6149 -0.832362 0.0324571 0.553281 127.215
0.548553 0.0519352 0.834502 165.218 -0.00252673 0.998168 -0.06046 -13.6758 -0.836112 0.0310569 0.547679 127.721
0.544775 0.0512718 0.837013 165.94 -0.00383995 0.998271 -0.0586505 -13.7249 -0.838573 0.0287373 0.54403 128.198
0.539412 0.0528692 0.840381 166.695 -0.0046425 0.998199 -0.0598178 -13.7869 -0.84203 0.028365 0.538685 128.687
0.535848 0.0556196 0.842481 167.417 -0.00340643 0.997962 -0.0637177 -13.8435 -0.844308 0.0312732 0.534945 129.152
0.53299 0.0613529 0.843894 168.135 -0.00415067 0.997545 -0.0699022 -13.9023 -0.846112 0.0337544 0.531936 129.611
0.530084 0.064244 0.845508 168.855 -0.00708803 0.997427 -0.0713434 -13.9575 -0.847915 0.031825 0.529176 130.069
0.526741 0.059606 0.847934 169.574 -0.00574253 0.997765 -0.0665711 -14.0154 -0.850007 0.0301964 0.525906 130.527
0.524497 0.051657 0.849844 170.313 -0.00215206 0.998235 -0.0593486 -14.0723 -0.85141 0.0292992 0.523682 130.987
0.521655 0.0456296 0.851935 171.036 0.00316447 0.998459 -0.055415 -14.1331 -0.853151 0.0316034 0.520706 131.425
0.519587 0.0439458 0.853287 171.729 0.00777454 0.998392 -0.0561531 -14.1792 -0.854382 0.0358103 0.51841 131.835
0.518102 0.0460935 0.854076 172.424 0.00978889 0.998162 -0.0598078 -14.2307 -0.855263 0.039347 0.516698 132.269
0.515816 0.0535062 0.855027 173.137 0.00785419 0.99771 -0.0671733 -14.2886 -0.856664 0.0413646 0.514214 132.709
0.513905 0.0620332 0.855601 173.736 0.00498103 0.99715 -0.0752876 -14.3339 -0.857833 0.0429524 0.512131 133.063
0.511248 0.0636048 0.857076 174.421 0.00789233 0.996868 -0.0786867 -14.399 -0.859397 0.0469928 0.509145 133.484
0.50852 0.0577808 0.859109 175.13 0.0074515 0.997413 -0.0714933 -14.4562 -0.861018 0.0427574 0.506774 133.91
0.506179 0.0501325 0.86097 175.787 0.00152402 0.998256 -0.0590223 -14.504 -0.862428 0.031188 0.505219 134.294
0.503899 0.0461375 0.86253 176.463 -0.00454454 0.9987 -0.0507664 -14.5569 -0.863751 0.0216613 0.503453 134.713
0.50014 0.0477003 0.86463 177.103 -0.0068889 0.998669 -0.0511102 -14.6034 -0.865917 0.0196059 0.499803 135.095
0.497327 0.0506673 0.866082 177.72 -0.00528947 0.998452 -0.0553738 -14.6471 -0.867547 0.0229578 0.496825 135.46
0.49507 0.0524276 0.86727 178.376 -0.00452207 0.99832 -0.0577684 -14.6916 -0.868842 0.0246775 0.494475 135.843
0.492339 0.0513352 0.868888 179.006 -0.00352453 0.998369 -0.056988 -14.7318 -0.870396 0.024995 0.491717 136.2
0.489662 0.0506618 0.870439 179.646 -0.00412876 0.998434 -0.0557889 -14.7798 -0.871903 0.0237239 0.489105 136.57
0.487497 0.0500267 0.87169 180.266 -0.0038332 0.99847 -0.0551589 -14.8204 -0.873116 0.0235484 0.486943 136.915
0.484408 0.0500761 0.873408 180.873 -0.00247642 0.998435 -0.0558709 -14.8637 -0.874838 0.0249014 0.483774 137.254
0.480226 0.0517933 0.875614 181.474 -0.0019173 0.998315 -0.0579996 -14.9058 -0.877143 0.0261741 0.479516 137.584
0.475969 0.0537143 0.87782 182.075 -0.00171235 0.998188 -0.0601512 -14.9482 -0.879461 0.0271269 0.475198 137.915
0.47151 0.055695 0.8801 182.663 -0.00173867 0.99806 -0.0622283 -14.9896 -0.881859 0.0278111 0.470692 138.233
0.466337 0.0582906 0.882685 183.261 -0.00217468 0.997899 -0.0647502 -15.0334 -0.884605 0.0282758 0.465484 138.547
0.460624 0.0613891 0.88547 183.848 -0.00156348 0.99766 -0.0683538 -15.078 -0.887594 0.030101 0.459642 138.856
0.45411 0.0638458 0.888655 184.435 0.000274846 0.997419 -0.0718004 -15.1254 -0.890946 0.0328496 0.452921 139.149
0.447763 0.0665146 0.891675 185.038 -0.00149368 0.997284 -0.0736425 -15.1741 -0.894151 0.0316425 0.446646 139.455
0.440431 0.0685671 0.895164 185.647 -0.00572229 0.997273 -0.0735729 -15.2191 -0.897768 0.0272814 0.439622 139.76
0.433984 0.0699976 0.898197 186.254 -0.00911514 0.997267 -0.0733141 -15.2625 -0.900875 0.02363 0.433436 140.049
0.427785 0.0707166 0.90111 186.87 -0.00915805 0.997223 -0.0739117 -15.3155 -0.903834 0.0233659 0.427245 140.35
0.420455 0.0739011 0.904299 187.508 -0.0106419 0.99701 -0.0765298 -15.3686 -0.907251 0.0225538 0.419984 140.654
0.412876 0.0789402 0.90736 188.13 -0.0139082 0.996667 -0.0803813 -15.4159 -0.910681 0.0205678 0.412598 140.925
0.405371 0.0827238 0.910401 188.77 -0.01636 0.996394 -0.0832529 -15.4669 -0.914006 0.0188542 0.405263 141.235
0.397766 0.0856175 0.913483 189.425 -0.0176728 0.996167 -0.0856717 -15.5223 -0.917317 0.0179335 0.397754 141.519
0.390387 0.087864 0.916449 190.08 -0.0181941 0.995977 -0.0877385 -15.5818 -0.920471 0.017578 0.390415 141.812
0.383427 0.0901492 0.919161 190.745 -0.0190586 0.995785 -0.0897141 -15.6404 -0.923375 0.0168808 0.383529 142.096
0.375952 0.090307 0.922228 191.417 -0.0161767 0.995728 -0.0909097 -15.7035 -0.926498 0.0192591 0.375806 142.365
0.368783 0.0896898 0.925178 192.12 -0.0143563 0.995765 -0.0908101 -15.7622 -0.929405 0.0202071 0.368508 142.662
0.361106 0.0871922 0.92844 192.833 -0.0130195 0.995994 -0.0884726 -15.8286 -0.932434 0.0198602 0.360794 142.937
0.354661 0.0845524 0.931164 193.542 -0.0141421 0.996274 -0.0850781 -15.8852 -0.934888 0.0170053 0.354535 143.2
0.347694 0.0807185 0.934127 194.294 -0.0123377 0.996595 -0.0815241 -15.9469 -0.937527 0.0168204 0.347506 143.492
0.341512 0.0762175 0.936782 195.043 -0.0097372 0.99694 -0.0775622 -16.0121 -0.939827 0.0173668 0.341209 143.765
0.336772 0.0713929 0.938876 195.794 -0.0097856 0.997333 -0.072328 -16.063 -0.941535 0.0151706 0.336573 144.032
0.330872 0.0659626 0.941368 196.584 -0.00810037 0.997716 -0.0670639 -16.1112 -0.943641 0.0145641 0.33065 144.31
0.326087 0.0655736 0.943063 197.371 -0.00367481 0.997672 -0.0681001 -16.1737 -0.945333 0.018741 0.325569 144.591
0.320886 0.0726251 0.944329 198.141 -5.49825e-05 0.997057 -0.0766615 -16.23 -0.947118 0.0245477 0.319945 144.846
0.316676 0.0834956 0.944852 198.944 0.00279427 0.996032 -0.0889549 -16.2877 -0.94853 0.0308101 0.315186 145.111
0.312386 0.0902618 0.945657 199.746 0.0077499 0.9952 -0.0975507 -16.355 -0.949924 0.0378022 0.310187 145.369
0.307916 0.0866833 0.947456 200.57 0.0154387 0.995255 -0.0960739 -16.4258 -0.951288 0.0442102 0.305117 145.627
0.302644 0.0785062 0.949865 201.444 0.0223123 0.995745 -0.0894074 -16.5049 -0.952842 0.0482524 0.299605 145.903
0.298544 0.0733264 0.951575 202.284 0.0267629 0.996009 -0.0851469 -16.5785 -0.954021 0.050887 0.29539 146.152
0.293256 0.0781135 0.952837 203.166 0.0238128 0.99575 -0.0889604 -16.6645 -0.955737 0.0487779 0.29015 146.425
0.28876 0.0879363 0.953354 204.002 0.0171969 0.995136 -0.096999 -16.7324 -0.957247 0.0444042 0.285844 146.687
0.282216 0.0915442 0.954973 204.855 0.0114557 0.995044 -0.0987708 -16.8137 -0.959283 0.0388146 0.279769 146.959
0.278496 0.0875994 0.956434 205.752 0.0105014 0.995495 -0.0942347 -16.8924 -0.96038 0.0362878 0.276321 147.217
0.273705 0.0837636 0.958159 206.668 0.0105426 0.995879 -0.0900727 -16.9775 -0.961756 0.0347549 0.271695 147.484
0.266839 0.0847123 0.960011 207.514 0.00876559 0.995875 -0.0903134 -17.0541 -0.963701 0.0325142 0.264996 147.731
0.262104 0.0886011 0.960964 208.37 0.00525817 0.995631 -0.0932316 -17.1319 -0.965025 0.0294893 0.260493 147.966
0.258336 0.0893117 0.961918 209.3 0.00874675 0.99546 -0.0947751 -17.2137 -0.966016 0.0328975 0.256382 148.214
0.252898 0.0885546 0.963432 210.202 0.0129095 0.995405 -0.0948821 -17.3001 -0.967407 0.036433 0.250593 148.446
0.248852 0.0871805 0.96461 211.152 0.0158292 0.995442 -0.0940507 -17.3843 -0.968412 0.0386737 0.246338 148.694
0.245031 0.0863016 0.965667 212.07 0.017792 0.995462 -0.093479 -17.4701 -0.969352 0.0400864 0.242383 148.932
0.241436 0.0852529 0.966665 212.985 0.0186285 0.995543 -0.0924525 -17.5536 -0.970238 0.0403289 0.238772 149.159
0.240239 0.08414 0.96706 213.928 0.0161983 0.99575 -0.0906602 -17.6401 -0.970579 0.0374449 0.237855 149.397
0.235925 0.0816154 0.968338 214.853 0.016994 0.995968 -0.0880846 -17.7212 -0.971623 0.0372373 0.233587 149.628
0.23404 0.0821156 0.968753 215.823 0.0140101 0.996039 -0.0878131 -17.8069 -0.972126 0.0341241 0.231962 149.869
0.232031 0.0847465 0.96901 216.674 0.0109896 0.995906 -0.0897302 -17.8878 -0.972646 0.0314692 0.23015 150.085
0.229803 0.0861473 0.969417 217.735 0.0100851 0.995811 -0.0908834 -17.9777 -0.973185 0.0306619 0.227971 150.339
0.227507 0.0859908 0.969972 218.607 0.0118073 0.995777 -0.0910478 -18.054 -0.973705 0.0321668 0.225531 150.551
0.225837 0.0843697 0.970505 219.533 0.0112481 0.99595 -0.0891992 -18.1499 -0.9741 0.0310609 0.223974 150.775
0.224244 0.0808426 0.971174 220.484 0.0123095 0.996239 -0.0857713 -18.217 -0.974455 0.0311883 0.222406 150.994
0.222265 0.0771776 0.971927 221.442 0.0152523 0.996465 -0.082614 -18.3137 -0.974867 0.0331863 0.220302 151.217
0.222273 0.0802743 0.971674 222.385 0.0143915 0.996226 -0.0855947 -18.3869 -0.974878 0.0330092 0.220279 151.435
0.219076 0.0857091 0.971936 223.282 0.0122317 0.995815 -0.0905719 -18.4713 -0.975631 0.0317306 0.217111 151.642
0.2164 0.0890993 0.972231 224.207 0.0135883 0.995456 -0.0942522 -18.5532 -0.97621 0.0336071 0.214205 151.855
0.212881 0.0900209 0.972922 225.073 0.0117365 0.995439 -0.0946723 -18.6352 -0.977008 0.0315727 0.210854 152.058
0.211049 0.0865116 0.97364 226.127 0.010828 0.995808 -0.0908284 -18.7329 -0.977416 0.0297118 0.209227 152.279
0.208526 0.0809158 0.974664 227.045 0.0104551 0.99633 -0.0849514 -18.8126 -0.977961 0.0279048 0.206915 152.481
0.203976 0.0766395 0.975971 228.008 0.012447 0.996647 -0.0808645 -18.8985 -0.978897 0.0286423 0.202338 152.686
0.198767 0.0766501 0.977045 228.891 0.0104059 0.996716 -0.0803103 -18.974 -0.979992 0.02613 0.197317 152.876
0.193888 0.0782199 0.9779 229.849 0.00977309 0.996613 -0.0816543 -19.0505 -0.980975 0.025389 0.192467 153.062
0.190044 0.0781831 0.978658 230.747 0.0105412 0.996604 -0.0816638 -19.1225 -0.981719 0.025836 0.188574 153.246
0.186629 0.0783726 0.979299 231.654 0.0101788 0.996605 -0.0816973 -19.1988 -0.982378 0.0252152 0.185197 153.433
0.181051 0.0769943 0.980455 232.564 0.0110981 0.996707 -0.08032 -19.2743 -0.983411 0.0254232 0.1796 153.609
0.177452 0.0766975 0.981136 233.506 0.0103532 0.996758 -0.0797912 -19.3491 -0.984075 0.024317 0.176082 153.786
0.173207 0.0773211 0.981846 234.419 0.00886032 0.996751 -0.0800579 -19.4263 -0.984846 0.0225661 0.171959 153.955
0.168309 0.0781834 0.982629 235.343 0.00569203 0.996756 -0.0802824 -19.4997 -0.985718 0.0191054 0.167318 154.124
0.16387 0.0778289 0.983407 236.283 0.00411661 0.99682 -0.0795764 -19.5749 -0.986474 0.0170885 0.163028 154.295
0.159844 0.0787974 0.983992 237.236 1.22683e-05 0.996809 -0.0798258 -19.651 -0.987142 0.0127718 0.159333 154.464
0.155757 0.0830595 0.984297 238.109 -0.00474966 0.99651 -0.0833385 -19.7227 -0.987784 0.0083055 0.155608 154.621
0.152402 0.0877108 0.984419 239.039 -0.00809772 0.996132 -0.0875007 -19.8018 -0.988286 0.00536373 0.152523 154.783
0.149554 0.0900089 0.984648 239.937 -0.0101886 0.995935 -0.0894932 -19.8785 -0.988701 0.00335183 0.149863 154.941
0.145739 0.0880372 0.985398 240.859 -0.0111187 0.996116 -0.0873502 -19.9559 -0.989261 0.00177397 0.146151 155.091
0.141647 0.0841904 0.986331 241.791 -0.0100049 0.996448 -0.0836171 -20.0391 -0.989867 0.00197601 0.141986 155.236
0.140418 0.0815548 0.986728 242.696 -0.0103802 0.996668 -0.0808992 -20.1106 -0.990038 0.00111727 0.140796 155.358
0.135759 0.0795645 0.987542 243.605 -0.00835944 0.996827 -0.0791634 -20.1895 -0.990707 0.00249187 0.135994 155.497
0.133217 0.0797355 0.987874 244.516 -0.00793818 0.996812 -0.0793865 -20.2634 -0.991055 0.00273369 0.133425 155.629
0.126099 0.0815646 0.988659 245.422 -0.00821623 0.996666 -0.0811773 -20.3326 -0.991984 0.00211335 0.126349 155.761
0.124073 0.0841413 0.988699 246.332 -0.00969596 0.996454 -0.0835845 -20.4095 -0.992226 0.000784185 0.124449 155.869
0.119571 0.080478 0.989558 247.242 -0.000458595 0.996714 -0.0810045 -20.4787 -0.992826 0.009232 0.119215 155.981
0.112111 0.0744018 0.990906 248.165 0.00274008 0.997166 -0.0751819 -20.5505 -0.993692 0.0111439 0.11159 156.097
0.108446 0.0755199 0.99123 249.081 0.00241165 0.997087 -0.07623 -20.6201 -0.994099 0.0106573 0.107948 156.206
0.105069 0.0866143 0.990686 249.968 0.00389606 0.996156 -0.0875058 -20.7044 -0.994457 0.013054 0.104328 156.295
0.0995615 0.100315 0.989962 250.82 0.00368884 0.994861 -0.101182 -20.7782 -0.995025 0.0137257 0.0986798 156.385
0.0942351 0.104361 0.990065 251.727 0.00226634 0.994465 -0.105041 -20.8716 -0.995547 0.0121424 0.093477 156.484
0.086741 0.0998822 0.991211 252.613 -0.0012777 0.994972 -0.100149 -20.9487 -0.99623 0.00742058 0.0864324 156.556
0.0820337 0.0928195 0.992298 253.488 -0.00271967 0.995671 -0.0929102 -21.0351 -0.996626 0.00492304 0.081931 156.653
0.0777051 0.0887078 0.993022 254.396 -0.00478763 0.996055 -0.0886042 -21.1156 -0.996965 0.00213078 0.0778233 156.736
0.070494 0.0877306 0.993647 255.296 -0.00892808 0.996141 -0.0873173 -21.1995 -0.997472 -0.002716 0.0710052 156.801
0.0642883 0.0860646 0.994213 256.142 -0.0132137 0.99626 -0.0853874 -21.2753 -0.997844 -0.00764782 0.0651852 156.865
0.0579387 0.081742 0.994968 257.052 -0.0177292 0.996569 -0.0808412 -21.3461 -0.998163 -0.0129562 0.0591891 156.928
0.0487914 0.0780571 0.995754 257.935 -0.0180465 0.996848 -0.0772585 -21.4145 -0.998646 -0.0142004 0.0500463 157.01
0.0428049 0.0797314 0.995897 258.795 -0.0144642 0.996756 -0.0791784 -21.4907 -0.998979 -0.0110156 0.0438192 157.042
0.035612 0.0832952 0.995888 259.667 -0.0132415 0.996472 -0.0828706 -21.5571 -0.999278 -0.0102359 0.0365894 157.077
0.0298891 0.0855013 0.99589 260.514 -0.0116067 0.996297 -0.085188 -21.6273 -0.999486 -0.00901278 0.0307708 157.1
0.0236971 0.0841265 0.996173 261.389 -0.0108405 0.996416 -0.0838892 -21.6986 -0.99966 -0.00881113 0.0245241 157.127
0.0177915 0.0813698 0.996525 262.27 -0.0116717 0.996632 -0.0811701 -21.7664 -0.999774 -0.010187 0.0186813 157.155
0.0101619 0.0800963 0.996735 263.131 -0.00833093 0.996759 -0.0800133 -21.8418 -0.999914 -0.00749064 0.0107962 157.188
0.00471574 0.0817615 0.996641 263.993 -0.00581874 0.996637 -0.0817337 -21.9138 -0.999972 -0.00541376 0.00517563 157.194
0.000492667 0.0857429 0.996317 264.855 -0.00751338 0.99629 -0.0857368 -21.9792 -0.999972 -0.00744346 0.00113506 157.19
-0.00283578 0.0872629 0.996181 265.717 -0.00486418 0.996172 -0.0872759 -22.0495 -0.999984 -0.0050931 -0.00240046 157.201
-0.00479664 0.0862899 0.996259 266.582 0.000264677 0.99627 -0.0862896 -22.1248 -0.999989 -0.000150209 -0.00480159 157.184
-0.00817771 0.083862 0.996444 267.473 0.00303213 0.996475 -0.0838397 -22.1967 -0.999962 0.00233573 -0.00840316 157.195
-0.00909409 0.0820561 0.996586 268.336 0.0052032 0.996618 -0.0820112 -22.2708 -0.999945 0.00443963 -0.00949029 157.185
-0.0111176 0.0802061 0.996716 269.188 0.00774801 0.996755 -0.0801228 -22.3423 -0.999908 0.0068318 -0.011703 157.179
-0.01258 0.0822509 0.996532 270.063 0.00924634 0.996578 -0.082138 -22.4116 -0.999878 0.00818099 -0.0132974 157.169
-0.0123626 0.0848913 0.996314 270.917 0.0104865 0.996346 -0.084764 -22.4811 -0.999869 0.00939999 -0.0132076 157.161
-0.0128711 0.0859001 0.996221 271.768 0.0140915 0.99622 -0.085718 -22.5543 -0.999818 0.012935 -0.0140329 157.152
-0.0117154 0.0866845 0.996167 272.623 0.016325 0.996119 -0.0864883 -22.6282 -0.999798 0.0152492 -0.013085 157.138
-0.0106453 0.0868201 0.996167 273.45 0.0178639 0.996081 -0.0866217 -22.7011 -0.999784 0.0168734 -0.0121545 157.134
-0.00877432 0.0870296 0.996167 274.302 0.0196656 0.996028 -0.0868442 -22.7807 -0.999768 0.0188282 -0.010451 157.126
-0.00653024 0.0862043 0.996256 275.124 0.0208131 0.996073 -0.086052 -22.8525 -0.999762 0.0201733 -0.00829878 157.125
-0.00365228 0.0839804 0.996461 275.934 0.0216322 0.996241 -0.0838826 -22.9236 -0.999759 0.0212492 -0.00545523 157.119
-0.0012844 0.0805623 0.996749 276.724 0.0219547 0.996512 -0.0805148 -22.9905 -0.999758 0.0217799 -0.00304864 157.121
0.00254067 0.0773392 0.997002 277.544 0.0210533 0.99678 -0.0773756 -23.0604 -0.999775 0.0211868 0.000904245 157.133
0.00623236 0.0750448 0.997161 278.308 0.0198515 0.996974 -0.0751548 -23.1243 -0.999784 0.0202635 0.00472375 157.142
0.0093664 0.075354 0.997113 279.077 0.0145936 0.99704 -0.0754856 -23.1831 -0.99985 0.0152585 0.00823899 157.163
0.0132615 0.0763512 0.996993 279.836 0.012047 0.996996 -0.0765117 -23.2465 -0.99984 0.0130254 0.0123019 157.177
0.0182177 0.0771027 0.996857 280.582 0.0104774 0.996953 -0.0773016 -23.3052 -0.999779 0.0118528 0.0173544 157.195
0.0208927 0.0741194 0.99703 281.315 0.0114582 0.997165 -0.0743695 -23.3631 -0.999716 0.012978 0.0199842 157.219
0.0246053 0.0712127 0.997158 282.045 0.0093527 0.9974 -0.0714607 -23.4192 -0.999654 0.0110844 0.0238753 157.245
0.0271706 0.0691389 0.997237 282.759 0.00694516 0.997568 -0.0693511 -23.4726 -0.999607 0.00881028 0.0266243 157.277
0.031515 0.0700757 0.997044 283.479 0.00756645 0.997494 -0.0703465 -23.5316 -0.999475 0.00976105 0.0309058 157.306
0.0357218 0.0717606 0.996782 284.174 0.00730095 0.997373 -0.0720648 -23.581 -0.999335 0.00985174 0.035104 157.338
0.0386328 0.0734798 0.996548 284.816 0.00698903 0.997248 -0.0738024 -23.6296 -0.999229 0.0098161 0.0380129 157.365
0.0414223 0.0761981 0.996232 285.483 0.00602005 0.997051 -0.076511 -23.6873 -0.999124 0.00916663 0.0408414 157.397
0.0455631 0.0764291 0.996033 286.12 0.00296031 0.997054 -0.0766428 -23.7354 -0.998957 0.00644065 0.0452026 157.434
0.0489569 0.077315 0.995804 286.758 0.000189607 0.996999 -0.0774171 -23.7876 -0.998801 0.00397892 0.0487953 157.472
0.0513426 0.0777887 0.995647 287.36 -0.00163911 0.996967 -0.0778073 -23.8344 -0.99868 0.00236286 0.0513144 157.515
0.0540409 0.0769989 0.995566 287.997 -0.0015013 0.997028 -0.0770305 -23.8866 -0.998538 0.00266816 0.0539958 157.552
0.0581036 0.0782249 0.995241 288.573 -0.0020271 0.996933 -0.0782396 -23.9329 -0.998309 0.00252855 0.058084 157.585
0.0597817 0.0811229 0.99491 289.139 -0.00685063 0.996702 -0.0808574 -23.981 -0.998188 -0.00198196 0.0601403 157.634
0.0638366 0.0811581 0.994655 289.729 -0.00736685 0.996699 -0.0808521 -24.029 -0.997933 -0.00216615 0.0642237 157.677
0.0650318 0.0805085 0.99463 290.263 -0.00909037 0.996747 -0.0800854 -24.0763 -0.997842 -0.00383345 0.0655521 157.719
0.0681377 0.0803336 0.994436 290.831 -0.0104281 0.996756 -0.0798065 -24.1214 -0.997622 -0.00493228 0.0687544 157.768
0.0706608 0.0805397 0.994244 291.362 -0.0101161 0.996742 -0.0800231 -24.167 -0.997449 -0.00440339 0.0712453 157.811
0.0733557 0.0820927 0.993921 291.917 -0.0117619 0.996608 -0.0814466 -24.2134 -0.997237 -0.00571587 0.0740724 157.861
0.0757139 0.0828244 0.993684 292.449 -0.0121103 0.996547 -0.0821404 -24.2582 -0.997056 -0.00581464 0.0764555 157.902
0.0784124 0.084171 0.993361 292.943 -0.0110827 0.996441 -0.0835572 -24.3029 -0.99686 -0.00445719 0.0790662 157.946
0.080693 0.085792 0.99304 293.434 -0.0122096 0.996299 -0.0850815 -24.3462 -0.996664 -0.00525916 0.0814419 157.998
0.0832057 0.0870448 0.992724 293.965 -0.0136537 0.996184 -0.0862039 -24.3899 -0.996439 -0.00638172 0.0840767 158.042
0.0834751 0.088623 0.992561 294.419 -0.0139899 0.996044 -0.0877573 -24.4281 -0.996412 -0.00656026 0.0843846 158.089
0.0841597 0.0898533 0.992393 294.897 -0.0147402 0.995929 -0.0889235 -24.4711 -0.996343 -0.00714433 0.0851416 158.133
0.0836647 0.0905069 0.992375 295.402 -0.0140642 0.995875 -0.0896403 -24.5155 -0.996395 -0.00645722 0.0845925 158.182
0.0841465 0.0907551 0.992312 295.868 -0.0137996 0.995854 -0.0899089 -24.5588 -0.996358 -0.00612797 0.0850501 158.228
0.0822557 0.0903898 0.992504 296.37 -0.0157554 0.995872 -0.0893908 -24.5983 -0.996487 -0.00828441 0.0833402 158.28
0.080785 0.0892727 0.992726 296.879 -0.0161926 0.995967 -0.0882465 -24.6401 -0.9966 -0.00894583 0.0819047 158.318
0.0793328 0.0896337 0.99281 297.418 -0.0144096 0.995948 -0.0887656 -24.6884 -0.996744 -0.00726398 0.0803029 158.366
0.077542 0.0925478 0.992684 297.924 -0.0123543 0.995695 -0.0918635 -24.7343 -0.996913 -0.00514059 0.0783515 158.4
0.0765629 0.0964279 0.992391 298.458 -0.00645617 0.99534 -0.0962163 -24.7894 -0.997044 0.000959561 0.0768287 158.438
0.0735388 0.101296 0.992135 298.988 -0.0036701 0.994849 -0.101301 -24.836 -0.997286 0.00380835 0.0735317 158.472
0.07162 0.104679 0.991924 299.529 -0.00495889 0.994503 -0.104593 -24.8789 -0.99742 0.00257213 0.0717454 158.515
0.0693267 0.105151 0.992037 300.084 -0.00515596 0.994454 -0.105046 -24.922 -0.997581 0.00216764 0.0694844 158.558
0.0686324 0.10284 0.992327 300.67 -0.000992711 0.994679 -0.103015 -24.9788 -0.997642 0.00608505 0.0683693 158.584
0.0656022 0.0974273 0.993078 301.257 0.00901347 0.995124 -0.0982234 -25.0426 -0.997805 0.0153948 0.0644041 158.615
0.0650956 0.0964347 0.993208 301.852 0.0109489 0.995191 -0.0973448 -25.1013 -0.997819 0.0172112 0.0637266 158.648
0.0611814 0.0995767 0.993147 302.483 0.00628444 0.994953 -0.100145 -25.1565 -0.998107 0.0123684 0.0602469 158.688
0.0602372 0.101475 0.993013 303.065 0.00328281 0.994794 -0.101856 -25.2028 -0.998179 0.0093954 0.0595905 158.732
0.0584063 0.100082 0.993264 303.706 0.00795258 0.994884 -0.100712 -25.2625 -0.998261 0.0137813 0.0573115 158.754
0.0573191 0.098294 0.993505 304.338 0.0124478 0.994994 -0.0991594 -25.3203 -0.998278 0.0180507 0.0558086 158.783
0.0557594 0.0980474 0.993618 304.975 0.0142362 0.994987 -0.0989814 -25.3854 -0.998343 0.0196645 0.0540841 158.818
0.0528208 0.0992687 0.993658 305.648 0.0105185 0.994936 -0.0999556 -25.4484 -0.998549 0.0157316 0.0515092 158.864
0.0510023 0.10124 0.993554 306.31 0.00892698 0.994763 -0.101821 -25.5093 -0.998659 0.0140626 0.0498315 158.918
0.0490314 0.104435 0.993322 306.981 0.00709778 0.994457 -0.104905 -25.5654 -0.998772 0.012194 0.0480184 158.933
0.0470683 0.106265 0.993223 307.685 0.00775607 0.994256 -0.106744 -25.6375 -0.998862 0.0127277 0.0459737 158.977
0.0455305 0.105299 0.993398 308.383 0.00585865 0.994384 -0.105672 -25.7029 -0.998946 0.0106313 0.0446578 159
0.0434272 0.104581 0.993568 309.079 0.00226061 0.994493 -0.104777 -25.7734 -0.999054 0.00679626 0.0429517 159.049
0.0422027 0.106166 0.993452 309.795 0.00167329 0.994329 -0.106331 -25.8392 -0.999108 0.00614981 0.0417858 159.089
0.0395937 0.110224 0.993118 310.532 0.00479318 0.993865 -0.110498 -25.9232 -0.999205 0.00913523 0.0388224 159.117
0.0386157 0.116179 0.992477 311.239 0.00562529 0.993177 -0.11648 -25.9977 -0.999238 0.0100809 0.0376987 159.134
0.0370394 0.120363 0.992039 311.985 0.00576615 0.992678 -0.120656 -26.0722 -0.999297 0.0101893 0.0360742 159.178
0.0370099 0.118382 0.992278 312.736 0.00923857 0.992876 -0.118797 -26.1532 -0.999272 0.0135639 0.0356525 159.198
0.03626 0.112424 0.992999 313.495 0.0155244 0.993469 -0.113044 -26.2383 -0.999222 0.0195147 0.0342779 159.198
0.0347934 0.109572 0.99337 314.271 0.018676 0.993727 -0.110266 -26.3256 -0.99922 0.0223887 0.0325288 159.233
0.0322559 0.110267 0.993378 315.063 0.0205282 0.993613 -0.11096 -26.4099 -0.999269 0.0239713 0.0297863 159.269
0.0300371 0.112045 0.993249 315.839 0.021168 0.993403 -0.112703 -26.4883 -0.999325 0.0244104 0.0274672 159.285
0.0305123 0.112964 0.99313 316.643 0.022731 0.993258 -0.113677 -26.5746 -0.999276 0.0260434 0.0277388 159.31
0.0313708 0.112493 0.993157 317.427 0.0224065 0.993317 -0.113219 -26.6558 -0.999257 0.025805 0.0286406 159.327
0.0315707 0.110879 0.993332 318.232 0.023514 0.99347 -0.111642 -26.7409 -0.999225 0.0268818 0.0287573 159.346
0.0332619 0.109235 0.993459 319.061 0.024092 0.993633 -0.110061 -26.8283 -0.999156 0.0275953 0.0304184 159.388
0.0336348 0.10828 0.993551 319.894 0.0246944 0.99372 -0.109134 -26.9197 -0.999129 0.0282059 0.0307497 159.406
0.0361436 0.10698 0.993604 320.7 0.0240189 0.993874 -0.107882 -26.9948 -0.999058 0.0277645 0.0333527 159.437
0.0377943 0.10514 0.993739 321.549 0.0249928 0.994039 -0.106122 -27.0832 -0.998973 0.0288472 0.0349413 159.467
0.0396353 0.103983 0.993789 322.399 0.0264056 0.994114 -0.105071 -27.1686 -0.998865 0.0304062 0.0366563 159.501
0.0406025 0.103217 0.99383 323.264 0.027372 0.994162 -0.10437 -27.2565 -0.998801 0.0314408 0.0375402 159.538
0.0429896 0.103478 0.993702 324.049 0.0281331 0.994102 -0.104737 -27.3322 -0.998679 0.0324585 0.0398249 159.559
0.0454346 0.10292 0.993651 325.035 0.0301229 0.994085 -0.104342 -27.4287 -0.998513 0.0346724 0.0420657 159.62
0.0496743 0.101626 0.993582 325.861 0.0314161 0.994159 -0.103255 -27.5088 -0.998271 0.0363436 0.0461914 159.643
0.0518024 0.100492 0.993588 326.736 0.0330314 0.994207 -0.102277 -27.597 -0.998111 0.0381178 0.048183 159.688
0.0539618 0.101113 0.99341 327.648 0.0340937 0.994093 -0.103035 -27.6859 -0.997961 0.039429 0.0501957 159.744
0.0572869 0.101913 0.993142 328.525 0.0346871 0.993972 -0.103999 -27.7722 -0.997755 0.040407 0.0534065 159.773
0.0590439 0.102838 0.992944 329.431 0.0335471 0.993913 -0.104933 -27.8628 -0.997692 0.0395061 0.0552346 159.839
0.0624155 0.104055 0.992611 330.337 0.0317179 0.993841 -0.106179 -27.9506 -0.997546 0.0381107 0.0587307 159.911
0.0642187 0.104815 0.992416 331.233 0.0296009 0.993831 -0.10688 -28.0426 -0.997497 0.0362401 0.0607199 159.954
0.0665472 0.10543 0.992198 332.137 0.0271316 0.993843 -0.107424 -28.1339 -0.997414 0.0340687 0.063277 160.018
0.0682615 0.104184 0.992213 333.072 0.0265436 0.993991 -0.106197 -28.2314 -0.997314 0.033586 0.0650858 160.088
0.0695176 0.101429 0.992411 333.97 0.0266433 0.994274 -0.103486 -28.3243 -0.997225 0.0336351 0.0664172 160.141
0.0700633 0.0991231 0.992606 334.895 0.0281689 0.994457 -0.101296 -28.4149 -0.997145 0.0350577 0.0668828 160.23
0.0727103 0.0988261 0.992445 335.817 0.0289874 0.994449 -0.101149 -28.5051 -0.996932 0.036123 0.0694419 160.288
0.0718738 0.099808 0.992407 336.747 0.0301093 0.99431 -0.10218 -28.6044 -0.996959 0.0372248 0.0684597 160.343
0.0739822 0.0999059 0.992243 337.662 0.0292132 0.994325 -0.102294 -28.6879 -0.996832 0.0365545 0.0706438 160.419
0.0731173 0.0981421 0.992483 338.609 0.0269106 0.99459 -0.100333 -28.7815 -0.99696 0.0340444 0.0700806 160.487
0.0748376 0.0963221 0.992533 339.523 0.0252536 0.994822 -0.0984483 -28.8719 -0.996876 0.0324327 0.0720176 160.568
0.0740637 0.0972073 0.992505 340.454 0.0227537 0.994814 -0.0991315 -28.9651 -0.996994 0.0299252 0.0714678 160.649
0.0750481 0.0985963 0.992294 341.356 0.0223991 0.994682 -0.100528 -29.0536 -0.996928 0.0297709 0.0724406 160.707
0.0747131 0.0986784 0.992311 342.277 0.0219151 0.994689 -0.100565 -29.1436 -0.996964 0.0292601 0.0721538 160.779
0.074581 0.0992874 0.99226 343.219 0.0211908 0.994649 -0.101119 -29.2363 -0.99699 0.0285683 0.0720779 160.857
0.0753826 0.0997703 0.992151 344.123 0.0209128 0.994605 -0.101606 -29.3308 -0.996936 0.0284079 0.0728894 160.925
0.0746316 0.0997652 0.992208 345.023 0.0206323 0.994616 -0.101559 -29.4194 -0.996998 0.028051 0.0721713 160.997
0.0751775 0.0983082 0.992312 345.951 0.0215926 0.994735 -0.100184 -29.5092 -0.996937 0.0289582 0.0726589 161.058
0.0758153 0.0989166 0.992203 346.884 0.0215092 0.994674 -0.100806 -29.6077 -0.99689 0.0289842 0.0732839 161.142
0.0747596 0.101462 0.992027 347.734 0.0214625 0.994416 -0.103324 -29.6904 -0.996971 0.0290158 0.0721645 161.208
0.0757733 0.102375 0.991856 348.655 0.0227975 0.994278 -0.104367 -29.7867 -0.996865 0.03052 0.0730058 161.271
0.0767116 0.0997247 0.992054 349.544 0.0268149 0.994419 -0.102036 -29.8688 -0.996693 0.0344292 0.0736094 161.328
0.0788359 0.0963064 0.992225 350.466 0.0292855 0.994669 -0.0988706 -29.9608 -0.996457 0.0368523 0.0755953 161.41
0.0801898 0.0981489 0.991936 351.392 0.0329331 0.994336 -0.101049 -30.0554 -0.996236 0.0407707 0.0765033 161.477
0.0839056 0.103325 0.991102 352.282 0.0380714 0.993551 -0.106804 -30.1467 -0.995746 0.0466941 0.0794307 161.539
0.0871554 0.106159 0.990522 353.153 0.0406831 0.993097 -0.110014 -30.2321 -0.995364 0.0498859 0.0822349 161.61
0.0927537 0.105417 0.990093 354.01 0.0437943 0.992985 -0.109828 -30.3279 -0.994726 0.0535474 0.0874863 161.668
0.0934502 0.105947 0.989971 354.967 0.0455362 0.992827 -0.110551 -30.4278 -0.994582 0.0554105 0.0879555 161.755
0.0970343 0.10766 0.989441 355.797 0.0462714 0.99257 -0.112538 -30.5207 -0.994205 0.0567028 0.0913317 161.838
0.100933 0.107613 0.989056 356.722 0.0454819 0.992595 -0.112639 -30.6196 -0.993853 0.0563532 0.0952913 161.918
0.104578 0.103856 0.989079 357.656 0.0451615 0.993011 -0.109044 -30.7214 -0.993491 0.0560718 0.0991565 162.041
0.108793 0.100177 0.989004 358.562 0.044324 0.993431 -0.105501 -30.8187 -0.993076 0.0553145 0.103639 162.142
0.113122 0.0982744 0.988709 359.463 0.0417219 0.993749 -0.103549 -30.9116 -0.992705 0.0529644 0.108314 162.258
0.119145 0.0974212 0.988086 360.34 0.0398089 0.993906 -0.102795 -31.0025 -0.992079 0.0515822 0.114541 162.349
0.124115 0.0968321 0.987532 361.268 0.0375802 0.994054 -0.102195 -31.0954 -0.991556 0.0497956 0.119738 162.482
0.130499 0.0967885 0.986713 362.134 0.0365834 0.994076 -0.102349 -31.1836 -0.990773 0.0494537 0.126185 162.587
0.137831 0.0978411 0.985611 363.051 0.0343298 0.994039 -0.103478 -31.2777 -0.989861 0.0480984 0.13365 162.723
0.14565 0.0989767 0.984373 363.954 0.0319328 0.993994 -0.104669 -31.3695 -0.988821 0.0466788 0.141615 162.851
0.154146 0.0999867 0.982976 364.833 0.0299692 0.993936 -0.105801 -31.4618 -0.987593 0.0457679 0.150215 162.997
0.163849 0.100416 0.981361 365.736 0.027977 0.993933 -0.106374 -31.5558 -0.986089 0.0448848 0.160046 163.159
0.173455 0.100306 0.97972 366.604 0.0267038 0.993955 -0.106491 -31.6473 -0.98448 0.0446336 0.169728 163.308
0.182815 0.100294 0.978018 367.531 0.0246932 0.994001 -0.106549 -31.7476 -0.982837 0.0436291 0.179241 163.484
0.192524 0.100157 0.976168 368.45 0.0224033 0.99407 -0.106412 -31.8456 -0.981037 0.0423561 0.189138 163.67
0.199734 0.0998139 0.974753 369.255 0.0211849 0.994126 -0.106139 -31.9336 -0.979621 0.0418496 0.196447 163.831
0.207202 0.0993719 0.973238 370.167 0.0203135 0.994176 -0.105834 -32.0299 -0.978088 0.041699 0.203976 164.034
0.212076 0.0996362 0.972161 371.078 0.0186755 0.994194 -0.105968 -32.1263 -0.977075 0.040629 0.208984 164.243
0.21692 0.100251 0.971028 371.93 0.0173961 0.994158 -0.106525 -32.2185 -0.976034 0.0399994 0.213909 164.436
0.220498 0.100023 0.970245 372.806 0.017108 0.994179 -0.106378 -32.3117 -0.975237 0.0400551 0.217504 164.641
0.225708 0.0999082 0.969058 373.7 0.0158133 0.994221 -0.106186 -32.4096 -0.974067 0.039291 0.222824 164.839
0.229147 0.0998457 0.968257 374.583 0.016184 0.994197 -0.106351 -32.5037 -0.973257 0.0400403 0.226201 165.056
0.233914 0.100218 0.967078 375.492 0.0157954 0.99415 -0.106844 -32.6035 -0.972129 0.0402677 0.230963 165.282
0.237558 0.0998148 0.966231 376.381 0.0158811 0.994175 -0.106606 -32.6961 -0.971244 0.0406699 0.234589 165.51
0.241727 0.0982771 0.965355 377.276 0.016052 0.994317 -0.105245 -32.7949 -0.970212 0.0409364 0.238776 165.725
0.245328 0.0968652 0.964589 378.161 0.0150225 0.994496 -0.103689 -32.8862 -0.969324 0.0399285 0.242523 165.961
0.250626 0.0945093 0.96346 379.061 0.016103 0.994679 -0.101761 -32.9842 -0.96795 0.0410185 0.247771 166.213
0.253579 0.092741 0.962859 379.956 0.0156061 0.994872 -0.0999345 -33.0777 -0.967189 0.0403677 0.250831 166.453
0.259015 0.0906764 0.961608 380.831 0.0151991 0.995078 -0.0979264 -33.1664 -0.965754 0.03998 0.256361 166.703
0.263686 0.0902628 0.960376 381.681 0.0154086 0.995091 -0.0977562 -33.2553 -0.964486 0.040575 0.261001 166.929
0.26673 0.0937665 0.959199 382.571 0.0131664 0.994809 -0.100909 -33.3499 -0.963681 0.0395446 0.264111 167.194
0.271811 0.0970122 0.957448 383.421 0.0105309 0.994547 -0.103761 -33.4368 -0.962293 0.0382861 0.269307 167.441
0.275294 0.0977148 0.956381 384.292 0.00898646 0.994516 -0.104198 -33.5322 -0.961318 0.0372795 0.272906 167.71
0.277333 0.0939852 0.956166 385.152 0.0073086 0.994969 -0.0999192 -33.6185 -0.960746 0.0346991 0.275251 167.978
0.280752 0.0908747 0.955469 385.99 0.00444822 0.995374 -0.0959771 -33.7074 -0.95977 0.0311959 0.279049 168.226
0.281894 0.0918172 0.955042 386.834 0.000650524 0.995392 -0.0958884 -33.7948 -0.959445 0.0276517 0.280536 168.504
0.282806 0.0971599 0.954243 387.657 -0.00292319 0.994939 -0.100437 -33.8809 -0.959173 0.0256148 0.281659 168.749
0.283247 0.101649 0.953645 388.496 -0.00492627 0.994508 -0.104541 -33.9654 -0.959035 0.0249131 0.282192 169.015
0.283128 0.102086 0.953634 389.34 -0.00617077 0.994492 -0.104628 -34.0583 -0.959062 0.0237384 0.282199 169.279
0.283709 0.0983901 0.953849 390.144 -0.00882042 0.994948 -0.100006 -34.1409 -0.95887 0.0199592 0.283143 169.524
0.283616 0.0947163 0.954249 390.976 -0.0114958 0.995374 -0.0953816 -34.2255 -0.958869 0.0160819 0.283393 169.783
0.283663 0.0923187 0.95447 391.797 -0.0122967 0.995623 -0.0926446 -34.3098 -0.958845 0.014543 0.283557 170.034
0.28225 0.0915641 0.954961 392.612 -0.0121266 0.995696 -0.0918856 -34.3925 -0.959264 0.0143543 0.282145 170.297
0.282366 0.0923657 0.95485 393.413 -0.0117715 0.995613 -0.0928277 -34.4696 -0.959235 0.0149714 0.282214 170.535
0.282142 0.0932905 0.954826 394.23 -0.0116616 0.995521 -0.0938207 -34.5471 -0.959302 0.0153359 0.281966 170.797
0.280639 0.09041 0.955546 395.044 -0.0062245 0.995704 -0.0923816 -34.6191 -0.959793 0.0199781 0.279997 171.02
0.280664 0.088456 0.955721 395.87 -0.00458421 0.995856 -0.0908244 -34.7015 -0.959795 0.02111 0.279907 171.272
0.280471 0.0900214 0.955632 396.655 -0.00433871 0.995701 -0.0925225 -34.7804 -0.959853 0.0218037 0.279656 171.512
0.280311 0.094401 0.955256 397.458 -0.00239084 0.995218 -0.0976486 -34.8586 -0.959906 0.0250881 0.279196 171.741
0.280052 0.0991308 0.954853 398.273 -0.00254458 0.994727 -0.102524 -34.935 -0.959982 0.0262824 0.278828 171.978
0.280345 0.0985179 0.95483 399.071 -0.00274829 0.994798 -0.101835 -35.0095 -0.959895 0.0259247 0.279157 172.215
0.279002 0.0949718 0.955583 399.886 -0.00216617 0.995157 -0.0982725 -35.0936 -0.960288 0.0253483 0.277857 172.468
0.279191 0.0944837 0.955576 400.711 -0.00305751 0.99523 -0.0975111 -35.1735 -0.960231 0.0243025 0.278148 172.705
0.279446 0.095761 0.955374 401.537 -0.0020639 0.995072 -0.0991364 -35.254 -0.960159 0.0257315 0.278266 172.963
0.278216 0.0986291 0.955441 402.377 -0.0014557 0.994756 -0.102264 -35.3398 -0.960518 0.0270605 0.276901 173.21
0.279368 0.100178 0.954944 403.209 -0.000973506 0.994572 -0.104051 -35.4181 -0.960184 0.0281388 0.277949 173.446
0.279289 0.0986484 0.955126 404.073 -0.0006491 0.994728 -0.102549 -35.5057 -0.960207 0.0280208 0.277881 173.702
0.279789 0.0959731 0.955253 404.953 0.00068106 0.994971 -0.100163 -35.5908 -0.960061 0.0286751 0.278316 173.97
0.280417 0.0950877 0.955157 405.786 0.00402012 0.994956 -0.10023 -35.6777 -0.95987 0.0319461 0.27862 174.213
0.28105 0.0954476 0.954935 406.682 0.0079979 0.994775 -0.101784 -35.7671 -0.95966 0.0362438 0.278818 174.475
0.281078 0.0950383 0.954967 407.556 0.0114706 0.994681 -0.102367 -35.8552 -0.959616 0.039727 0.278493 174.724
0.28315 0.0934253 0.954515 408.413 0.0149843 0.994692 -0.101803 -35.9378 -0.958959 0.0431281 0.280247 174.972
0.28524 0.0916294 0.954066 409.286 0.020182 0.994625 -0.101559 -36.0317 -0.958244 0.0482235 0.281857 175.23
0.286127 0.0899976 0.953956 410.175 0.0244644 0.994569 -0.101167 -36.1282 -0.95788 0.0522845 0.282371 175.479
0.285881 0.087573 0.954255 411.049 0.0229698 0.994903 -0.0981847 -36.2113 -0.95799 0.0499882 0.282412 175.756
0.286179 0.0825853 0.954611 411.926 0.0213821 0.99548 -0.092531 -36.2913 -0.957938 0.046892 0.283119 176.031
0.286967 0.0782639 0.954738 412.787 0.0220444 0.995854 -0.0882602 -36.3769 -0.957687 0.0463744 0.284052 176.289
0.287151 0.0786213 0.954653 413.658 0.0230863 0.995768 -0.0889515 -36.4638 -0.957607 0.0475819 0.284121 176.567
0.287866 0.0819488 0.954158 414.525 0.0221757 0.995495 -0.0921893 -36.5393 -0.957414 0.0476972 0.284751 176.818
0.289072 0.083184 0.953686 415.397 0.0231436 0.995319 -0.0938304 -36.6242 -0.957028 0.0491955 0.285794 177.083
0.288864 0.08179 0.95387 416.271 0.025424 0.995337 -0.0930448 -36.7105 -0.957033 0.0511285 0.285437 177.355
0.289326 0.0787897 0.953983 417.121 0.02804 0.995482 -0.0907211 -36.7937 -0.95682 0.0529976 0.285809 177.612
0.290384 0.0774182 0.953773 417.957 0.0277159 0.995623 -0.0892535 -36.8724 -0.956509 0.0523525 0.286968 177.871
0.289469 0.0778454 0.954017 418.807 0.0260663 0.995677 -0.0891538 -36.9593 -0.956833 0.0506749 0.286188 178.133
0.288658 0.0779251 0.954256 419.62 0.0257531 0.99569 -0.0890988 -37.0338 -0.957086 0.0502941 0.285407 178.386
0.289968 0.076252 0.953994 420.468 0.0263856 0.995805 -0.0876138 -37.1147 -0.956673 0.0505769 0.286739 178.628
0.287631 0.0733634 0.954927 421.242 0.0280645 0.995988 -0.0849712 -37.1915 -0.95733 0.0512399 0.284418 178.873
0.287126 0.0718416 0.955195 422.054 0.027917 0.996132 -0.0833122 -37.2656 -0.957486 0.0505872 0.28401 179.119
0.286245 0.0711787 0.955509 422.827 0.0295945 0.996104 -0.0830684 -37.3366 -0.9577 0.0520557 0.283023 179.349
0.284763 0.0724735 0.955854 423.617 0.0311519 0.995912 -0.0847913 -37.41 -0.958092 0.0539221 0.281341 179.592
0.284059 0.07718 0.955695 424.376 0.0305161 0.995522 -0.0894665 -37.4813 -0.958321 0.0545779 0.280432 179.808
0.282075 0.0827563 0.955817 425.139 0.0281466 0.99513 -0.0944666 -37.5538 -0.95898 0.0535497 0.278372 180.038
0.281109 0.0871309 0.955712 425.883 0.0270548 0.994755 -0.098648 -37.627 -0.959295 0.0535874 0.277277 180.258
0.279862 0.0879663 0.956002 426.639 0.0261964 0.994723 -0.099198 -37.7026 -0.959683 0.0528056 0.276081 180.474
0.278375 0.0845821 0.956741 427.383 0.0267436 0.995046 -0.0957499 -37.7782 -0.9601 0.0522411 0.274734 180.701
0.27653 0.0799341 0.957675 428.152 0.0283294 0.995424 -0.091265 -37.8538 -0.960588 0.0523678 0.273 180.929
0.27664 0.0781776 0.957788 428.871 0.0293185 0.995535 -0.0897267 -37.9263 -0.960526 0.0529029 0.273113 181.13
0.275093 0.0783793 0.958217 429.623 0.0305744 0.995454 -0.0902027 -37.998 -0.960931 0.0541111 0.271447 181.349
0.274811 0.080123 0.958154 430.343 0.0307382 0.995281 -0.0920437 -38.0651 -0.961007 0.0547465 0.271051 181.551
0.274824 0.0816777 0.958019 431.085 0.0305316 0.995142 -0.0936011 -38.137 -0.96101 0.0549737 0.270995 181.766
0.274689 0.0814817 0.958074 431.814 0.0322149 0.995064 -0.0938639 -38.2058 -0.960993 0.0566477 0.270708 181.975
0.274395 0.0821273 0.958104 432.551 0.0340049 0.994895 -0.0950198 -38.2794 -0.961016 0.0586532 0.270201 182.19
0.273207 0.0834482 0.958329 433.266 0.0347562 0.994723 -0.0965258 -38.35 -0.961327 0.0596794 0.268865 182.399
0.275146 0.0853631 0.957605 433.99 0.0328179 0.994636 -0.0980935 -38.4183 -0.960842 0.0584166 0.270868 182.602
0.274286 0.0851589 0.95787 434.732 0.0329907 0.994652 -0.0978758 -38.4921 -0.961082 0.0584467 0.270009 182.816
0.273802 0.0839072 0.958119 435.443 0.034797 0.994671 -0.0970522 -38.5636 -0.961156 0.0599128 0.269423 183.026
0.275121 0.0824157 0.957871 436.197 0.0351923 0.994788 -0.0957001 -38.6389 -0.960766 0.0600388 0.270786 183.243
0.276982 0.0803403 0.95751 436.922 0.0359375 0.994935 -0.0938762 -38.7097 -0.960203 0.0604126 0.272692 183.453
0.277837 0.0784375 0.957421 437.657 0.036195 0.995098 -0.0920279 -38.782 -0.959946 0.0602226 0.273636 183.668
0.280801 0.0766984 0.956697 438.387 0.0372416 0.99518 -0.0907144 -38.8533 -0.959043 0.0611016 0.276591 183.882
0.281322 0.0775592 0.956474 439.097 0.0352946 0.995218 -0.0910819 -38.9252 -0.958964 0.0593817 0.277239 184.096
0.283745 0.0785068 0.955681 439.792 0.0343553 0.995171 -0.091951 -38.9924 -0.958284 0.0589234 0.279677 184.306
0.285178 0.0792762 0.95519 440.491 0.0335409 0.995138 -0.0926055 -39.0617 -0.957888 0.0584469 0.281132 184.526
0.287795 0.0789183 0.954435 441.155 0.0325785 0.995215 -0.0921138 -39.1284 -0.957138 0.0576039 0.283846 184.725
0.289146 0.0783525 0.954073 441.829 0.0310497 0.995353 -0.0911526 -39.1962 -0.956782 0.0559801 0.285369 184.931
0.29075 0.0767931 0.953712 442.497 0.03106 0.995491 -0.0896261 -39.2603 -0.956295 0.0556812 0.287054 185.144
0.291272 0.0767243 0.953559 443.133 0.0293478 0.995593 -0.0890709 -39.3255 -0.95619 0.0539287 0.287737 185.337
0.293051 0.0759556 0.953075 443.771 0.0304507 0.995592 -0.088707 -39.3883 -0.955612 0.0550175 0.289447 185.542
0.292982 0.0760649 0.953087 444.393 0.0303413 0.995589 -0.0887839 -39.4492 -0.955636 0.05493 0.289382 185.737
0.295261 0.075814 0.952404 445.009 0.0310343 0.99556 -0.0888705 -39.5077 -0.954913 0.0557971 0.291597 185.933
0.295993 0.0753456 0.952214 445.605 0.0319891 0.995543 -0.0887178 -39.5639 -0.954654 0.0567203 0.292264 186.122
0.296654 0.0752336 0.952017 446.205 0.0323633 0.995528 -0.0887566 -39.6229 -0.954437 0.0571404 0.292892 186.314
0.298669 0.0759907 0.951326 446.785 0.0311217 0.995519 -0.0892914 -39.6807 -0.953849 0.0562755 0.294966 186.496
0.299389 0.0761389 0.951088 447.357 0.0309626 0.995511 -0.0894417 -39.7367 -0.953629 0.0562261 0.295688 186.682
0.300252 0.0763373 0.9508 447.917 0.0300182 0.995543 -0.089409 -39.7906 -0.953387 0.0553866 0.296623 186.86
0.301155 0.075918 0.950549 448.464 0.0305111 0.995548 -0.0891786 -39.8446 -0.953087 0.0558588 0.297498 187.036
0.302251 0.0759689 0.950196 449.019 0.0288628 0.995633 -0.0887827 -39.8989 -0.952792 0.05426 0.298738 187.217
0.302587 0.0747954 0.950182 449.56 0.0286777 0.99575 -0.0875148 -39.9511 -0.95269 0.0537299 0.299156 187.402
0.303144 0.0739238 0.950073 450.058 0.0280588 0.995862 -0.0864393 -39.9991 -0.952532 0.0528615 0.299815 187.555
0.30436 0.0733264 0.949731 450.576 0.0287357 0.995872 -0.0860978 -40.0496 -0.952124 0.0534958 0.300996 187.723
0.305097 0.0742076 0.949426 451.061 0.0292914 0.995757 -0.0872416 -40.0968 -0.951871 0.0544272 0.301628 187.88
0.305536 0.0771454 0.94905 451.549 0.0286498 0.995516 -0.0901459 -40.1451 -0.951749 0.0547329 0.301956 188.046
0.306536 0.0800551 0.948486 452.021 0.0271112 0.995318 -0.0927698 -40.1942 -0.951473 0.0541519 0.302931 188.196
0.306932 0.0820341 0.94819 452.46 0.0267049 0.995144 -0.0947408 -40.236 -0.951357 0.0544003 0.30325 188.347
0.307547 0.0827795 0.947925 452.927 0.0280408 0.994988 -0.0959869 -40.2812 -0.95112 0.056101 0.303684 188.496
0.308814 0.0825236 0.947536 453.37 0.0288844 0.994956 -0.0960674 -40.3269 -0.950684 0.057036 0.304873 188.64
0.307727 0.081125 0.94801 453.798 0.0293265 0.995077 -0.0946721 -40.3712 -0.951023 0.0569349 0.303833 188.782
0.306251 0.0802115 0.948565 454.218 0.0276973 0.995271 -0.0931033 -40.4149 -0.951548 0.0547857 0.302581 188.916
0.305413 0.0793541 0.948908 454.639 0.0272922 0.995383 -0.0920248 -40.4598 -0.951829 0.0540034 0.301837 189.053
0.304164 0.0784438 0.949384 455.019 0.0279081 0.995442 -0.0911905 -40.4976 -0.952211 0.0542324 0.300589 189.176
0.302673 0.0780127 0.949896 455.394 0.0285713 0.995454 -0.0908581 -40.536 -0.952666 0.05464 0.299068 189.302
0.301553 0.0775139 0.950293 455.768 0.0282562 0.995526 -0.0901699 -40.5719 -0.953031 0.0540427 0.298014 189.424
0.300161 0.0768236 0.95079 456.139 0.0284384 0.995588 -0.0894212 -40.6083 -0.953465 0.0538797 0.296652 189.537
0.299669 0.0757951 0.951028 456.488 0.0294271 0.995631 -0.0886223 -40.6406 -0.953589 0.0545433 0.296129 189.652
0.298986 0.0749382 0.951311 456.824 0.0300131 0.99568 -0.0878661 -40.6772 -0.953786 0.0548225 0.295445 189.757
0.297884 0.074736 0.951672 457.164 0.0296662 0.995724 -0.0874813 -40.7112 -0.954141 0.0542918 0.294393 189.866
0.296627 0.0748381 0.952057 457.468 0.0281396 0.995807 -0.0870445 -40.7408 -0.954579 0.0526102 0.293277 189.965
0.295879 0.0749746 0.952278 457.778 0.0266954 0.995877 -0.0867016 -40.7686 -0.954852 0.0510747 0.292658 190.062
0.294624 0.0750896 0.952658 458.074 0.0269836 0.995857 -0.0868396 -40.7978 -0.955232 0.0512912 0.291377 190.156
0.293519 0.0754895 0.952968 458.364 0.028382 0.99575 -0.0876203 -40.8233 -0.955532 0.0527654 0.290128 190.24
0.293415 0.0765299 0.952917 458.653 0.0289561 0.995622 -0.0888755 -40.8511 -0.955547 0.0536702 0.289914 190.335
0.29316 0.0770599 0.952953 458.93 0.0291089 0.995565 -0.0894605 -40.8769 -0.95562 0.0539657 0.289617 190.42
0.291872 0.0766712 0.953379 459.207 0.0290107 0.995614 -0.0889491 -40.9025 -0.956018 0.0536199 0.288367 190.501
0.292784 0.0762188 0.953136 459.479 0.0283279 0.995689 -0.0883234 -40.9276 -0.955759 0.05286 0.289363 190.593
0.292814 0.0760932 0.953137 459.757 0.0272039 0.995762 -0.0878535 -40.9554 -0.955783 0.0516538 0.289503 190.677
0.294357 0.07607 0.952663 460.008 0.0261731 0.995812 -0.0876024 -40.9787 -0.955337 0.0507205 0.291133 190.769
0.29599 0.0764487 0.952127 460.274 0.0242527 0.995869 -0.0875004 -41.0032 -0.954883 0.0489909 0.292913 190.854
0.298794 0.0766147 0.951237 460.549 0.0238363 0.995862 -0.0876961 -41.0283 -0.95402 0.048877 0.295731 190.945
0.302897 0.0765563 0.949944 460.822 0.0241242 0.995833 -0.0879467 -41.0531 -0.952718 0.0495554 0.299788 191.033
0.30939 0.0761537 0.947881 461.093 0.0248667 0.995799 -0.08812 -41.0788 -0.95061 0.0508341 0.306196 191.132
0.315794 0.0769626 0.945701 461.354 0.0236659 0.995756 -0.0889387 -41.1022 -0.948533 0.0504672 0.312632 191.226
0.32507 0.0775062 0.942509 461.628 0.022739 0.995707 -0.0897236 -41.1305 -0.945417 0.0505982 0.321912 191.333
0.335577 0.0788631 0.938706 461.91 0.020569 0.995639 -0.0909994 -41.1556 -0.941788 0.0498456 0.332492 191.444
0.347533 0.0786625 0.934362 462.196 0.0211105 0.995566 -0.0916672 -41.1873 -0.93743 0.0515822 0.344331 191.562
0.361698 0.0790159 0.928941 462.467 0.0191738 0.995561 -0.0921482 -41.2114 -0.932098 0.0511412 0.358577 191.684
0.376958 0.0806276 0.922715 462.752 0.0161494 0.99548 -0.0935835 -41.2388 -0.92609 0.0501783 0.373952 191.821
0.394427 0.0824037 0.915225 463.039 0.0123661 0.995405 -0.0949521 -41.2663 -0.918844 0.0487695 0.391596 191.964
0.413279 0.0842417 0.906699 463.312 0.00997023 0.995233 -0.097012 -41.2955 -0.91055 0.049133 0.410469 192.119
0.432543 0.0866062 0.897444 463.597 0.00867575 0.99493 -0.100195 -41.3289 -0.901572 0.0511248 0.429598 192.268
0.452244 0.087586 0.887583 463.878 0.00776691 0.994742 -0.102118 -41.3624 -0.89186 0.053076 0.449186 192.43
0.471786 0.0900315 0.877104 464.119 0.0022231 0.994649 -0.103293 -41.3908 -0.88171 0.050682 0.469061 192.598
0.485012 0.0947294 0.869362 464.38 -0.0037911 0.994334 -0.106232 -41.4179 -0.8745 0.0482278 0.482623 192.761
0.491926 0.0994892 0.864934 464.629 -0.0105581 0.994058 -0.108337 -41.4476 -0.870573 0.0441617 0.490054 192.93
0.490951 0.101644 0.865237 464.887 -0.0131007 0.993919 -0.109327 -41.4751 -0.871089 0.0423391 0.489298 193.078
0.485906 0.102539 0.867975 465.131 -0.0142112 0.99389 -0.109459 -41.5047 -0.873895 0.0408518 0.484394 193.216
0.476984 0.102966 0.87286 465.378 -0.0135048 0.993856 -0.109859 -41.5341 -0.878808 0.0406133 0.475444 193.338
0.463681 0.102695 0.880031 465.615 -0.0109081 0.993846 -0.110229 -41.5611 -0.885935 0.0415117 0.461947 193.457
0.448748 0.101991 0.887819 465.867 -0.00678438 0.993826 -0.11074 -41.5959 -0.893633 0.043671 0.446669 193.559
0.431683 0.100474 0.896412 466.065 -0.00145883 0.993854 -0.110693 -41.6194 -0.902024 0.0464766 0.429176 193.652
0.411431 0.0997034 0.905971 466.321 0.00212451 0.993891 -0.110344 -41.6503 -0.911439 0.0473236 0.408705 193.741
0.390093 0.100006 0.915328 466.572 0.00382568 0.9939 -0.110221 -41.6777 -0.920767 0.0464984 0.387331 193.83
0.369132 0.0999695 0.923985 466.834 0.00460817 0.993989 -0.109384 -41.7063 -0.929366 0.0446351 0.366452 193.909
0.348961 0.0991119 0.931881 467.09 0.00644854 0.994114 -0.108146 -41.7332 -0.937115 0.0437479 0.346268 193.994
0.329749 0.0979243 0.938976 467.357 0.0111879 0.994131 -0.107605 -41.7631 -0.944002 0.045988 0.326718 194.065
0.313416 0.0966232 0.944688 467.644 0.0169034 0.994085 -0.107284 -41.7976 -0.949466 0.0495928 0.309929 194.127
0.298281 0.0957139 0.949667 467.897 0.0211546 0.994052 -0.106832 -41.8292 -0.954244 0.0519557 0.294482 194.203
0.284545 0.0957441 0.95387 468.176 0.0212097 0.994128 -0.106112 -41.8572 -0.958428 0.0504249 0.280843 194.274
0.273933 0.0940679 0.957137 468.424 0.0217579 0.994344 -0.103952 -41.8825 -0.961503 0.0493012 0.270337 194.344
0.264369 0.0911287 0.960107 468.708 0.0242364 0.994584 -0.101075 -41.9127 -0.964117 0.0499905 0.260728 194.405
0.257582 0.0896666 0.962087 468.937 0.0257824 0.994693 -0.0996082 -41.9359 -0.965913 0.0504622 0.253903 194.466
0.255467 0.0898008 0.962638 469.194 0.0268832 0.994632 -0.0999197 -41.9653 -0.966444 0.051405 0.251681 194.525
0.257287 0.0902905 0.962108 469.422 0.0262262 0.994606 -0.100354 -41.9873 -0.965979 0.0510522 0.253531 194.592
0.264543 0.0894272 0.960219 469.639 0.027601 0.994581 -0.100232 -42.0096 -0.963979 0.0530186 0.260642 194.656
0.273582 0.0878859 0.957825 469.849 0.0296034 0.994576 -0.0997136 -42.033 -0.961393 0.0556348 0.269497 194.721
0.284805 0.0870869 0.954621 470.053 0.0283599 0.994663 -0.0992008 -42.0587 -0.958166 0.0553259 0.280816 194.799
0.298169 0.088828 0.950371 470.239 0.0226266 0.994723 -0.100072 -42.0778 -0.954245 0.0513421 0.294585 194.873
0.312066 0.0909927 0.945693 470.41 0.016997 0.994709 -0.101318 -42.0993 -0.949908 0.0476917 0.308868 194.954
0.326423 0.0912179 0.940812 470.561 0.0127612 0.994817 -0.100882 -42.1178 -0.945138 0.0449359 0.323567 195.032
0.341173 0.0894261 0.935737 470.733 0.0106611 0.995032 -0.0989799 -42.1361 -0.93994 0.0437452 0.338525 195.106
0.355691 0.087676 0.930482 470.861 0.0118266 0.995088 -0.0982845 -42.1519 -0.934529 0.0459634 0.352907 195.178
0.371965 0.0867176 0.924187 471.005 0.0205094 0.994616 -0.101581 -42.164 -0.92802 0.056739 0.368184 195.215
0.387166 0.0894071 0.917665 471.12 0.0255164 0.993867 -0.107597 -42.1903 -0.921657 0.0650734 0.38251 195.288
0.40245 0.0918601 0.910822 471.225 0.0229986 0.993624 -0.110373 -42.2023 -0.915153 0.0653673 0.397771 195.353
0.417091 0.0934611 0.904046 471.34 0.0143286 0.993899 -0.109361 -42.2117 -0.908752 0.0585671 0.413207 195.426
0.4306 0.0936152 0.897675 471.432 0.00737815 0.994208 -0.107222 -42.2196 -0.902513 0.0527928 0.427415 195.507
0.444145 0.0929121 0.891124 471.529 0.00406037 0.99439 -0.105703 -42.2305 -0.895946 0.0505656 0.441276 195.572
0.456365 0.0918581 0.885039 471.62 0.00362118 0.994457 -0.105082 -42.2433 -0.889786 0.0511605 0.453502 195.633
0.46875 0.0912725 0.878603 471.706 0.00277467 0.99449 -0.104792 -42.2529 -0.883327 0.0515589 0.465914 195.688
0.479511 0.0910356 0.872801 471.781 0.00191301 0.994494 -0.104779 -42.2605 -0.877534 0.0519127 0.476697 195.749
0.489815 0.0899047 0.867178 471.85 0.00181113 0.994562 -0.104134 -42.2682 -0.871825 0.052577 0.486988 195.807
0.499237 0.0876566 0.86202 471.937 0.00254154 0.994717 -0.102622 -42.2776 -0.866462 0.0534237 0.496377 195.861
0.507899 0.0876261 0.856948 471.984 0.000211726 0.9948 -0.101847 -42.2858 -0.861416 0.0519097 0.50524 195.91
0.515067 0.0916214 0.852239 472.051 -0.00654539 0.994662 -0.102977 -42.2973 -0.857125 0.0474618 0.512917 195.965
0.523699 0.0982199 0.846222 472.086 -0.0165455 0.994317 -0.10517 -42.3053 -0.851743 0.0410761 0.522348 196.013
0.53058 0.103329 0.841313 472.125 -0.0238202 0.993968 -0.107056 -42.3086 -0.8473 0.0367614 0.52984 196.058
0.534843 0.102772 0.838678 472.168 -0.0237867 0.994013 -0.106638 -42.3137 -0.844617 0.037085 0.534085 196.094
0.541218 0.097975 0.835155 472.216 -0.0196106 0.99439 -0.103947 -42.3213 -0.840654 0.03988 0.540103 196.124
0.546861 0.0927766 0.832067 472.261 -0.0147792 0.994756 -0.101203 -42.3283 -0.837093 0.0430468 0.545364 196.158
0.550467 0.0907037 0.829915 472.291 -0.0138092 0.994934 -0.0995797 -42.3332 -0.834743 0.0433548 0.548931 196.188
0.555522 0.0921407 0.826381 472.338 -0.0175651 0.99492 -0.0991248 -42.3377 -0.831316 0.0405505 0.554319 196.22
0.560538 0.0951992 0.822639 472.35 -0.0232739 0.994789 -0.0992625 -42.3378 -0.827802 0.0364944 0.559833 196.25
0.563477 0.0978985 0.82031 472.385 -0.0274721 0.994625 -0.0998311 -42.3398 -0.825675 0.033717 0.563138 196.285
