0.000000e+00
1.033914e-01
2.071056e-01
3.102615e-01
4.136209e-01
5.179293e-01
6.203887e-01
7.242193e-01
8.272107e-01
9.305570e-01
1.034070e+00
1.137438e+00
1.244258e+00
1.344229e+00
1.447568e+00
1.551083e+00
1.654521e+00
1.757843e+00
1.861353e+00
1.964724e+00
2.068236e+00
2.171620e+00
2.275131e+00
2.378626e+00
2.482010e+00
2.585514e+00
2.689023e+00
2.793694e+00
2.896139e+00
2.999556e+00
3.103545e+00
3.206573e+00
3.310078e+00
3.413963e+00
3.517076e+00
3.620721e+00
3.724674e+00
3.827725e+00
3.931241e+00
4.034871e+00
4.142151e+00
4.243437e+00
4.345966e+00
4.449183e+00
4.552519e+00
4.656235e+00
4.760815e+00
4.863788e+00
4.966824e+00
5.073257e+00
5.174268e+00
5.277498e+00
5.381142e+00
5.484644e+00
5.588095e+00
5.691619e+00
5.795223e+00
5.898736e+00
6.002373e+00
6.105870e+00
6.209506e+00
6.313021e+00
6.416516e+00
6.524037e+00
6.623722e+00
6.727294e+00
6.830809e+00
6.934429e+00
7.038067e+00
7.141701e+00
7.245330e+00
7.353300e+00
7.452592e+00
7.556580e+00
7.663357e+00
7.763356e+00
7.866988e+00
7.970621e+00
8.074250e+00
8.177962e+00
8.283921e+00
8.385961e+00
8.488779e+00
8.593446e+00
8.696029e+00
8.799662e+00
8.903911e+00
9.008027e+00
9.110580e+00
9.214197e+00
9.317832e+00
9.421456e+00
9.525112e+00
9.630085e+00
9.732384e+00
9.836009e+00
9.939685e+00
1.004390e+01
1.014677e+01
1.025036e+01
1.035367e+01
1.045717e+01
1.056299e+01
1.066453e+01
1.076705e+01
1.087022e+01
1.097342e+01
1.107720e+01
1.118019e+01
1.128415e+01
1.138590e+01
1.148898e+01
1.159255e+01
1.169527e+01
1.179949e+01
1.190171e+01
1.200482e+01
1.210800e+01
1.221119e+01
1.231450e+01
1.241765e+01
1.252105e+01
1.262455e+01
1.272743e+01
1.283073e+01
1.293413e+01
1.303771e+01
1.314165e+01
1.324421e+01
1.334803e+01
1.345277e+01
1.355488e+01
1.365796e+01
1.376127e+01
1.386467e+01
1.396817e+01
1.407164e+01
1.417505e+01
1.427860e+01
1.438212e+01
1.448550e+01
1.458897e+01
1.469245e+01
1.479597e+01
1.489949e+01
1.500287e+01
1.510640e+01
1.520987e+01
1.531336e+01
1.541675e+01
1.552022e+01
1.562392e+01
1.572720e+01
1.583062e+01
1.593425e+01
1.603941e+01
1.614091e+01
1.624430e+01
1.634828e+01
1.645345e+01
1.655445e+01
1.665802e+01
1.676140e+01
1.686471e+01
1.696808e+01
1.707343e+01
1.717558e+01
1.727948e+01
1.738334e+01
1.748544e+01
1.758887e+01
1.769388e+01
1.779578e+01
1.789936e+01
1.800309e+01
1.810634e+01
1.820979e+01
1.831337e+01
1.841719e+01
1.852047e+01
1.862397e+01
1.872749e+01
1.883095e+01
1.893468e+01
1.903803e+01
1.914151e+01
1.924550e+01
1.935180e+01
1.945211e+01
1.955775e+01
1.966007e+01
1.976396e+01
1.986698e+01
1.996985e+01
2.007335e+01
2.017718e+01
2.028031e+01
2.038385e+01
2.048764e+01
2.059089e+01
2.069425e+01
2.079773e+01
2.090208e+01
2.100461e+01
2.110820e+01
2.121357e+01
2.131610e+01
2.141797e+01
2.152429e+01
2.162480e+01
2.173033e+01
2.183300e+01
2.193617e+01
2.203841e+01
2.214192e+01
2.224529e+01
2.234879e+01
2.245217e+01
2.255569e+01
2.265944e+01
2.276249e+01
2.286596e+01
2.296953e+01
2.307297e+01
2.317661e+01
2.328004e+01
2.338467e+01
2.348762e+01
2.359065e+01
2.369454e+01
2.379821e+01
2.390351e+01
2.400458e+01
2.410822e+01
2.421321e+01
2.431511e+01
2.442210e+01
2.452242e+01
2.462531e+01
2.472875e+01
2.483220e+01
2.493558e+01
2.503909e+01
2.514250e+01
2.524597e+01
2.534936e+01
2.545275e+01
2.555630e+01
2.565963e+01
2.576316e+01
2.586653e+01
2.597023e+01
2.607453e+01
2.617779e+01
2.628004e+01
2.638451e+01
2.648695e+01
2.659019e+01
2.669358e+01
2.679695e+01
2.690036e+01
2.700385e+01
2.710725e+01
2.721060e+01
2.731399e+01
2.741742e+01
2.752075e+01
2.762417e+01
2.772769e+01
2.783108e+01
2.793446e+01
2.803782e+01
2.814105e+01
2.824442e+01
2.834803e+01
2.845134e+01
2.855481e+01
2.866087e+01
2.876183e+01
2.886683e+01
2.897069e+01
2.907355e+01
2.917674e+01
2.927933e+01
2.938483e+01
2.948639e+01
2.958938e+01
2.969289e+01
2.979633e+01
2.989982e+01
3.000317e+01
3.010656e+01
3.021163e+01
3.031333e+01
3.041669e+01
3.052007e+01
3.062358e+01
3.072698e+01
3.083033e+01
3.093384e+01
3.103735e+01
3.114277e+01
3.124424e+01
3.134774e+01
3.145126e+01
3.155559e+01
3.166173e+01
3.176320e+01
3.186588e+01
3.197085e+01
3.207411e+01
3.217664e+01
3.228017e+01
3.238256e+01
3.248611e+01
3.258989e+01
3.269468e+01
3.279656e+01
3.290229e+01
3.300343e+01
3.310680e+01
3.321160e+01
3.331472e+01
3.341709e+01
3.352052e+01
3.362398e+01
3.372776e+01
3.383082e+01
3.393465e+01
3.403788e+01
3.414223e+01
3.424470e+01
3.434807e+01
3.445159e+01
3.455509e+01
3.465910e+01
3.476471e+01
3.486617e+01
3.496903e+01
3.507486e+01
3.517679e+01
3.527949e+01
3.538277e+01
3.548628e+01
3.558968e+01
3.569316e+01
3.579654e+01
3.590004e+01
3.600601e+01
3.610820e+01
3.621030e+01
3.631370e+01
3.641707e+01
3.652046e+01
3.662397e+01
3.672736e+01
3.683074e+01
3.693469e+01
3.704037e+01
3.714102e+01
3.724470e+01
3.734788e+01
3.745140e+01
3.755479e+01
3.765815e+01
3.776167e+01
3.786507e+01
3.796855e+01
3.807239e+01
3.817612e+01
3.827881e+01
3.838232e+01
3.848583e+01
3.858933e+01
3.869272e+01
3.879634e+01
3.889992e+01
3.900324e+01
3.910687e+01
3.921038e+01
3.931388e+01
3.941743e+01
3.952090e+01
3.962430e+01
3.972799e+01
3.983129e+01
3.993480e+01
4.003830e+01
4.014168e+01
4.024519e+01
4.035054e+01
4.045208e+01
4.055606e+01
4.066016e+01
4.076408e+01
4.086586e+01
4.096936e+01
4.107276e+01
4.117682e+01
4.128276e+01
4.138511e+01
4.148677e+01
4.159269e+01
4.169329e+01
4.179667e+01
4.190018e+01
4.200356e+01
4.210694e+01
4.221032e+01
4.231383e+01
4.241760e+01
4.252059e+01
4.262397e+01
4.272736e+01
4.283073e+01
4.293415e+01
4.303739e+01
4.314076e+01
4.324471e+01
4.334761e+01
4.345091e+01
4.355516e+01
4.366034e+01
4.376228e+01
4.386530e+01
4.397143e+01
4.407164e+01
4.417679e+01
4.427866e+01
4.438209e+01
4.448572e+01
4.458915e+01
4.469296e+01
4.479676e+01
4.489958e+01
4.500306e+01
4.510714e+01
4.520990e+01
4.531346e+01
4.541689e+01
4.552035e+01
4.562368e+01
4.572718e+01
4.583055e+01
4.593394e+01
4.603744e+01
4.614084e+01
4.624420e+01
4.634774e+01
4.645110e+01
4.655447e+01
4.665798e+01
4.676138e+01
4.686495e+01
4.696825e+01
4.707177e+01
4.717520e+01
4.727852e+01
4.738204e+01
4.748546e+01
4.758892e+01
4.769230e+01
4.779580e+01
4.789919e+01
4.800263e+01
4.810595e+01
4.820933e+01
4.831278e+01
4.841610e+01
4.851948e+01
4.862287e+01
4.872612e+01
4.882938e+01
4.893276e+01
4.903615e+01
4.913941e+01
4.924278e+01
4.934662e+01
4.945221e+01
4.955303e+01
4.965658e+01
4.975958e+01
4.986354e+01
4.996633e+01
5.006933e+01
5.017272e+01
5.027612e+01
5.037934e+01
5.048368e+01
5.058657e+01
5.069100e+01
5.079343e+01
5.089620e+01
5.099958e+01
5.110300e+01
5.120627e+01
5.130966e+01
5.141361e+01
5.151692e+01
5.162230e+01
5.172340e+01
5.182676e+01
5.193013e+01
5.203354e+01
5.213691e+01
5.224039e+01
5.234373e+01
5.244713e+01
5.255054e+01
5.265464e+01
5.275746e+01
5.286093e+01
5.296430e+01
5.306780e+01
5.317124e+01
5.327469e+01
5.337812e+01
5.348155e+01
5.358511e+01
5.368850e+01
5.379207e+01
5.389551e+01
5.399902e+01
5.410239e+01
5.420594e+01
5.430943e+01
5.441274e+01
5.451628e+01
5.461969e+01
5.472320e+01
5.482664e+01
5.493003e+01
5.503352e+01
5.513696e+01
5.524038e+01
5.534374e+01
5.544705e+01
5.555062e+01
5.565399e+01
5.575751e+01
5.586074e+01
5.596416e+01
5.606746e+01
5.617095e+01
5.627429e+01
5.637767e+01
5.648105e+01
5.658442e+01
5.668766e+01
5.679105e+01
5.689435e+01
5.699768e+01
5.710096e+01
5.720436e+01
5.730763e+01
5.741089e+01
5.751420e+01
5.761751e+01
5.772078e+01
5.782409e+01
5.792736e+01
5.803061e+01
5.813390e+01
5.823724e+01
5.834050e+01
5.844383e+01
5.854707e+01
5.865044e+01
5.875366e+01
5.885711e+01
5.896041e+01
5.906368e+01
5.916711e+01
5.927046e+01
5.937386e+01
5.947716e+01
5.958054e+01
5.968378e+01
5.978717e+01
5.989036e+01
5.999368e+01
6.009704e+01
6.020033e+01
6.030358e+01
6.040676e+01
6.051003e+01
6.061329e+01
6.071668e+01
6.081992e+01
6.092331e+01
6.102663e+01
6.112994e+01
6.123320e+01
6.133645e+01
6.143983e+01
6.154314e+01
6.164643e+01
6.174977e+01
6.185303e+01
6.195629e+01
6.205954e+01
6.216294e+01
6.226619e+01
6.236943e+01
6.247279e+01
6.257620e+01
6.267943e+01
6.278278e+01
6.288616e+01
6.298954e+01
6.309292e+01
6.319620e+01
6.329956e+01
6.340281e+01
6.350620e+01
6.360946e+01
6.371284e+01
6.381609e+01
6.391945e+01
6.402262e+01
6.412587e+01
6.422912e+01
6.433241e+01
6.443568e+01
6.453906e+01
6.464235e+01
6.474571e+01
6.484905e+01
6.495228e+01
6.505565e+01
6.515882e+01
6.526212e+01
6.536548e+01
6.546878e+01
6.557196e+01
6.567541e+01
6.577866e+01
6.588197e+01
6.598518e+01
6.608854e+01
6.619175e+01
6.629514e+01
6.639840e+01
6.650371e+01
6.660504e+01
6.671206e+01
6.681153e+01
6.691481e+01
6.701818e+01
6.712237e+01
6.722470e+01
6.732799e+01
6.743136e+01
6.753461e+01
6.763802e+01
6.774123e+01
6.784455e+01
6.794774e+01
6.805117e+01
6.815489e+01
6.825770e+01
6.836101e+01
6.846430e+01
6.856775e+01
6.867092e+01
6.877469e+01
6.887762e+01
6.898102e+01
6.908425e+01
6.918764e+01
6.929096e+01
6.939441e+01
6.949752e+01
6.960087e+01
6.970449e+01
6.980800e+01
6.991095e+01
7.001415e+01
7.011800e+01
7.022157e+01
7.032429e+01
7.042961e+01
7.053093e+01
7.063429e+01
7.073803e+01
7.084196e+01
7.094638e+01
7.104930e+01
7.115122e+01
7.125537e+01
7.135974e+01
7.146215e+01
7.156446e+01
7.166800e+01
7.177195e+01
7.187471e+01
7.197787e+01
7.208441e+01
7.218472e+01
7.228802e+01
7.239408e+01
7.249511e+01
7.260151e+01
7.270142e+01
7.280481e+01
7.290819e+01
7.301157e+01
7.311492e+01
7.321820e+01
7.332224e+01
7.342509e+01
7.352847e+01
7.363280e+01
7.373530e+01
7.383863e+01
7.394201e+01
7.404538e+01
7.415073e+01
7.425233e+01
7.435566e+01
7.445910e+01
7.456249e+01
7.466589e+01
7.476928e+01
7.487280e+01
7.497610e+01
7.507951e+01
7.518288e+01
7.528627e+01
7.538954e+01
7.549290e+01
7.559626e+01
7.569968e+01
7.580298e+01
7.590626e+01
7.600952e+01
7.611293e+01
7.621617e+01
7.631951e+01
7.642260e+01
7.652672e+01
7.662892e+01
7.673232e+01
7.683538e+01
7.693890e+01
7.704177e+01
7.714494e+01
7.724812e+01
7.735139e+01
7.745453e+01
7.755792e+01
7.766129e+01
7.776493e+01
7.786856e+01
7.797219e+01
7.807579e+01
7.817943e+01
7.828303e+01
7.838678e+01
7.849035e+01
7.859392e+01
7.869763e+01
7.880095e+01
7.890433e+01
7.900771e+01
7.911422e+01
7.921494e+01
7.932229e+01
7.942200e+01
7.952451e+01
7.963189e+01
7.973366e+01
7.983367e+01
7.994011e+01
8.004483e+01
8.014416e+01
8.024595e+01
8.035071e+01
8.045369e+01
8.055553e+01
8.065844e+01
8.076343e+01
8.086496e+01
8.097164e+01
8.107167e+01
8.117486e+01
8.127810e+01
8.138147e+01
8.148488e+01
8.158812e+01
8.169163e+01
8.179501e+01
8.190022e+01
8.200179e+01
8.210698e+01
8.220852e+01
8.231204e+01
8.241542e+01
8.251884e+01
8.262427e+01
8.272618e+01
