0.000000e+00
1.037595e-01
2.075901e-01
3.116055e-01
4.150860e-01
5.188692e-01
6.226876e-01
7.264318e-01
8.301706e-01
9.339528e-01
1.037695e+00
1.141483e+00
1.245136e+00
1.348871e+00
1.452734e+00
1.556375e+00
1.660095e+00
1.763837e+00
1.867714e+00
1.971323e+00
2.074937e+00
2.178679e+00
2.282428e+00
2.386034e+00
2.489649e+00
2.593387e+00
2.697006e+00
2.800620e+00
2.904387e+00
3.008111e+00
3.111717e+00
3.215334e+00
3.319074e+00
3.422811e+00
3.526551e+00
3.630286e+00
3.733924e+00
3.837524e+00
3.941290e+00
4.044901e+00
4.148625e+00
4.252293e+00
4.355974e+00
4.459609e+00
4.563217e+00
4.666947e+00
4.770559e+00
4.874319e+00
4.977967e+00
5.081656e+00
5.185269e+00
5.288943e+00
5.392622e+00
5.496314e+00
5.600026e+00
5.703641e+00
5.807340e+00
5.910955e+00
6.014715e+00
6.118447e+00
6.221927e+00
6.325669e+00
6.429280e+00
6.533021e+00
6.636673e+00
6.740399e+00
6.844097e+00
6.947755e+00
7.051471e+00
7.155209e+00
7.258923e+00
7.362568e+00
7.466210e+00
7.569925e+00
7.673572e+00
7.777286e+00
7.881024e+00
7.984696e+00
8.088400e+00
8.192118e+00
8.295863e+00
8.399546e+00
8.503235e+00
8.606978e+00
8.710698e+00
8.814436e+00
8.918107e+00
9.021867e+00
9.125548e+00
9.229148e+00
9.332783e+00
9.436507e+00
9.540126e+00
9.643856e+00
9.747566e+00
9.851216e+00
9.954854e+00
1.005845e+01
1.016227e+01
1.026595e+01
1.036954e+01
1.047333e+01
1.057701e+01
1.068080e+01
1.078449e+01
1.088838e+01
1.099210e+01
1.109628e+01
1.119965e+01
1.130336e+01
1.140708e+01
1.151057e+01
1.161418e+01
1.171802e+01
1.182143e+01
1.192506e+01
1.202865e+01
1.213214e+01
1.223595e+01
1.233962e+01
1.244323e+01
1.254685e+01
1.265059e+01
1.275421e+01
1.285782e+01
1.296145e+01
1.306505e+01
1.316879e+01
1.327241e+01
1.337617e+01
1.347977e+01
1.358338e+01
1.368700e+01
1.379073e+01
1.389444e+01
1.399845e+01
1.410180e+01
1.420592e+01
1.430920e+01
1.441287e+01
1.451654e+01
1.462033e+01
1.472368e+01
1.482739e+01
1.493163e+01
1.503485e+01
1.513855e+01
1.524218e+01
1.534573e+01
1.544950e+01
1.555307e+01
1.565668e+01
1.576042e+01
1.586404e+01
1.596778e+01
1.607140e+01
1.617517e+01
1.627876e+01
1.638237e+01
1.648621e+01
1.658973e+01
1.669338e+01
1.679696e+01
1.690069e+01
1.700432e+01
1.710793e+01
1.721226e+01
1.731533e+01
1.741895e+01
1.752274e+01
1.762628e+01
1.773002e+01
1.783361e+01
1.793782e+01
1.804102e+01
1.814461e+01
1.824822e+01
1.835182e+01
1.845567e+01
1.855914e+01
1.866305e+01
1.876628e+01
1.886992e+01
1.897353e+01
1.907714e+01
1.918087e+01
1.928453e+01
1.938822e+01
1.949184e+01
1.959546e+01
1.969907e+01
1.980284e+01
1.990642e+01
2.001003e+01
2.011365e+01
2.021727e+01
2.032088e+01
2.042450e+01
2.052812e+01
2.063173e+01
2.073535e+01
2.083896e+01
2.094258e+01
2.104632e+01
2.114994e+01
2.125355e+01
2.135717e+01
2.146082e+01
2.156462e+01
2.166814e+01
2.177179e+01
2.187536e+01
2.197904e+01
2.208265e+01
2.218621e+01
2.229025e+01
2.239357e+01
2.249725e+01
2.260085e+01
2.270444e+01
2.280810e+01
2.291177e+01
2.301539e+01
2.311901e+01
2.322265e+01
2.332637e+01
2.343007e+01
2.353371e+01
2.363732e+01
2.374108e+01
2.384468e+01
2.394843e+01
2.405212e+01
2.415565e+01
2.425939e+01
2.436300e+01
2.446662e+01
2.457024e+01
2.467387e+01
2.477759e+01
2.488121e+01
2.498488e+01
2.508832e+01
2.519195e+01
2.529556e+01
2.539916e+01
2.550278e+01
2.560639e+01
2.571001e+01
2.581362e+01
2.591726e+01
2.602085e+01
2.612448e+01
2.622810e+01
2.633173e+01
2.643544e+01
2.653906e+01
2.664267e+01
2.674631e+01
2.684992e+01
2.695353e+01
2.705726e+01
2.716089e+01
2.726453e+01
2.736823e+01
2.747185e+01
2.757548e+01
2.767920e+01
2.778284e+01
2.788656e+01
2.799017e+01
2.809379e+01
2.819741e+01
2.830102e+01
2.840464e+01
2.850825e+01
2.861187e+01
2.871563e+01
2.881923e+01
2.892284e+01
2.902646e+01
2.913007e+01
2.923384e+01
2.933743e+01
2.944104e+01
2.954466e+01
2.964826e+01
2.975201e+01
2.985562e+01
2.995912e+01
3.006273e+01
3.016635e+01
3.026996e+01
3.037358e+01
3.047722e+01
3.058081e+01
3.068447e+01
3.078817e+01
3.089178e+01
3.099556e+01
3.109914e+01
3.120276e+01
3.130652e+01
3.141011e+01
3.151385e+01
3.161747e+01
3.172125e+01
3.182482e+01
3.192857e+01
3.203219e+01
3.213593e+01
3.223954e+01
3.234333e+01
3.244703e+01
3.255078e+01
3.265437e+01
3.275813e+01
3.286174e+01
3.296570e+01
3.307050e+01
3.317292e+01
3.327645e+01
3.338005e+01
3.348381e+01
3.358762e+01
3.369122e+01
3.379494e+01
3.389864e+01
3.400238e+01
3.410599e+01
3.420973e+01
3.431353e+01
3.441710e+01
3.452083e+01
3.462445e+01
3.472806e+01
3.483180e+01
3.493542e+01
3.503915e+01
3.514278e+01
3.524652e+01
3.535013e+01
3.545400e+01
3.555743e+01
3.566109e+01
3.576477e+01
3.586833e+01
3.597207e+01
3.607584e+01
3.617953e+01
3.628328e+01
3.638684e+01
3.649055e+01
3.659414e+01
3.669776e+01
3.680150e+01
3.690521e+01
3.700885e+01
3.711259e+01
3.721633e+01
3.731995e+01
3.742372e+01
3.752730e+01
3.763105e+01
3.773466e+01
3.783840e+01
3.794202e+01
3.804563e+01
3.814925e+01
3.825287e+01
3.835648e+01
3.846010e+01
3.856371e+01
3.866731e+01
3.877106e+01
3.887476e+01
3.897830e+01
3.908202e+01
3.918565e+01
3.928926e+01
3.939288e+01
3.949650e+01
3.960024e+01
3.970385e+01
3.980760e+01
3.991134e+01
4.001495e+01
4.011869e+01
4.022233e+01
4.032592e+01
4.042966e+01
4.053328e+01
4.063702e+01
4.074063e+01
4.084427e+01
4.094799e+01
4.105160e+01
4.115522e+01
4.125896e+01
4.136257e+01
4.146632e+01
4.156992e+01
4.167355e+01
4.177729e+01
4.188090e+01
4.198464e+01
4.208838e+01
4.219200e+01
4.229564e+01
4.239935e+01
4.250297e+01
4.260658e+01
4.271020e+01
4.281381e+01
4.291743e+01
4.302117e+01
4.312479e+01
4.322840e+01
4.333203e+01
4.343564e+01
4.353925e+01
4.364287e+01
4.374648e+01
4.385009e+01
4.395373e+01
4.405745e+01
4.416107e+01
4.426468e+01
4.436829e+01
4.447193e+01
4.457553e+01
4.467914e+01
4.478291e+01
4.488650e+01
4.499011e+01
4.509374e+01
4.519735e+01
4.530098e+01
4.540471e+01
4.550832e+01
4.561207e+01
4.571567e+01
4.581942e+01
4.592303e+01
4.602665e+01
4.613028e+01
4.623390e+01
4.633749e+01
4.644113e+01
4.654472e+01
4.664834e+01
4.675209e+01
4.685570e+01
4.695944e+01
4.706306e+01
4.716655e+01
4.727016e+01
4.737377e+01
4.747739e+01
4.758103e+01
4.768477e+01
4.778931e+01
4.789209e+01
4.799584e+01
4.809949e+01
4.820320e+01
4.830682e+01
4.841045e+01
4.851417e+01
4.861780e+01
4.872166e+01
4.882516e+01
4.892878e+01
4.903237e+01
4.913600e+01
4.923948e+01
4.934322e+01
4.944671e+01
4.955058e+01
4.965411e+01
4.975756e+01
4.986116e+01
4.996478e+01
5.006853e+01
5.017201e+01
5.027565e+01
5.037937e+01
5.048300e+01
5.058661e+01
5.069023e+01
5.079395e+01
5.089757e+01
5.100131e+01
5.110507e+01
5.120867e+01
5.131245e+01
5.141604e+01
5.151976e+01
5.162338e+01
5.172712e+01
5.183073e+01
5.193450e+01
5.203809e+01
5.214183e+01
5.224544e+01
5.234918e+01
5.245295e+01
5.255666e+01
5.266028e+01
5.276390e+01
5.286764e+01
5.297127e+01
5.307487e+01
5.317848e+01
5.328224e+01
5.338584e+01
5.348946e+01
5.359309e+01
5.369668e+01
5.380032e+01
5.390404e+01
5.400765e+01
5.411144e+01
5.421503e+01
5.431875e+01
5.442237e+01
5.452598e+01
5.462972e+01
5.473334e+01
5.483708e+01
5.494070e+01
5.504431e+01
5.514795e+01
5.525154e+01
5.535530e+01
5.545890e+01
5.556254e+01
5.566625e+01
5.576989e+01
5.587361e+01
5.597729e+01
5.608086e+01
5.618447e+01
5.628813e+01
5.639170e+01
5.649531e+01
5.659892e+01
5.670242e+01
5.680603e+01
5.690964e+01
5.701338e+01
5.711700e+01
5.722062e+01
5.732423e+01
5.742772e+01
5.753136e+01
5.763495e+01
5.773859e+01
5.784218e+01
5.794580e+01
5.804953e+01
5.815318e+01
5.825681e+01
5.836040e+01
5.846400e+01
5.856762e+01
5.867136e+01
5.877497e+01
5.887871e+01
5.898246e+01
5.908607e+01
5.918981e+01
5.929357e+01
5.939717e+01
5.950091e+01
5.960465e+01
5.970826e+01
5.981200e+01
5.991574e+01
6.001948e+01
6.012310e+01
6.022684e+01
6.033046e+01
6.043407e+01
6.053783e+01
6.064143e+01
6.074517e+01
6.084878e+01
6.095240e+01
6.105614e+01
6.115976e+01
6.126337e+01
6.136698e+01
6.147063e+01
6.157422e+01
6.167785e+01
6.178412e+01
6.188524e+01
6.198891e+01
6.209242e+01
6.219657e+01
6.230001e+01
6.240341e+01
6.250702e+01
6.261105e+01
6.271412e+01
6.281773e+01
6.292155e+01
6.302496e+01
6.312857e+01
6.323221e+01
6.333569e+01
6.343930e+01
6.354291e+01
6.364652e+01
6.375003e+01
6.385363e+01
6.395724e+01
6.406073e+01
6.416435e+01
6.426797e+01
6.437158e+01
6.447520e+01
6.457871e+01
6.468258e+01
6.478594e+01
6.488962e+01
6.499315e+01
6.509677e+01
6.520041e+01
6.530413e+01
6.540774e+01
6.551137e+01
6.561497e+01
6.571930e+01
6.582245e+01
6.592608e+01
6.602981e+01
6.613343e+01
6.623718e+01
6.634090e+01
6.644452e+01
6.654825e+01
6.665188e+01
6.675549e+01
6.685910e+01
6.696272e+01
6.706634e+01
6.716996e+01
6.727357e+01
6.737719e+01
6.748080e+01
6.758429e+01
6.768791e+01
6.779152e+01
6.789514e+01
6.799874e+01
6.810226e+01
6.820586e+01
6.830950e+01
6.841296e+01
6.851660e+01
6.862020e+01
6.872370e+01
6.882730e+01
6.893092e+01
6.903442e+01
6.913804e+01
6.924164e+01
6.934525e+01
6.944887e+01
6.955253e+01
6.965610e+01
6.975972e+01
6.986333e+01
6.996682e+01
7.007046e+01
7.017405e+01
7.027768e+01
7.038141e+01
7.048505e+01
7.058876e+01
7.069238e+01
7.079599e+01
7.089976e+01
7.100335e+01
7.110720e+01
7.121082e+01
7.131434e+01
7.141808e+01
7.152180e+01
7.162541e+01
7.172915e+01
7.183290e+01
7.193653e+01
7.204025e+01
7.214399e+01
7.224760e+01
7.235137e+01
7.245496e+01
7.255861e+01
7.266232e+01
7.276606e+01
7.286969e+01
7.297342e+01
7.307716e+01
7.318081e+01
7.328440e+01
7.338813e+01
7.349174e+01
7.359536e+01
7.369898e+01
7.380272e+01
7.390633e+01
7.401009e+01
7.411368e+01
7.421743e+01
7.432104e+01
7.442470e+01
7.452842e+01
7.463201e+01
7.473578e+01
7.483937e+01
7.494298e+01
7.504674e+01
7.515034e+01
7.525396e+01
7.535770e+01
7.546143e+01
7.556505e+01
7.566879e+01
7.577241e+01
7.587616e+01
7.597976e+01
7.608325e+01
7.618687e+01
7.629048e+01
7.639410e+01
7.649761e+01
7.660121e+01
7.670486e+01
7.680845e+01
7.691195e+01
7.701555e+01
7.711918e+01
7.722277e+01
7.732639e+01
7.743001e+01
7.753363e+01
7.763724e+01
7.774086e+01
7.784447e+01
7.794826e+01
7.805183e+01
7.815545e+01
7.825919e+01
7.836280e+01
7.846642e+01
7.857005e+01
7.867377e+01
7.877738e+01
7.888101e+01
7.898461e+01
7.908825e+01
7.919184e+01
7.929558e+01
7.939920e+01
7.950283e+01
7.960643e+01
7.971007e+01
7.981379e+01
7.991740e+01
8.002104e+01
8.012463e+01
8.022839e+01
8.033199e+01
8.043560e+01
8.053935e+01
8.064296e+01
8.074670e+01
8.085032e+01
8.095406e+01
8.105769e+01
8.116143e+01
8.126503e+01
8.136877e+01
8.147239e+01
8.157600e+01
8.167961e+01
8.178311e+01
8.188672e+01
8.199035e+01
8.209395e+01
8.219758e+01
8.230118e+01
8.240492e+01
8.250854e+01
8.261216e+01
8.271589e+01
8.281952e+01
8.292313e+01
8.302688e+01
8.313048e+01
8.323422e+01
8.333786e+01
8.344164e+01
8.354523e+01
8.364884e+01
8.375255e+01
8.385629e+01
8.396003e+01
8.406365e+01
8.416741e+01
8.427100e+01
8.437510e+01
8.447843e+01
8.458213e+01
8.468572e+01
8.478941e+01
8.489317e+01
8.499684e+01
8.510049e+01
8.520407e+01
8.530768e+01
8.541144e+01
8.551502e+01
8.561878e+01
8.572309e+01
8.582650e+01
8.592977e+01
8.603369e+01
8.613739e+01
8.624076e+01
8.634447e+01
8.644845e+01
8.655186e+01
8.665563e+01
8.675938e+01
8.686301e+01
8.696692e+01
8.707055e+01
8.717411e+01
8.727832e+01
8.738166e+01
8.748535e+01
8.758896e+01
8.769270e+01
8.779630e+01
8.790012e+01
8.800384e+01
8.810740e+01
8.821160e+01
8.831496e+01
8.841853e+01
8.852233e+01
8.862598e+01
8.872978e+01
8.883347e+01
8.893726e+01
8.904097e+01
8.914456e+01
8.924817e+01
8.935191e+01
8.945553e+01
8.955915e+01
8.966276e+01
8.976651e+01
8.987026e+01
8.997398e+01
9.007760e+01
9.018134e+01
9.028508e+01
9.038882e+01
9.049243e+01
9.059617e+01
9.069991e+01
9.080353e+01
9.090727e+01
9.101101e+01
9.111465e+01
9.121837e+01
9.132213e+01
9.142585e+01
9.152959e+01
9.163323e+01
9.173695e+01
9.184069e+01
9.194442e+01
9.204816e+01
9.215190e+01
9.225565e+01
9.235939e+01
9.246312e+01
9.256689e+01
9.267048e+01
9.277425e+01
9.287797e+01
9.298170e+01
9.308545e+01
9.318921e+01
9.329293e+01
9.339654e+01
9.350028e+01
9.360402e+01
9.370767e+01
9.381138e+01
9.391512e+01
9.401890e+01
9.412248e+01
9.422629e+01
9.432983e+01
9.443357e+01
9.453720e+01
9.464080e+01
9.474454e+01
9.484829e+01
9.495189e+01
9.505566e+01
9.515937e+01
9.526312e+01
9.536673e+01
9.547047e+01
9.557409e+01
9.567783e+01
9.578157e+01
9.588520e+01
9.598880e+01
9.609254e+01
9.619616e+01
9.629977e+01
9.640341e+01
9.650713e+01
9.661091e+01
9.671450e+01
9.681822e+01
9.692184e+01
9.702558e+01
9.712932e+01
9.723306e+01
9.733681e+01
9.744042e+01
9.754416e+01
9.764790e+01
9.775164e+01
9.785525e+01
9.795899e+01
9.806274e+01
9.816652e+01
9.827011e+01
9.837383e+01
9.847745e+01
9.858106e+01
9.868480e+01
9.878842e+01
9.889215e+01
9.899577e+01
9.909951e+01
9.920313e+01
9.930675e+01
9.941036e+01
9.951397e+01
9.961773e+01
9.972133e+01
9.982507e+01
9.992869e+01
1.000324e+02
1.001362e+02
1.002398e+02
1.003435e+02
1.004471e+02
1.005508e+02
1.006544e+02
1.007580e+02
1.008616e+02
1.009652e+02
1.010688e+02
1.011724e+02
1.012762e+02
1.013798e+02
1.014834e+02
1.015870e+02
1.016906e+02
1.017943e+02
1.018979e+02
1.020016e+02
1.021052e+02
1.022089e+02
1.023126e+02
1.024162e+02
1.025200e+02
1.026236e+02
1.027273e+02
1.028309e+02
1.029347e+02
1.030383e+02
1.031420e+02
1.032457e+02
1.033494e+02
1.034530e+02
1.035567e+02
1.036603e+02
1.037641e+02
1.038677e+02
1.039713e+02
1.040751e+02
1.041787e+02
1.042823e+02
1.043860e+02
1.044898e+02
1.045934e+02
1.046973e+02
1.048009e+02
1.049046e+02
1.050084e+02
1.051121e+02
1.052159e+02
1.053194e+02
1.054232e+02
1.055269e+02
1.056307e+02
1.057344e+02
1.058381e+02
1.059419e+02
1.060456e+02
1.061494e+02
1.062531e+02
1.063570e+02
1.064608e+02
1.065645e+02
1.066682e+02
1.067719e+02
1.068757e+02
1.069793e+02
1.070832e+02
1.071869e+02
1.072905e+02
1.073943e+02
1.074980e+02
1.076016e+02
1.077054e+02
1.078091e+02
1.079128e+02
1.080164e+02
1.081202e+02
1.082239e+02
1.083276e+02
1.084312e+02
1.085349e+02
1.086388e+02
1.087426e+02
1.088459e+02
1.089497e+02
1.090532e+02
1.091569e+02
1.092605e+02
1.093644e+02
1.094679e+02
1.095716e+02
1.096753e+02
1.097791e+02
1.098827e+02
1.099864e+02
1.100901e+02
1.101939e+02
1.102976e+02
1.104014e+02
1.105051e+02
1.106089e+02
1.107125e+02
1.108162e+02
1.109200e+02
1.110236e+02
1.111273e+02
1.112310e+02
1.113347e+02
1.114384e+02
1.115420e+02
1.116458e+02
1.117494e+02
1.118530e+02
1.119566e+02
1.120602e+02
1.121638e+02
1.122684e+02
1.123709e+02
1.124746e+02
1.125782e+02
1.126817e+02
1.127856e+02
1.128898e+02
1.129924e+02
1.130960e+02
1.131996e+02
1.133032e+02
1.134073e+02
1.135105e+02
1.136142e+02
1.137179e+02
1.138238e+02
1.139252e+02
1.140288e+02
